item_fat_content,item_identifier,item_type,outlet_establishment_year,outlet_identifier,outlet_location_type,outlet_size,outlet_type,item_visibility,item_weight,sales,rating
Regular,FDX32,Fruits and Vegetables,2012.0,OUT049,Tier 1,Medium,Supermarket Type1,0.100014,15.1,145.4786,5.0
Low Fat,NCB42,Health and Hygiene,2022.0,OUT018,Tier 3,Medium,Supermarket Type2,0.008596,11.8,115.3492,5.0
Regular,FDR28,Frozen Foods,2016.0,OUT046,Tier 1,Small,Supermarket Type1,0.025896,13.85,165.021,5.0
Regular,FDL50,Canned,2014.0,OUT013,Tier 3,High,Supermarket Type1,0.042278,12.15,126.5046,5.0
Low Fat,DRI25,Soft Drinks,2015.0,OUT045,Tier 2,Small,Supermarket Type1,0.03397,19.6,55.1614,5.0
Low Fat,FDS52,Frozen Foods,2020.0,OUT017,Tier 2,Small,Supermarket Type1,0.005505,8.89,102.4016,5.0
Low Fat,NCU05,Health and Hygiene,2011.0,OUT010,Tier 3,Small,Grocery Store,0.098312,11.8,81.4618,5.0
Low Fat,NCD30,Household,2015.0,OUT045,Tier 2,Small,Supermarket Type1,0.026904,19.7,96.0726,5.0
Low Fat,FDW20,Fruits and Vegetables,2014.0,OUT013,Tier 3,High,Supermarket Type1,0.024129,20.75,124.173,5.0
Low Fat,FDX25,Canned,2018.0,OUT027,Tier 3,Medium,Supermarket Type3,0.101562,12.6,181.9292,5.0
Low Fat,FDX21,Snack Foods,2018.0,OUT027,Tier 3,Medium,Supermarket Type3,0.084555,12.6,109.8912,5.0
Low Fat,NCU41,Health and Hygiene,2017.0,OUT035,Tier 2,Small,Supermarket Type1,0.052045,18.85,192.1846,5.0
Low Fat,FDL20,Fruits and Vegetables,2022.0,OUT018,Tier 3,Medium,Supermarket Type2,0.128938,17.1,112.3886,5.0
Low Fat,NCR54,Household,2014.0,OUT013,Tier 3,High,Supermarket Type1,0.090487,16.35,195.211,5.0
Low Fat,FDH19,Meat,2018.0,OUT027,Tier 3,Medium,Supermarket Type3,0.032928,12.6,173.1738,5.0
Regular,FDB57,Fruits and Vegetables,2017.0,OUT035,Tier 2,Small,Supermarket Type1,0.018802,20.25,222.1772,5.0
Low Fat,FDO23,Breads,2022.0,OUT018,Tier 3,Medium,Supermarket Type2,0.147024,17.85,93.7436,5.0
Low Fat,NCB07,Household,2012.0,OUT049,Tier 1,Medium,Supermarket Type1,0.077628,19.2,197.611,5.0
Low Fat,FDJ56,Fruits and Vegetables,2018.0,OUT027,Tier 3,Medium,Supermarket Type3,0.182515,12.6,98.77,5.0
Low Fat,DRN47,Hard Drinks,2022.0,OUT018,Tier 3,Medium,Supermarket Type2,0.016895,12.1,178.566,5.0
Regular,FDZ07,Fruits and Vegetables,2018.0,OUT027,Tier 3,Medium,Supermarket Type3,0.0,12.6,60.2194,5.0
Low Fat,NCK31,Others,2018.0,OUT027,Tier 3,Medium,Supermarket Type3,0.026917,12.6,50.9666,5.0
Low Fat,FDJ41,Frozen Foods,2022.0,OUT018,Tier 3,Medium,Supermarket Type2,0.022976,6.85,261.6594,5.0
Low Fat,DRI51,Dairy,2022.0,OUT018,Tier 3,Medium,Supermarket Type2,0.042414,17.25,173.1764,5.0
Regular,FDC40,Dairy,2020.0,OUT017,Tier 2,Medium,Supermarket Type1,0.065432,16.0,76.1986,5.0
Low Fat,FDB53,Frozen Foods,2020.0,OUT017,Tier 2,Medium,Supermarket Type1,0.140241,13.35,150.2392,5.0
Low Fat,FDA16,Frozen Foods,2017.0,OUT035,Tier 2,Small,Supermarket Type1,0.033936,6.695,221.9456,5.0
Regular,FDO19,Fruits and Vegetables,2018.0,OUT027,Tier 3,Medium,Supermarket Type3,0.016516,12.6,47.4034,5.0
Low Fat,FDO04,Frozen Foods,2016.0,OUT046,Tier 1,Small,Supermarket Type1,0.026537,16.6,57.2614,5.0
Regular,FDL25,Breakfast,2012.0,OUT049,Tier 1,Medium,Supermarket Type1,0.131128,6.92,93.1804,5.0
Low Fat,NCJ30,Household,2016.0,OUT046,Tier 1,Small,Supermarket Type1,0.08064,5.82,167.779,5.0
Low Fat,NCQ41,Health and Hygiene,2014.0,OUT013,Tier 3,High,Supermarket Type1,0.019464,14.8,196.3794,5.0
Low Fat,DRJ35,Hard Drinks,2014.0,OUT013,Tier 3,High,Supermarket Type1,0.046546,10.1,59.9878,5.0
Low Fat,NCE31,Household,2014.0,OUT013,Tier 3,High,Supermarket Type1,0.18469,7.67,35.4216,5.0
Low Fat,FDY09,Snack Foods,2020.0,OUT017,Tier 2,Medium,Supermarket Type1,0.025343,15.6,174.3054,5.0
Low Fat,FDZ04,Frozen Foods,2014.0,OUT013,Tier 3,High,Supermarket Type1,0.037924,9.31,61.651,5.0
Low Fat,FDY07,Fruits and Vegetables,2015.0,OUT045,Tier 2,Medium,Supermarket Type1,0.121848,11.8,46.8402,5.0
Regular,FDO45,Snack Foods,2015.0,OUT045,Tier 2,Medium,Supermarket Type1,0.03803,13.15,88.6856,5.0
Low Fat,FDB09,Fruits and Vegetables,2012.0,OUT049,Tier 1,Medium,Supermarket Type1,0.057485,16.25,126.2046,5.0
Regular,FDP51,Meat,2016.0,OUT046,Tier 1,Small,Supermarket Type1,0.085275,13.85,119.6124,5.0
Regular,FDT50,Dairy,2014.0,OUT013,Tier 3,High,Supermarket Type1,0.108149,6.75,95.6752,5.0
Regular,FDQ08,Fruits and Vegetables,2018.0,OUT027,Tier 3,Medium,Supermarket Type3,0.018839,12.6,62.9536,5.0
Low Fat,DRL11,Hard Drinks,2015.0,OUT045,Tier 2,Medium,Supermarket Type1,0.048116,10.5,159.0946,5.0
Low Fat,FDT34,Snack Foods,2012.0,OUT049,Tier 1,Medium,Supermarket Type1,0.174621,9.3,104.2964,5.0
Regular,FDP01,Breakfast,2011.0,OUT010,Tier 3,Medium,Grocery Store,0.105995,20.75,150.5682,5.0
Low Fat,NCJ31,Others,2014.0,OUT013,Tier 3,High,Supermarket Type1,0.182502,19.2,239.2196,5.0
Low Fat,NCL30,Household,2017.0,OUT035,Tier 2,Small,Supermarket Type1,0.048931,18.1,127.3336,5.0
Low Fat,FDF04,Frozen Foods,2012.0,OUT049,Tier 1,Medium,Supermarket Type1,0.013658,17.5,256.3304,5.0
Low Fat,NCZ42,Household,2012.0,OUT049,Tier 1,Medium,Supermarket Type1,0.011305,10.5,235.5248,5.0
Low Fat,FDG24,Baking Goods,2012.0,OUT049,Tier 1,Medium,Supermarket Type1,0.014654,7.975,82.425,5.0
Low Fat,FDV49,Canned,2012.0,OUT049,Tier 1,Medium,Supermarket Type1,0.025867,10.0,264.6226,5.0
Low Fat,FDX01,Canned,2012.0,OUT049,Tier 1,Medium,Supermarket Type1,0.024202,10.1,114.915,5.0
Low Fat,DRF27,Dairy,2012.0,OUT049,Tier 1,Medium,Supermarket Type1,0.028461,8.93,152.234,5.0
Low Fat,FDF16,Frozen Foods,2012.0,OUT049,Tier 1,Medium,Supermarket Type1,0.086266,7.3,147.2076,5.0
Low Fat,FDU04,Frozen Foods,2012.0,OUT049,Tier 1,Medium,Supermarket Type1,0.005557,7.93,122.1414,5.0
Low Fat,FDP04,Frozen Foods,2012.0,OUT049,Tier 1,Medium,Supermarket Type1,0.013834,15.35,62.7168,5.0
Low Fat,FDD05,Frozen Foods,2012.0,OUT049,Tier 1,Medium,Supermarket Type1,0.016637,19.35,120.9098,5.0
Low Fat,FDV07,Fruits and Vegetables,2012.0,OUT049,Tier 1,Medium,Supermarket Type1,0.031332,9.5,111.1228,5.0
Low Fat,FDT20,Fruits and Vegetables,2012.0,OUT049,Tier 1,Medium,Supermarket Type1,0.04146,10.5,39.2164,5.0
Low Fat,FDC44,Fruits and Vegetables,2012.0,OUT049,Tier 1,Medium,Supermarket Type1,0.0,15.6,111.9518,5.0
Low Fat,DRM59,Hard Drinks,2012.0,OUT049,Tier 1,Medium,Supermarket Type1,0.003598,5.88,153.8998,5.0
Low Fat,DRG23,Hard Drinks,2012.0,OUT049,Tier 1,Medium,Supermarket Type1,0.086916,8.88,153.3682,5.0
Low Fat,NCJ29,Health and Hygiene,2012.0,OUT049,Tier 1,Medium,Supermarket Type1,0.035248,10.6,84.7224,5.0
Low Fat,NCM42,Household,2012.0,OUT049,Tier 1,Medium,Supermarket Type1,0.028366,6.13,110.0912,5.0
Low Fat,NCY42,Household,2012.0,OUT049,Tier 1,Medium,Supermarket Type1,0.015186,6.38,144.947,5.0
Low Fat,NCX54,Household,2012.0,OUT049,Tier 1,Medium,Supermarket Type1,0.048135,9.195,107.7622,5.0
Low Fat,NCI06,Household,2012.0,OUT049,Tier 1,Medium,Supermarket Type1,0.047792,11.3,180.766,5.0
Low Fat,NCQ02,Household,2012.0,OUT049,Tier 1,Medium,Supermarket Type1,0.007468,12.6,186.9556,5.0
Low Fat,NCR38,Household,2012.0,OUT049,Tier 1,Medium,Supermarket Type1,0.113695,17.25,253.4724,5.0
Low Fat,NCM30,Household,2012.0,OUT049,Tier 1,Medium,Supermarket Type1,0.0674,19.1,41.9796,5.0
Low Fat,FDK43,Meat,2012.0,OUT049,Tier 1,Medium,Supermarket Type1,0.026882,9.8,126.302,5.0
Low Fat,FDK21,Snack Foods,2012.0,OUT049,Tier 1,Medium,Supermarket Type1,0.010028,7.905,249.6408,5.0
Low Fat,FDR45,Snack Foods,2012.0,OUT049,Tier 1,Medium,Supermarket Type1,0.028988,10.8,239.2222,5.0
Low Fat,FDV09,Snack Foods,2012.0,OUT049,Tier 1,Medium,Supermarket Type1,0.020601,12.1,147.5734,5.0
Regular,FDU12,Baking Goods,2012.0,OUT049,Tier 1,Medium,Supermarket Type1,0.075869,15.5,261.7568,5.0
Regular,FDZ47,Baking Goods,2012.0,OUT049,Tier 1,Medium,Supermarket Type1,0.07942,20.7,99.8042,5.0
Regular,FDO11,Breads,2012.0,OUT049,Tier 1,Medium,Supermarket Type1,0.030312,8.0,247.4092,5.0
Regular,FDU49,Canned,2012.0,OUT049,Tier 1,Medium,Supermarket Type1,0.030742,19.5,85.554,5.0
Regular,FDA02,Dairy,2012.0,OUT049,Tier 1,Medium,Supermarket Type1,0.029769,14.0,145.4786,5.0
Regular,FDV26,Dairy,2012.0,OUT049,Tier 1,Medium,Supermarket Type1,0.0,20.25,194.2794,5.0
Regular,FDA04,Frozen Foods,2012.0,OUT049,Tier 1,Medium,Supermarket Type1,0.066834,11.3,257.2962,5.0
Regular,FDO52,Frozen Foods,2012.0,OUT049,Tier 1,Medium,Supermarket Type1,0.077285,11.6,172.4106,5.0
Regular,FDA40,Frozen Foods,2012.0,OUT049,Tier 1,Medium,Supermarket Type1,0.099426,16.0,87.0856,5.0
Regular,FDS27,Meat,2012.0,OUT049,Tier 1,Medium,Supermarket Type1,0.012478,10.195,197.111,5.0
Regular,FDU15,Meat,2012.0,OUT049,Tier 1,Medium,Supermarket Type1,0.026643,13.65,37.9532,5.0
Regular,FDV33,Snack Foods,2012.0,OUT049,Tier 1,Medium,Supermarket Type1,0.027386,9.6,259.2304,5.0
Regular,FDV34,Snack Foods,2012.0,OUT049,Tier 1,Medium,Supermarket Type1,0.011443,10.695,73.5038,5.0
Regular,FDX46,Snack Foods,2012.0,OUT049,Tier 1,Medium,Supermarket Type1,0.058207,12.3,59.1562,5.0
Low Fat,NCA53,Health and Hygiene,2012.0,OUT049,Tier 1,Medium,Supermarket Type1,0.009894,11.395,50.3034,5.0
Regular,FDT24,Baking Goods,2012.0,OUT049,Tier 1,Medium,Supermarket Type1,0.186148,12.35,78.2328,5.0
Regular,FDX27,Dairy,2012.0,OUT049,Tier 1,Medium,Supermarket Type1,0.114295,20.7,94.9436,5.0
Low Fat,NCQ38,Others,2018.0,OUT019,Tier 1,Small,Grocery Store,0.023403,12.6,108.228,5.0
Low Fat,FDK02,Canned,2018.0,OUT019,Tier 1,Small,Grocery Store,0.196491,12.6,120.544,5.0
Low Fat,FDI15,Dairy,2018.0,OUT019,Tier 1,Small,Grocery Store,0.24749,12.6,263.1884,5.0
Low Fat,FDE09,Fruits and Vegetables,2018.0,OUT019,Tier 1,Small,Grocery Store,0.037825,12.6,109.7228,5.0
Low Fat,FDS55,Fruits and Vegetables,2018.0,OUT019,Tier 1,Small,Grocery Store,0.142108,12.6,150.3734,5.0
Low Fat,FDZ56,Fruits and Vegetables,2018.0,OUT019,Tier 1,Small,Grocery Store,0.045062,12.6,167.5474,5.0
Low Fat,NCA05,Health and Hygiene,2018.0,OUT019,Tier 1,Small,Grocery Store,0.044,12.6,148.2734,5.0
Low Fat,NCK29,Health and Hygiene,2018.0,OUT019,Tier 1,Small,Grocery Store,0.0,12.6,123.473,5.0
Low Fat,NCU29,Health and Hygiene,2018.0,OUT019,Tier 1,Small,Grocery Store,0.044608,12.6,145.976,5.0
Low Fat,NCX41,Health and Hygiene,2018.0,OUT019,Tier 1,Small,Grocery Store,0.031024,12.6,210.5244,5.0
Low Fat,NCG07,Household,2018.0,OUT019,Tier 1,Small,Grocery Store,0.091924,12.6,189.753,5.0
Low Fat,NCI30,Household,2018.0,OUT019,Tier 1,Small,Grocery Store,0.103188,12.6,244.346,5.0
Low Fat,NCR54,Household,2018.0,OUT019,Tier 1,Small,Grocery Store,0.158563,12.6,194.711,5.0
Low Fat,NCT06,Household,2018.0,OUT019,Tier 1,Small,Grocery Store,0.067824,12.6,167.7842,5.0
Low Fat,FDN15,Meat,2018.0,OUT019,Tier 1,Small,Grocery Store,0.029299,12.6,140.318,5.0
Low Fat,FDJ45,Seafood,2018.0,OUT019,Tier 1,Small,Grocery Store,0.128533,12.6,34.2216,5.0
Regular,FDL13,Breakfast,2018.0,OUT019,Tier 1,Small,Grocery Store,0.098607,12.6,232.73,5.0
Regular,FDL02,Canned,2018.0,OUT019,Tier 1,Small,Grocery Store,0.182237,12.6,107.1622,5.0
Regular,FDF56,Fruits and Vegetables,2018.0,OUT019,Tier 1,Small,Grocery Store,0.209163,12.6,179.1976,5.0
Regular,FDQ27,Meat,2018.0,OUT019,Tier 1,Small,Grocery Store,0.077481,12.6,101.399,5.0
Regular,FDG35,Starchy Foods,2018.0,OUT019,Tier 1,Small,Grocery Store,0.012328,12.6,173.8738,5.0
Regular,FDD38,Canned,2018.0,OUT019,Tier 1,Small,Grocery Store,0.014343,12.6,103.7674,5.0
Regular,FDE41,Frozen Foods,2018.0,OUT019,Tier 1,Small,Grocery Store,0.0,12.6,83.7566,5.0
Low Fat,FDP24,Baking Goods,2016.0,OUT046,Tier 1,Small,Supermarket Type1,0.083004,20.6,119.4756,5.0
Low Fat,FDH38,Canned,2016.0,OUT046,Tier 1,Small,Supermarket Type1,0.010438,6.425,115.8808,5.0
Low Fat,FDT49,Canned,2016.0,OUT046,Tier 1,Small,Supermarket Type1,0.151406,7.0,107.728,5.0
Low Fat,FDN02,Canned,2016.0,OUT046,Tier 1,Small,Supermarket Type1,0.073828,16.5,208.8638,5.0
Low Fat,DRF27,Dairy,2016.0,OUT046,Tier 1,Small,Supermarket Type1,0.028417,8.93,154.534,5.0
Low Fat,FDT02,Dairy,2016.0,OUT046,Tier 1,Small,Supermarket Type1,0.024195,12.6,36.1874,5.0
Low Fat,FDF05,Frozen Foods,2016.0,OUT046,Tier 1,Small,Supermarket Type1,0.026871,17.5,264.491,5.0
Low Fat,FDI45,Fruits and Vegetables,2016.0,OUT046,Tier 1,Small,Supermarket Type1,0.037581,13.1,175.5054,5.0
Low Fat,FDZ20,Fruits and Vegetables,2016.0,OUT046,Tier 1,Small,Supermarket Type1,0.034307,16.1,252.3356,5.0
Low Fat,NCC42,Health and Hygiene,2016.0,OUT046,Tier 1,Small,Supermarket Type1,0.044908,15.0,140.2838,5.0
Low Fat,NCQ53,Health and Hygiene,2016.0,OUT046,Tier 1,Small,Supermarket Type1,0.018905,17.6,234.659,5.0
Low Fat,NCR54,Household,2016.0,OUT046,Tier 1,Small,Supermarket Type1,0.090562,16.35,198.211,5.0
Low Fat,NCX06,Household,2016.0,OUT046,Tier 1,Small,Supermarket Type1,0.015687,17.6,182.6976,5.0
Low Fat,NCO06,Household,2016.0,OUT046,Tier 1,Small,Supermarket Type1,0.10803,19.25,32.4558,5.0
Low Fat,NCN54,Household,2016.0,OUT046,Tier 1,Small,Supermarket Type1,0.021326,20.35,76.1328,5.0
Low Fat,FDL27,Meat,2016.0,OUT046,Tier 1,Small,Supermarket Type1,0.010631,6.17,65.9826,5.0
Low Fat,FDV51,Meat,2016.0,OUT046,Tier 1,Small,Supermarket Type1,0.032539,16.35,165.7842,5.0
Low Fat,FDC46,Snack Foods,2016.0,OUT046,Tier 1,Small,Supermarket Type1,0.116542,17.7,182.6266,5.0
Low Fat,FDZ58,Snack Foods,2016.0,OUT046,Tier 1,Small,Supermarket Type1,0.052177,17.85,122.8072,5.0
Low Fat,FDN21,Snack Foods,2016.0,OUT046,Tier 1,Small,Supermarket Type1,0.076856,18.6,161.0236,5.0
Low Fat,FDO58,Snack Foods,2016.0,OUT046,Tier 1,Small,Supermarket Type1,0.039577,19.6,166.1526,5.0
Low Fat,DRD24,Soft Drinks,2016.0,OUT046,Tier 1,Small,Supermarket Type1,0.030795,13.85,143.3154,5.0
Low Fat,DRI37,Soft Drinks,2016.0,OUT046,Tier 1,Small,Supermarket Type1,0.107598,15.85,58.7904,5.0
Regular,FDI12,Baking Goods,2016.0,OUT046,Tier 1,Small,Supermarket Type1,0.100399,9.395,89.6856,5.0
Regular,FDP12,Baking Goods,2016.0,OUT046,Tier 1,Small,Supermarket Type1,0.045267,9.8,36.9874,5.0
Regular,FDO01,Breakfast,2016.0,OUT046,Tier 1,Small,Supermarket Type1,0.020719,21.1,130.4994,5.0
Regular,FDZ37,Canned,2016.0,OUT046,Tier 1,Small,Supermarket Type1,0.019769,8.1,88.6198,5.0
Regular,FDJ15,Dairy,2016.0,OUT046,Tier 1,Small,Supermarket Type1,0.023322,11.35,182.5608,5.0
Regular,FDM04,Frozen Foods,2016.0,OUT046,Tier 1,Small,Supermarket Type1,0.047121,9.195,53.1666,5.0
Regular,FDI40,Frozen Foods,2016.0,OUT046,Tier 1,Small,Supermarket Type1,0.125603,11.5,100.8358,5.0
Regular,FDX04,Frozen Foods,2016.0,OUT046,Tier 1,Small,Supermarket Type1,0.041572,19.6,49.9376,5.0
Regular,FDS15,Meat,2016.0,OUT046,Tier 1,Small,Supermarket Type1,0.078061,9.195,106.3596,5.0
Regular,FDJ57,Seafood,2016.0,OUT046,Tier 1,Small,Supermarket Type1,0.021574,7.42,184.6582,5.0
Regular,FDG21,Seafood,2016.0,OUT046,Tier 1,Small,Supermarket Type1,0.1463,17.35,150.405,5.0
Regular,FDW21,Snack Foods,2016.0,OUT046,Tier 1,Small,Supermarket Type1,0.005964,5.34,99.5358,5.0
Regular,FDX10,Snack Foods,2016.0,OUT046,Tier 1,Small,Supermarket Type1,0.123711,6.385,37.1874,5.0
Low Fat,DRI51,Dairy,2015.0,OUT045,Tier 2,Medium,Supermarket Type1,0.0,17.25,171.5764,5.0
Low Fat,NCZ17,Health and Hygiene,2020.0,OUT017,Tier 2,Medium,Supermarket Type1,0.0,12.15,39.1506,5.0
Low Fat,DRE25,Soft Drinks,2020.0,OUT017,Tier 2,Medium,Supermarket Type1,0.073698,15.35,91.912,5.0
Low Fat,FDT60,Baking Goods,2015.0,OUT045,Tier 2,Medium,Supermarket Type1,0.075702,12.0,124.6388,5.0
Low Fat,FDN24,Baking Goods,2015.0,OUT045,Tier 2,Medium,Supermarket Type1,0.113497,14.1,56.1956,5.0
Low Fat,FDO37,Breakfast,2015.0,OUT045,Tier 2,Medium,Supermarket Type1,0.02142,8.06,232.0326,5.0
Low Fat,FDI14,Canned,2015.0,OUT045,Tier 2,Medium,Supermarket Type1,0.08986,14.1,140.2496,5.0
Low Fat,FDW37,Canned,2015.0,OUT045,Tier 2,Medium,Supermarket Type1,0.124302,19.2,89.7488,5.0
Low Fat,DRC27,Dairy,2015.0,OUT045,Tier 2,Medium,Supermarket Type1,0.05822,13.8,247.4802,5.0
Low Fat,FDK16,Frozen Foods,2015.0,OUT045,Tier 2,Medium,Supermarket Type1,0.115564,9.065,96.0094,5.0
Low Fat,FDK41,Frozen Foods,2015.0,OUT045,Tier 2,Medium,Supermarket Type1,0.1278,14.3,83.6224,5.0
Low Fat,FDY31,Fruits and Vegetables,2015.0,OUT045,Tier 2,Medium,Supermarket Type1,0.043651,5.98,146.1418,5.0
Low Fat,FDT20,Fruits and Vegetables,2015.0,OUT045,Tier 2,Medium,Supermarket Type1,0.041479,10.5,36.8164,5.0
Low Fat,FDI45,Fruits and Vegetables,2015.0,OUT045,Tier 2,Medium,Supermarket Type1,0.037657,13.1,175.8054,5.0
Low Fat,FDG57,Fruits and Vegetables,2015.0,OUT045,Tier 2,Medium,Supermarket Type1,0.072445,14.7,48.6034,5.0
Low Fat,FDN32,Fruits and Vegetables,2015.0,OUT045,Tier 2,Medium,Supermarket Type1,0.015592,17.5,184.8266,5.0
Low Fat,FDX19,Fruits and Vegetables,2015.0,OUT045,Tier 2,Medium,Supermarket Type1,0.09693,19.1,233.8958,5.0
Low Fat,FDP20,Fruits and Vegetables,2015.0,OUT045,Tier 2,Medium,Supermarket Type1,0.045762,19.85,125.602,5.0
Low Fat,NCR17,Health and Hygiene,2015.0,OUT045,Tier 2,Small,Supermarket Type1,0.024433,9.8,116.4492,5.0
Low Fat,NCT17,Health and Hygiene,2015.0,OUT045,Tier 2,Small,Supermarket Type1,0.041951,10.8,190.0214,5.0
Low Fat,NCU05,Health and Hygiene,2015.0,OUT045,Tier 2,Small,Supermarket Type1,0.058855,11.8,79.1618,5.0
Low Fat,NCT42,Household,2015.0,OUT045,Tier 2,Small,Supermarket Type1,0.024938,5.88,148.4392,5.0
Low Fat,NCV18,Household,2015.0,OUT045,Tier 2,Small,Supermarket Type1,0.105459,6.775,84.625,5.0
Low Fat,NCH43,Household,2015.0,OUT045,Tier 2,Small,Supermarket Type1,0.070712,8.42,216.4192,5.0
Low Fat,NCE18,Household,2015.0,OUT045,Tier 2,Small,Supermarket Type1,0.021469,10.0,251.675,5.0
Low Fat,NCC18,Household,2015.0,OUT045,Tier 2,Small,Supermarket Type1,0.17763,19.1,173.9422,5.0
Low Fat,NCJ42,Household,2015.0,OUT045,Tier 2,Small,Supermarket Type1,0.01433,19.75,104.2332,5.0
Low Fat,FDQ10,Snack Foods,2015.0,OUT045,Tier 2,Small,Supermarket Type1,0.033247,12.85,172.4422,5.0
Low Fat,FDL34,Snack Foods,2015.0,OUT045,Tier 2,Small,Supermarket Type1,0.041029,16.0,142.6496,5.0
Low Fat,DRK37,Soft Drinks,2015.0,OUT045,Tier 2,Small,Supermarket Type1,0.0,5.0,189.853,5.0
Low Fat,DRF48,Soft Drinks,2015.0,OUT045,Tier 2,Small,Supermarket Type1,0.051907,5.73,188.1898,5.0
Low Fat,DRG49,Soft Drinks,2015.0,OUT045,Tier 2,Small,Supermarket Type1,0.067592,7.81,246.0486,5.0
Low Fat,FDX60,Baking Goods,2020.0,OUT017,Tier 2,Small,Supermarket Type1,0.08105,14.35,79.196,5.0
Low Fat,FDS13,Canned,2020.0,OUT017,Tier 2,Small,Supermarket Type1,0.12521,6.465,266.8884,5.0
Low Fat,FDC50,Canned,2020.0,OUT017,Tier 2,Small,Supermarket Type1,0.13727,15.85,94.4094,5.0
Low Fat,FDK51,Dairy,2020.0,OUT017,Tier 2,Small,Supermarket Type1,0.005265,19.85,264.5884,5.0
Low Fat,FDD17,Frozen Foods,2020.0,OUT017,Tier 2,Small,Supermarket Type1,0.032812,7.5,239.6906,5.0
Low Fat,FDJ28,Frozen Foods,2020.0,OUT017,Tier 2,Small,Supermarket Type1,0.021985,12.3,191.2162,5.0
Low Fat,FDP16,Frozen Foods,2020.0,OUT017,Tier 2,Small,Supermarket Type1,0.039517,18.6,243.6802,5.0
Low Fat,FDB20,Fruits and Vegetables,2020.0,OUT017,Tier 2,Small,Supermarket Type1,0.052275,7.72,79.1986,5.0
Low Fat,FDP56,Fruits and Vegetables,2020.0,OUT017,Tier 2,Small,Supermarket Type1,0.046747,8.185,49.9692,5.0
Low Fat,FDT43,Fruits and Vegetables,2020.0,OUT017,Tier 2,Small,Supermarket Type1,0.020664,16.35,50.8324,5.0
Low Fat,DRI59,Hard Drinks,2020.0,OUT017,Tier 2,Small,Supermarket Type1,0.041066,9.5,223.5088,5.0
Low Fat,DRN47,Hard Drinks,2020.0,OUT017,Tier 2,Small,Supermarket Type1,0.016922,12.1,178.366,5.0
Low Fat,DRM23,Hard Drinks,2020.0,OUT017,Tier 2,Small,Supermarket Type1,0.136501,16.6,173.3422,5.0
Low Fat,NCN53,Health and Hygiene,2020.0,OUT017,Tier 2,Small,Supermarket Type1,0.030527,5.175,33.5874,5.0
Low Fat,NCT53,Health and Hygiene,2020.0,OUT017,Tier 2,Small,Supermarket Type1,0.048388,5.4,163.0526,5.0
Low Fat,NCQ05,Health and Hygiene,2020.0,OUT017,Tier 2,Small,Supermarket Type1,0.0,11.395,149.2708,5.0
Low Fat,NCM53,Health and Hygiene,2020.0,OUT017,Tier 2,Small,Supermarket Type1,0.052335,18.75,108.128,5.0
Low Fat,NCX42,Household,2020.0,OUT017,Tier 2,Small,Supermarket Type1,0.006012,6.36,163.0526,5.0
Low Fat,NCT18,Household,2020.0,OUT017,Tier 2,High,Supermarket Type1,0.059741,14.6,179.6976,5.0
Low Fat,NCI30,Household,2020.0,OUT017,Tier 2,High,Supermarket Type1,0.059269,20.25,246.446,5.0
Low Fat,NCE54,Household,2020.0,OUT017,Tier 2,High,Supermarket Type1,0.027052,20.7,73.9354,5.0
Low Fat,FDH19,Meat,2020.0,OUT017,Tier 2,High,Supermarket Type1,0.033276,19.35,173.8738,5.0
Low Fat,FDT03,Meat,2020.0,OUT017,Tier 2,High,Supermarket Type1,0.010055,21.25,183.1608,5.0
Low Fat,NCN19,Others,2020.0,OUT017,Tier 2,High,Supermarket Type1,0.012168,13.1,190.253,5.0
Low Fat,NCQ43,Others,2020.0,OUT017,Tier 2,High,Supermarket Type1,0.111931,17.75,108.8912,5.0
Low Fat,FDK09,Snack Foods,2020.0,OUT017,Tier 2,High,Supermarket Type1,0.092282,15.2,227.2352,5.0
Low Fat,FDV46,Snack Foods,2020.0,OUT017,Tier 2,High,Supermarket Type1,0.012679,18.2,139.818,5.0
Low Fat,FDY46,Snack Foods,2020.0,OUT017,Tier 2,High,Supermarket Type1,0.048161,18.6,188.9898,5.0
Regular,FDK26,Canned,2015.0,OUT045,Tier 2,High,Supermarket Type1,0.032243,5.46,187.624,5.0
Regular,FDI50,Canned,2015.0,OUT045,Tier 2,High,Supermarket Type1,0.030905,8.42,227.6352,5.0
Regular,FDB26,Canned,2015.0,OUT045,Tier 2,High,Supermarket Type1,0.031331,14.0,52.364,5.0
Regular,FDY49,Canned,2015.0,OUT045,Tier 2,High,Supermarket Type1,0.012036,17.2,165.7184,5.0
Regular,FDB04,Dairy,2015.0,OUT045,Tier 2,High,Supermarket Type1,0.063355,11.35,88.9856,5.0
Regular,FDA02,Dairy,2015.0,OUT045,Tier 2,High,Supermarket Type1,0.029783,14.0,146.3786,5.0
Regular,FDZ28,Frozen Foods,2015.0,OUT045,Tier 2,High,Supermarket Type1,0.051597,20.0,128.0678,5.0
Regular,FDE17,Frozen Foods,2015.0,OUT045,Tier 2,High,Supermarket Type1,0.054566,20.1,152.2366,5.0
Regular,FDQ19,Fruits and Vegetables,2015.0,OUT045,Tier 2,High,Supermarket Type1,0.014394,7.35,241.3512,5.0
Regular,FDM08,Fruits and Vegetables,2015.0,OUT045,Tier 2,High,Supermarket Type1,0.053693,10.1,222.9088,5.0
Regular,FDP03,Meat,2015.0,OUT045,Tier 2,High,Supermarket Type1,0.061301,5.15,122.1388,5.0
Regular,FDU58,Snack Foods,2015.0,OUT045,Tier 2,High,Supermarket Type1,0.0,6.61,186.4898,5.0
Regular,FDU46,Snack Foods,2015.0,OUT045,Tier 2,High,Supermarket Type1,0.011149,10.3,84.854,5.0
Regular,FDY34,Snack Foods,2015.0,OUT045,Tier 2,High,Supermarket Type1,0.011004,10.5,167.1842,5.0
Regular,FDO09,Snack Foods,2015.0,OUT045,Tier 2,High,Supermarket Type1,0.125529,13.5,262.191,5.0
Regular,FDP48,Baking Goods,2020.0,OUT017,Tier 2,High,Supermarket Type1,0.044272,7.52,181.395,5.0
Regular,FDI12,Baking Goods,2020.0,OUT017,Tier 2,High,Supermarket Type1,0.100967,9.395,86.8856,5.0
Regular,FDY12,Baking Goods,2020.0,OUT017,Tier 2,High,Supermarket Type1,0.141406,9.8,50.0008,5.0
Regular,FDX48,Baking Goods,2020.0,OUT017,Tier 2,High,Supermarket Type1,0.038102,17.75,154.0656,5.0
Regular,FDV60,Baking Goods,2020.0,OUT017,Tier 2,High,Supermarket Type1,0.118025,20.2,195.811,5.0
Regular,FDQ47,Breads,2020.0,OUT017,Tier 2,High,Supermarket Type1,0.169138,7.155,35.2874,5.0
Regular,FDZ13,Canned,2020.0,OUT017,Tier 2,High,Supermarket Type1,0.154363,7.84,50.835,5.0
Regular,FDM04,Frozen Foods,2020.0,OUT017,Tier 2,High,Supermarket Type1,0.047387,9.195,50.8666,5.0
Regular,FDS04,Frozen Foods,2020.0,OUT017,Tier 2,High,Supermarket Type1,0.147493,10.195,141.5838,5.0
Regular,FDV28,Frozen Foods,2020.0,OUT017,Tier 2,High,Supermarket Type1,0.0,16.1,35.1558,5.0
Regular,FDU19,Fruits and Vegetables,2020.0,OUT017,Tier 2,Medium,Supermarket Type1,0.047036,8.77,170.5422,5.0
Regular,FDE56,Fruits and Vegetables,2020.0,OUT017,Tier 2,Medium,Supermarket Type1,0.160096,17.25,61.5194,5.0
Regular,FDI07,Meat,2020.0,OUT017,Tier 2,Medium,Supermarket Type1,0.033952,12.35,197.2426,5.0
Regular,FDU15,Meat,2020.0,OUT017,Tier 2,Medium,Supermarket Type1,0.0,13.65,36.6532,5.0
Regular,FDU27,Meat,2020.0,OUT017,Tier 2,Medium,Supermarket Type1,0.172447,18.6,47.1376,5.0
Regular,FDN39,Meat,2020.0,OUT017,Tier 2,Medium,Supermarket Type1,0.065891,19.35,167.0816,5.0
Regular,FDV10,Snack Foods,2020.0,OUT017,Tier 2,Medium,Supermarket Type1,0.067083,7.645,44.0112,5.0
Regular,FDO45,Snack Foods,2020.0,OUT017,Tier 2,Medium,Supermarket Type1,0.038167,13.15,89.4856,5.0
Regular,FDB23,Starchy Foods,2020.0,OUT017,Tier 2,Medium,Supermarket Type1,0.00562,19.2,226.6062,5.0
Low Fat,NCY41,Health and Hygiene,2020.0,OUT017,Tier 2,Medium,Supermarket Type1,0.076164,16.75,34.0532,5.0
Regular,FDW31,Fruits and Vegetables,2020.0,OUT017,Tier 2,Medium,Supermarket Type1,0.043402,11.35,197.0742,5.0
Regular,FDR55,Fruits and Vegetables,2020.0,OUT017,Tier 2,Medium,Supermarket Type1,0.132831,12.15,190.6872,5.0
Regular,FDX10,Snack Foods,2020.0,OUT017,Tier 2,Medium,Supermarket Type1,0.12441,6.385,34.3874,5.0
Low Fat,DRF49,Soft Drinks,2017.0,OUT035,Tier 2,Small,Supermarket Type1,0.071064,7.27,114.4518,5.0
Low Fat,FDA23,Baking Goods,2017.0,OUT035,Tier 2,Small,Supermarket Type1,0.047178,9.8,99.4016,5.0
Low Fat,FDR60,Baking Goods,2017.0,OUT035,Tier 2,Small,Supermarket Type1,0.13039,14.3,77.2328,5.0
Low Fat,FDN60,Baking Goods,2017.0,OUT035,Tier 2,Small,Supermarket Type1,0.09514,15.1,159.9604,5.0
Low Fat,FDU48,Baking Goods,2017.0,OUT035,Tier 2,Small,Supermarket Type1,0.055348,18.85,131.5284,5.0
Low Fat,FDG60,Baking Goods,2017.0,OUT035,Tier 2,Small,Supermarket Type1,0.060688,20.35,234.2616,5.0
Low Fat,FDU11,Breads,2017.0,OUT035,Tier 2,Small,Supermarket Type1,0.092576,4.785,121.0098,5.0
Low Fat,FDT49,Canned,2017.0,OUT035,Tier 2,Small,Supermarket Type1,0.151377,7.0,108.228,5.0
Low Fat,FDS37,Canned,2017.0,OUT035,Tier 2,Small,Supermarket Type1,0.031939,7.655,114.1492,5.0
Low Fat,FDK50,Canned,2017.0,OUT035,Tier 2,Small,Supermarket Type1,0.028358,7.96,163.2894,5.0
Low Fat,FDG26,Canned,2017.0,OUT035,Tier 2,Small,Supermarket Type1,0.042642,18.85,257.833,5.0
Low Fat,FDD14,Canned,2017.0,OUT035,Tier 2,Small,Supermarket Type1,0.169776,20.7,184.4266,5.0
Low Fat,FDK41,Frozen Foods,2017.0,OUT035,Tier 2,Small,Supermarket Type1,0.127518,14.3,86.0224,5.0
Low Fat,FDD16,Frozen Foods,2017.0,OUT035,Tier 2,Small,Supermarket Type1,0.036346,20.5,72.9696,5.0
Low Fat,FDZ44,Fruits and Vegetables,2017.0,OUT035,Tier 2,Small,Supermarket Type1,0.038722,8.185,115.8808,5.0
Low Fat,FDO44,Fruits and Vegetables,2017.0,OUT035,Tier 2,Small,Supermarket Type1,0.087437,12.6,109.9228,5.0
Low Fat,DRL11,Hard Drinks,2017.0,OUT035,Tier 2,Small,Supermarket Type1,0.048009,10.5,157.0946,5.0
Low Fat,NCU17,Health and Hygiene,2017.0,OUT035,Tier 2,Small,Supermarket Type1,0.092866,5.32,100.6674,5.0
Low Fat,NCL41,Health and Hygiene,2017.0,OUT035,Tier 2,Small,Supermarket Type1,0.04173,12.35,36.3216,5.0
Low Fat,NCS53,Health and Hygiene,2017.0,OUT035,Tier 2,Small,Supermarket Type1,0.089761,14.5,159.4604,5.0
Low Fat,NCV17,Health and Hygiene,2017.0,OUT035,Tier 2,Small,Supermarket Type1,0.016105,18.85,130.2626,5.0
Low Fat,NCO14,Household,2017.0,OUT035,Tier 2,Small,Supermarket Type1,0.029638,9.6,42.6086,5.0
Low Fat,NCU18,Household,2017.0,OUT035,Tier 2,Small,Supermarket Type1,0.055829,15.1,140.2496,5.0
Low Fat,NCI54,Household,2017.0,OUT035,Tier 2,Small,Supermarket Type1,0.033593,15.2,108.1912,5.0
Low Fat,NCQ50,Household,2017.0,OUT035,Tier 2,Small,Supermarket Type1,0.0,18.75,213.3218,5.0
Low Fat,NCC18,Household,2017.0,OUT035,Tier 2,Small,Supermarket Type1,0.177236,19.1,172.3422,5.0
Low Fat,NCQ38,Others,2017.0,OUT035,Tier 2,Small,Supermarket Type1,0.013364,16.35,106.128,5.0
Low Fat,FDL10,Snack Foods,2017.0,OUT035,Tier 2,Small,Supermarket Type1,0.039485,8.395,97.9042,5.0
Low Fat,FDE34,Snack Foods,2017.0,OUT035,Tier 2,Small,Supermarket Type1,0.107871,9.195,181.2634,5.0
Low Fat,FDL46,Snack Foods,2017.0,OUT035,Tier 2,Small,Supermarket Type1,0.054047,20.35,119.5466,5.0
Low Fat,FDH10,Snack Foods,2017.0,OUT035,Tier 2,Small,Supermarket Type1,0.049296,21.0,194.4478,5.0
Low Fat,DRE60,Soft Drinks,2017.0,OUT035,Tier 2,Small,Supermarket Type1,0.159304,9.395,226.172,5.0
Low Fat,DRD60,Soft Drinks,2017.0,OUT035,Tier 2,Small,Supermarket Type1,0.037225,15.7,182.4634,5.0
Regular,FDR36,Baking Goods,2017.0,OUT035,Tier 2,Small,Supermarket Type1,0.121563,6.715,43.7454,5.0
Regular,FDL24,Baking Goods,2017.0,OUT035,Tier 2,Small,Supermarket Type1,0.024892,10.3,170.9422,5.0
Regular,FDM36,Baking Goods,2017.0,OUT035,Tier 2,Small,Supermarket Type1,0.05872,11.65,171.1422,5.0
Regular,FDD26,Canned,2017.0,OUT035,Tier 2,Small,Supermarket Type1,0.072142,8.71,183.3924,5.0
Regular,FDI02,Canned,2017.0,OUT035,Tier 2,Small,Supermarket Type1,0.114543,15.7,113.7202,5.0
Regular,FDE04,Frozen Foods,2017.0,OUT035,Tier 2,Small,Supermarket Type1,0.01802,19.75,181.566,5.0
Regular,FDQ08,Fruits and Vegetables,2017.0,OUT035,Tier 2,Small,Supermarket Type1,0.018927,15.7,60.2536,5.0
Regular,FDV20,Fruits and Vegetables,2017.0,OUT035,Tier 2,Small,Supermarket Type1,0.05979,20.2,127.4678,5.0
Regular,FDW03,Meat,2017.0,OUT035,Tier 2,Small,Supermarket Type1,0.024537,5.63,106.1306,5.0
Regular,FDX51,Meat,2017.0,OUT035,Tier 2,Small,Supermarket Type1,0.022055,9.5,195.4452,5.0
Regular,FDR03,Meat,2017.0,OUT035,Tier 2,Small,Supermarket Type1,0.008734,15.7,207.898,5.0
Regular,FDW21,Snack Foods,2017.0,OUT035,Tier 2,Small,Supermarket Type1,0.005963,5.34,102.4358,5.0
Regular,FDJ58,Snack Foods,2017.0,OUT035,Tier 2,Small,Supermarket Type1,0.105276,15.6,173.2764,5.0
Low Fat,FDR48,Baking Goods,2011.0,OUT010,Tier 3,Medium,Grocery Store,0.220111,11.65,153.0024,5.0
Low Fat,FDO16,Frozen Foods,2011.0,OUT010,Tier 3,Medium,Grocery Store,0.025288,5.48,83.325,5.0
Low Fat,FDE53,Frozen Foods,2011.0,OUT010,Tier 3,Medium,Grocery Store,0.044992,10.895,107.228,5.0
Low Fat,FDV31,Fruits and Vegetables,2011.0,OUT010,Tier 3,Medium,Grocery Store,0.178623,9.8,177.937,5.0
Low Fat,FDF32,Fruits and Vegetables,2011.0,OUT010,Tier 3,Medium,Grocery Store,0.113954,16.35,198.2426,5.0
Low Fat,DRN35,Hard Drinks,2011.0,OUT010,Tier 3,Medium,Grocery Store,0.11758,8.01,36.6532,5.0
Low Fat,NCQ17,Health and Hygiene,2011.0,OUT010,Tier 3,Medium,Grocery Store,0.195721,10.3,156.463,5.0
Low Fat,NCQ41,Health and Hygiene,2011.0,OUT010,Tier 3,Medium,Grocery Store,0.032606,14.8,193.5794,5.0
Low Fat,NCN06,Household,2011.0,OUT010,Tier 3,Medium,Grocery Store,0.201688,8.39,162.8868,5.0
Low Fat,NCF30,Household,2011.0,OUT010,Tier 3,Medium,Grocery Store,0.211307,17.0,125.1362,5.0
Low Fat,FDQ39,Meat,2011.0,OUT010,Tier 3,High,Grocery Store,0.135648,14.8,190.8846,5.0
Low Fat,FDL45,Snack Foods,2011.0,OUT010,Tier 3,High,Grocery Store,0.063082,15.6,125.7704,5.0
Low Fat,FDR10,Snack Foods,2011.0,OUT010,Tier 3,High,Grocery Store,0.016805,17.6,163.4552,5.0
Low Fat,FDZ09,Snack Foods,2011.0,OUT010,Tier 3,High,Grocery Store,0.175546,17.6,163.6868,5.0
Low Fat,DRJ13,Soft Drinks,2011.0,OUT010,Tier 3,High,Grocery Store,0.105265,12.65,159.9578,5.0
Low Fat,DRD24,Soft Drinks,2011.0,OUT010,Tier 3,High,Grocery Store,0.051545,13.85,142.5154,5.0
Low Fat,DRH25,Soft Drinks,2011.0,OUT010,Tier 3,High,Grocery Store,0.024426,18.7,52.9324,5.0
Regular,FDC60,Baking Goods,2011.0,OUT010,Tier 3,High,Grocery Store,0.191603,5.425,87.0514,5.0
Regular,FDJ36,Baking Goods,2011.0,OUT010,Tier 3,High,Grocery Store,0.214681,14.5,102.7332,5.0
Regular,FDU47,Breads,2011.0,OUT010,Tier 3,High,Grocery Store,0.190569,12.8,138.7838,5.0
Regular,FDA03,Dairy,2011.0,OUT010,Tier 3,High,Grocery Store,0.076097,18.5,145.8102,5.0
Regular,FDY40,Frozen Foods,2011.0,OUT010,Tier 3,High,Grocery Store,0.14367,15.5,48.4692,5.0
Regular,FDZ16,Frozen Foods,2011.0,OUT010,Tier 3,High,Grocery Store,0.267566,16.85,194.1478,5.0
Regular,FDW07,Fruits and Vegetables,2011.0,OUT010,Tier 3,High,Grocery Store,0.238832,18.0,88.2514,5.0
Low Fat,FDW23,Baking Goods,2014.0,OUT013,Tier 3,High,Supermarket Type1,0.081944,5.765,36.7164,5.0
Low Fat,FDW59,Breads,2014.0,OUT013,Tier 3,High,Supermarket Type1,0.020699,13.15,86.3566,5.0
Low Fat,DRF27,Dairy,2014.0,OUT013,Tier 3,High,Supermarket Type1,0.028394,8.93,153.434,5.0
Low Fat,FDB15,Dairy,2014.0,OUT013,Tier 3,High,Supermarket Type1,0.136697,10.895,264.5568,5.0
Low Fat,FDG16,Frozen Foods,2014.0,OUT013,Tier 3,High,Supermarket Type1,0.089742,15.25,213.7192,5.0
Low Fat,FDJ04,Frozen Foods,2014.0,OUT013,Tier 3,High,Supermarket Type1,0.124348,18.0,118.3124,5.0
Low Fat,FDJ32,Fruits and Vegetables,2014.0,OUT013,Tier 3,High,Supermarket Type1,0.057744,10.695,61.2536,5.0
Low Fat,FDM56,Fruits and Vegetables,2014.0,OUT013,Tier 3,High,Supermarket Type1,0.070133,16.7,109.8912,5.0
Low Fat,FDB45,Fruits and Vegetables,2014.0,OUT013,Tier 3,High,Supermarket Type1,0.021312,20.85,104.9306,5.0
Low Fat,DRJ23,Hard Drinks,2014.0,OUT013,Tier 3,High,Supermarket Type1,0.041634,18.35,188.1872,5.0
Low Fat,NCN06,Household,2014.0,OUT013,Tier 3,High,Supermarket Type1,0.120397,8.39,163.4868,5.0
Low Fat,NCF43,Household,2014.0,OUT013,Tier 3,High,Supermarket Type1,0.051903,8.51,142.247,5.0
Low Fat,NCG07,Household,2014.0,OUT013,Tier 3,High,Supermarket Type1,0.052458,12.3,188.753,5.0
Low Fat,NCB55,Household,2014.0,OUT013,Tier 3,High,Supermarket Type1,0.160529,15.7,59.2562,5.0
Low Fat,NCN30,Household,2014.0,OUT013,Tier 3,High,Supermarket Type1,0.016979,16.35,97.441,5.0
Low Fat,FDF22,Snack Foods,2014.0,OUT013,Tier 3,High,Supermarket Type1,0.056783,6.865,214.5218,5.0
Low Fat,FDQ10,Snack Foods,2014.0,OUT013,Tier 3,High,Supermarket Type1,0.033152,12.85,170.6422,5.0
Low Fat,DRK13,Soft Drinks,2014.0,OUT013,Tier 3,High,Supermarket Type1,0.115072,11.8,198.2084,5.0
Low Fat,DRL37,Soft Drinks,2014.0,OUT013,Tier 3,High,Supermarket Type1,0.053328,15.5,44.477,5.0
Regular,FDL38,Canned,2014.0,OUT013,Tier 3,High,Supermarket Type1,0.014721,13.8,89.9172,5.0
Regular,FDV13,Canned,2014.0,OUT013,Tier 3,High,Supermarket Type1,0.027588,17.35,86.1856,5.0
Regular,FDX04,Frozen Foods,2014.0,OUT013,Tier 3,High,Supermarket Type1,0.041537,19.6,46.0376,5.0
Regular,FDF53,Frozen Foods,2014.0,OUT013,Tier 3,High,Supermarket Type1,0.083537,20.75,180.3318,5.0
Regular,FDD21,Fruits and Vegetables,2014.0,OUT013,Tier 3,High,Supermarket Type1,0.0,10.3,115.0176,5.0
Regular,FDO20,Fruits and Vegetables,2014.0,OUT013,Tier 3,High,Supermarket Type1,0.152001,12.85,252.3382,5.0
Regular,FDC21,Fruits and Vegetables,2014.0,OUT013,Tier 3,High,Supermarket Type1,0.042923,14.6,109.8254,5.0
Regular,FDV19,Fruits and Vegetables,2014.0,OUT013,Tier 3,High,Supermarket Type1,0.035228,14.85,159.5578,5.0
Regular,FDW43,Fruits and Vegetables,2014.0,OUT013,Tier 3,High,Supermarket Type1,0.022407,20.1,225.9036,5.0
Regular,FDO46,Snack Foods,2014.0,OUT013,Tier 3,High,Supermarket Type1,0.014201,9.6,187.1872,5.0
Regular,FDT10,Snack Foods,2014.0,OUT013,Tier 3,High,Supermarket Type1,0.061993,16.7,60.9562,5.0
Regular,FDB23,Starchy Foods,2014.0,OUT013,Tier 3,High,Supermarket Type1,0.005584,19.2,226.9062,5.0
Low Fat,FDN60,Baking Goods,2022.0,OUT018,Tier 3,Medium,Supermarket Type2,0.095546,15.1,157.3604,5.0
Low Fat,FDU23,Breads,2022.0,OUT018,Tier 3,Medium,Supermarket Type2,0.021812,12.15,163.6184,5.0
Low Fat,FDM13,Breakfast,2022.0,OUT018,Tier 3,Medium,Supermarket Type2,0.063433,6.425,132.8626,5.0
Low Fat,FDB50,Canned,2022.0,OUT018,Tier 3,Medium,Supermarket Type2,0.154244,13.0,77.9986,5.0
Low Fat,FDC04,Dairy,2022.0,OUT018,Tier 3,Medium,Supermarket Type2,0.045169,15.6,242.9854,5.0
Low Fat,DRF03,Dairy,2022.0,OUT018,Tier 3,Medium,Supermarket Type2,0.045493,19.1,40.3138,5.0
Low Fat,FDG53,Frozen Foods,2022.0,OUT018,Tier 3,Medium,Supermarket Type2,0.046044,10.0,140.618,5.0
Low Fat,FDP16,Frozen Foods,2022.0,OUT018,Tier 3,Medium,Supermarket Type2,0.039455,18.6,244.0802,5.0
Low Fat,FDE08,Fruits and Vegetables,2022.0,OUT018,Tier 3,Medium,Supermarket Type2,0.049521,18.2,147.3734,5.0
Low Fat,FDQ44,Fruits and Vegetables,2022.0,OUT018,Tier 3,Medium,Supermarket Type2,0.036288,20.5,121.2756,5.0
Low Fat,DRJ47,Hard Drinks,2022.0,OUT018,Tier 3,Medium,Supermarket Type2,0.044431,18.25,174.208,5.0
Low Fat,NCO05,Health and Hygiene,2022.0,OUT018,Tier 3,Medium,Supermarket Type2,0.046749,7.27,100.4384,5.0
Low Fat,NCB54,Health and Hygiene,2022.0,OUT018,Tier 3,Medium,Supermarket Type2,0.050257,8.76,127.3336,5.0
Low Fat,NCJ29,Health and Hygiene,2022.0,OUT018,Tier 3,Medium,Supermarket Type2,0.035336,10.6,87.0224,5.0
Low Fat,NCE06,Household,2022.0,OUT018,Tier 3,Medium,Supermarket Type2,0.091858,5.825,160.7894,5.0
Low Fat,NCP14,Household,2022.0,OUT018,Tier 3,Medium,Supermarket Type2,0.110739,8.275,103.3306,5.0
Low Fat,NCH06,Household,2022.0,OUT018,Tier 3,Medium,Supermarket Type2,0.076866,12.3,247.146,5.0
Low Fat,NCH55,Household,2022.0,OUT018,Tier 3,Medium,Supermarket Type2,0.034814,16.35,128.402,5.0
Low Fat,NCN42,Household,2022.0,OUT018,Tier 3,Medium,Supermarket Type2,0.014281,20.25,148.0418,5.0
Low Fat,FDM03,Meat,2022.0,OUT018,Tier 3,Medium,Supermarket Type2,0.123532,12.65,108.2938,5.0
Low Fat,FDK55,Meat,2022.0,OUT018,Tier 3,Medium,Supermarket Type2,0.025867,18.5,88.9172,5.0
Low Fat,FDU39,Meat,2022.0,OUT018,Tier 3,Medium,Supermarket Type2,0.036185,18.85,58.5562,5.0
Low Fat,NCO07,Others,2022.0,OUT018,Tier 3,Medium,Supermarket Type2,0.009816,9.06,211.856,5.0
Low Fat,FDF22,Snack Foods,2022.0,OUT018,Tier 3,Medium,Supermarket Type2,0.057062,6.865,212.0218,5.0
Low Fat,FDI46,Snack Foods,2022.0,OUT018,Tier 3,Medium,Supermarket Type2,0.074648,9.5,253.3724,5.0
Low Fat,FDD22,Snack Foods,2022.0,OUT018,Tier 3,Medium,Supermarket Type2,0.100056,10.0,113.3544,5.0
Low Fat,FDZ45,Snack Foods,2022.0,OUT018,Tier 3,Medium,Supermarket Type2,0.067148,14.1,200.4084,5.0
Low Fat,FDT45,Snack Foods,2022.0,OUT018,Tier 3,Medium,Supermarket Type2,0.057547,15.85,55.8956,5.0
Low Fat,FDL34,Snack Foods,2022.0,OUT018,Tier 3,Medium,Supermarket Type2,0.041113,16.0,139.9496,5.0
Low Fat,FDA45,Snack Foods,2022.0,OUT018,Tier 3,Medium,Supermarket Type2,0.156013,21.25,177.337,5.0
Low Fat,DRI01,Soft Drinks,2022.0,OUT018,Tier 3,Medium,Supermarket Type2,0.0,7.97,172.0422,5.0
Low Fat,DRJ13,Soft Drinks,2022.0,OUT018,Tier 3,Medium,Supermarket Type2,0.063146,12.65,159.6578,5.0
Regular,FDU47,Breads,2022.0,OUT018,Tier 3,Medium,Supermarket Type2,0.114318,12.8,142.2838,5.0
Regular,FDB02,Canned,2022.0,OUT018,Tier 3,Medium,Supermarket Type2,0.029283,9.695,175.137,5.0
Regular,FDM50,Canned,2022.0,OUT018,Tier 3,Medium,Supermarket Type2,0.030212,13.0,59.322,5.0
Regular,FDC14,Canned,2022.0,OUT018,Tier 3,Medium,Supermarket Type2,0.0,14.5,41.0454,5.0
Regular,FDH50,Canned,2022.0,OUT018,Tier 3,Medium,Supermarket Type2,0.162093,15.0,182.5266,5.0
Regular,FDD52,Dairy,2022.0,OUT018,Tier 3,Medium,Supermarket Type2,0.184042,18.25,110.157,5.0
Regular,FDH04,Frozen Foods,2022.0,OUT018,Tier 3,Medium,Supermarket Type2,0.011419,6.115,91.0488,5.0
Regular,FDH56,Fruits and Vegetables,2022.0,OUT018,Tier 3,Medium,Supermarket Type2,0.064077,9.8,116.7492,5.0
Regular,FDX31,Fruits and Vegetables,2022.0,OUT018,Tier 3,Medium,Supermarket Type2,0.014886,20.35,234.4958,5.0
Regular,FDO51,Meat,2022.0,OUT018,Tier 3,Medium,Supermarket Type2,0.042154,6.785,44.0112,5.0
Regular,FDV22,Snack Foods,2022.0,OUT018,Tier 3,Medium,Supermarket Type2,0.009979,14.85,155.763,5.0
Regular,FDJ21,Snack Foods,2022.0,OUT018,Tier 3,Medium,Supermarket Type2,0.038685,16.7,146.6102,5.0
Low Fat,FDI14,Canned,2018.0,OUT027,Tier 3,Medium,Supermarket Type3,0.089244,12.6,139.2496,5.0
Low Fat,FDU25,Canned,2018.0,OUT027,Tier 3,Medium,Supermarket Type3,0.026552,12.6,56.2246,5.0
Low Fat,FDC53,Frozen Foods,2018.0,OUT027,Tier 3,Medium,Supermarket Type3,0.008793,12.6,96.7384,5.0
Low Fat,FDD28,Frozen Foods,2018.0,OUT027,Tier 3,Medium,Supermarket Type3,0.053039,12.6,59.5904,5.0
Low Fat,FDO40,Frozen Foods,2018.0,OUT027,Tier 3,Medium,Supermarket Type3,0.03247,12.6,148.9392,5.0
Low Fat,FDT40,Frozen Foods,2018.0,OUT027,Tier 3,Medium,Supermarket Type3,0.095331,12.6,125.5678,5.0
Low Fat,FDD33,Fruits and Vegetables,2018.0,OUT027,Tier 3,Medium,Supermarket Type3,0.0,12.6,231.9642,5.0
Low Fat,FDW20,Fruits and Vegetables,2018.0,OUT027,Tier 3,Medium,Supermarket Type3,0.024032,12.6,124.973,5.0
Low Fat,DRN47,Hard Drinks,2018.0,OUT027,Tier 3,Medium,Supermarket Type3,0.016745,12.6,180.766,5.0
Low Fat,NCY53,Health and Hygiene,2018.0,OUT027,Tier 3,Medium,Supermarket Type3,0.058198,12.6,110.4544,5.0
Low Fat,NCE19,Household,2018.0,OUT027,Tier 3,Medium,Supermarket Type3,0.092564,12.6,53.4956,5.0
Low Fat,NCE55,Household,2018.0,OUT027,Tier 3,Medium,Supermarket Type3,0.129299,12.6,178.237,5.0
Low Fat,NCG43,Household,2018.0,OUT027,Tier 3,Medium,Supermarket Type3,0.07388,12.6,94.0462,5.0
Low Fat,NCH06,Household,2018.0,OUT027,Tier 3,Medium,Supermarket Type3,0.076184,12.6,245.646,5.0
Low Fat,NCM30,Household,2018.0,OUT027,Tier 3,Medium,Supermarket Type3,0.06697,12.6,39.2796,5.0
Low Fat,NCN42,Household,2018.0,OUT027,Tier 3,Medium,Supermarket Type3,0.014154,12.6,145.6418,5.0
Low Fat,NCU42,Household,2018.0,OUT027,Tier 3,Medium,Supermarket Type3,0.019412,12.6,166.5474,5.0
Low Fat,NCJ19,Others,2018.0,OUT027,Tier 3,Medium,Supermarket Type3,0.117608,12.6,55.2588,5.0
Low Fat,FDD46,Snack Foods,2018.0,OUT027,Tier 3,Medium,Supermarket Type3,0.140572,12.6,154.7998,5.0
Low Fat,FDL33,Snack Foods,2018.0,OUT027,Tier 3,Medium,Supermarket Type3,0.099478,12.6,194.4452,5.0
Low Fat,FDP09,Snack Foods,2018.0,OUT027,Tier 3,Medium,Supermarket Type3,0.033726,12.6,211.6902,5.0
Low Fat,DRL37,Soft Drinks,2018.0,OUT027,Tier 3,Medium,Supermarket Type3,0.053114,12.6,44.377,5.0
Regular,FDE36,Baking Goods,2018.0,OUT027,Tier 3,Medium,Supermarket Type3,0.0,12.6,165.5868,5.0
Regular,FDG12,Baking Goods,2018.0,OUT027,Tier 3,Medium,Supermarket Type3,0.006295,12.6,122.4098,5.0
Regular,FDU24,Baking Goods,2018.0,OUT027,Tier 3,Medium,Supermarket Type3,0.139484,12.6,94.312,5.0
Regular,FDK25,Breakfast,2018.0,OUT027,Tier 3,Medium,Supermarket Type3,0.156072,12.6,169.3474,5.0
Regular,FDB14,Canned,2018.0,OUT027,Tier 3,Medium,Supermarket Type3,0.102226,12.6,91.312,5.0
Regular,FDH50,Canned,2018.0,OUT027,Tier 3,Medium,Supermarket Type3,0.160654,12.6,185.2266,5.0
Regular,FDZ02,Dairy,2018.0,OUT027,Tier 3,Medium,Supermarket Type3,0.037963,12.6,97.5726,5.0
Regular,FDH05,Frozen Foods,2018.0,OUT027,Tier 3,Medium,Supermarket Type3,0.090473,12.6,229.7984,5.0
Regular,FDT19,Fruits and Vegetables,2018.0,OUT027,Tier 3,Medium,Supermarket Type3,0.144338,12.6,172.108,5.0
Regular,FDW19,Fruits and Vegetables,2018.0,OUT027,Tier 3,Medium,Supermarket Type3,0.038314,12.6,109.957,5.0
Regular,FDR51,Meat,2018.0,OUT027,Tier 3,Medium,Supermarket Type3,0.17263,12.6,148.4708,5.0
Regular,FDY34,Snack Foods,2018.0,OUT027,Tier 3,Medium,Supermarket Type3,0.010929,12.6,167.0842,5.0
Regular,FDP49,Breakfast,2012.0,OUT049,Tier 1,Medium,Supermarket Type1,0.069196,9.0,54.3614,4.9
Regular,FDG35,Starchy Foods,2016.0,OUT046,Tier 1,Small,Supermarket Type1,0.007041,21.2,173.5738,4.9
Low Fat,FDS52,Frozen Foods,2018.0,OUT019,Tier 1,Small,Grocery Store,0.009585,12.6,102.5016,4.9
Low Fat,FDR21,Snack Foods,2016.0,OUT046,Tier 1,Small,Supermarket Type1,0.066935,19.7,177.537,4.9
Regular,FDQ36,Baking Goods,2016.0,OUT046,Tier 1,Small,Supermarket Type1,0.0,7.855,38.3848,4.9
Regular,FDE20,Fruits and Vegetables,2016.0,OUT046,Tier 1,Small,Supermarket Type1,0.005531,11.35,171.179,4.9
Regular,FDO20,Fruits and Vegetables,2016.0,OUT046,Tier 1,Small,Supermarket Type1,0.0,12.85,252.3382,4.9
Low Fat,FDZ20,Fruits and Vegetables,2015.0,OUT045,Tier 2,Medium,Supermarket Type1,0.034377,16.1,256.1356,4.9
Low Fat,FDK38,Canned,2017.0,OUT035,Tier 2,Small,Supermarket Type1,0.05328,6.65,147.7734,4.9
Low Fat,NCN53,Health and Hygiene,2011.0,OUT010,Tier 3,Medium,Grocery Store,0.050809,5.175,33.6874,4.9
Regular,FDN04,Frozen Foods,2014.0,OUT013,Tier 3,High,Supermarket Type1,0.014075,11.8,176.8344,4.9
Low Fat,NCP42,Household,2022.0,OUT018,Tier 3,Medium,Supermarket Type2,0.016176,8.51,192.1478,4.9
Regular,FDY11,Baking Goods,2022.0,OUT018,Tier 3,Medium,Supermarket Type2,0.029681,6.71,65.0142,4.9
Low Fat,FDW28,Frozen Foods,2018.0,OUT027,Tier 3,Medium,Supermarket Type3,0.088394,12.6,194.7452,4.9
Low Fat,NCL53,Health and Hygiene,2018.0,OUT027,Tier 3,Medium,Supermarket Type3,0.0,12.6,175.4028,4.9
Regular,FDW57,Snack Foods,2012.0,OUT049,Tier 1,Medium,Supermarket Type1,0.115857,8.31,179.1028,4.8
Low Fat,NCN07,Others,2011.0,OUT010,Tier 3,Small,Grocery Store,0.056816,18.5,132.1284,4.8
Regular,FDP28,Frozen Foods,2011.0,OUT010,Tier 3,Small,Grocery Store,0.134976,13.65,260.0936,4.8
Regular,FDR52,Frozen Foods,2022.0,OUT018,Tier 3,Medium,Supermarket Type2,0.076354,12.65,192.1846,4.8
Regular,FDY56,Fruits and Vegetables,2016.0,OUT046,Tier 1,Small,Supermarket Type1,0.062411,16.35,225.9062,4.8
Regular,FDR36,Baking Goods,2014.0,OUT013,Tier 3,High,Supermarket Type1,0.121485,6.715,40.2454,4.8
Regular,FDY22,Snack Foods,2020.0,OUT017,Tier 2,Medium,Supermarket Type1,0.160624,16.5,143.8128,4.8
Low Fat,FDD36,Baking Goods,2018.0,OUT027,Tier 3,Medium,Supermarket Type3,0.021171,12.6,117.6124,4.8
Low Fat,FDP19,Fruits and Vegetables,2012.0,OUT049,Tier 1,Medium,Supermarket Type1,0.0,11.5,128.4652,4.8
Low Fat,FDF20,Fruits and Vegetables,2012.0,OUT049,Tier 1,Medium,Supermarket Type1,0.033272,12.85,196.5768,4.8
Low Fat,NCB31,Household,2012.0,OUT049,Tier 1,Medium,Supermarket Type1,0.118859,6.235,263.291,4.8
Low Fat,DRE12,Soft Drinks,2012.0,OUT049,Tier 1,Medium,Supermarket Type1,0.070891,4.59,111.686,4.8
Low Fat,DRK01,Soft Drinks,2012.0,OUT049,Tier 1,Medium,Supermarket Type1,0.061159,7.63,92.5436,4.8
Regular,FDE20,Fruits and Vegetables,2012.0,OUT049,Tier 1,Medium,Supermarket Type1,0.005539,11.35,167.879,4.8
Regular,FDJ34,Snack Foods,2012.0,OUT049,Tier 1,Medium,Supermarket Type1,0.093801,11.8,126.0704,4.8
Low Fat,FDH41,Frozen Foods,2018.0,OUT019,Tier 1,Small,Grocery Store,0.143592,12.6,213.5534,4.8
Low Fat,FDQ12,Baking Goods,2018.0,OUT019,Tier 1,Small,Grocery Store,0.062,12.6,230.001,4.8
Low Fat,FDZ27,Dairy,2018.0,OUT019,Tier 1,Small,Grocery Store,0.0,12.6,51.235,4.8
Low Fat,FDI22,Snack Foods,2018.0,OUT019,Tier 1,Small,Grocery Store,0.168456,12.6,211.0612,4.8
Regular,FDW02,Dairy,2018.0,OUT019,Tier 1,Small,Grocery Store,0.066007,12.6,126.2704,4.8
Regular,FDR15,Meat,2018.0,OUT019,Tier 1,Small,Grocery Store,0.058546,12.6,155.8314,4.8
Regular,FDN34,Snack Foods,2018.0,OUT019,Tier 1,Small,Grocery Store,0.080127,12.6,168.7132,4.8
Low Fat,NCV41,Health and Hygiene,2016.0,OUT046,Tier 1,Small,Supermarket Type1,0.017039,14.35,112.5228,4.8
Low Fat,NCM19,Others,2016.0,OUT046,Tier 1,Small,Supermarket Type1,0.047237,12.65,112.5202,4.8
Regular,FDP31,Fruits and Vegetables,2016.0,OUT046,Tier 1,Small,Supermarket Type1,0.161505,21.1,65.0168,4.8
Regular,FDQ45,Snack Foods,2016.0,OUT046,Tier 1,Small,Supermarket Type1,0.010917,9.5,185.3608,4.8
Regular,FDO21,Snack Foods,2016.0,OUT046,Tier 1,Small,Supermarket Type1,0.009763,11.6,226.2404,4.8
Low Fat,FDQ24,Baking Goods,2015.0,OUT045,Tier 2,Medium,Supermarket Type1,0.073816,15.7,253.4724,4.8
Low Fat,FDD14,Canned,2015.0,OUT045,Tier 2,Medium,Supermarket Type1,0.170153,20.7,182.6266,4.8
Low Fat,NCC54,Health and Hygiene,2015.0,OUT045,Tier 2,Small,Supermarket Type1,0.097909,17.75,242.1196,4.8
Low Fat,FDZ40,Frozen Foods,2020.0,OUT017,Tier 2,Small,Supermarket Type1,0.04041,8.935,52.9298,4.8
Low Fat,NCM07,Others,2020.0,OUT017,Tier 2,High,Supermarket Type1,0.040188,9.395,85.6908,4.8
Low Fat,NCP50,Others,2020.0,OUT017,Tier 2,High,Supermarket Type1,0.020676,17.35,80.6618,4.8
Low Fat,NCJ31,Others,2020.0,OUT017,Tier 2,High,Supermarket Type1,0.183687,19.2,241.8196,4.8
Low Fat,FDF46,Snack Foods,2020.0,OUT017,Tier 2,High,Supermarket Type1,0.094202,7.07,115.8834,4.8
Regular,FDJ36,Baking Goods,2015.0,OUT045,Tier 2,High,Supermarket Type1,0.12852,14.5,101.4332,4.8
Regular,FDZ13,Canned,2015.0,OUT045,Tier 2,High,Supermarket Type1,0.153806,7.84,51.335,4.8
Regular,FDZ32,Fruits and Vegetables,2015.0,OUT045,Tier 2,High,Supermarket Type1,0.03821,7.785,103.8964,4.8
Regular,FDY40,Frozen Foods,2020.0,OUT017,Tier 2,High,Supermarket Type1,0.086321,15.5,48.1692,4.8
Low Fat,NCM06,Household,2017.0,OUT035,Tier 2,Small,Supermarket Type1,0.075714,7.475,156.4656,4.8
Low Fat,FDK24,Baking Goods,2017.0,OUT035,Tier 2,Small,Supermarket Type1,0.101276,9.195,46.4744,4.8
Low Fat,NCL05,Health and Hygiene,2017.0,OUT035,Tier 2,Small,Supermarket Type1,0.047889,19.6,42.277,4.8
Low Fat,NCA29,Household,2017.0,OUT035,Tier 2,Small,Supermarket Type1,0.027271,10.5,171.6106,4.8
Low Fat,NCP30,Household,2017.0,OUT035,Tier 2,Small,Supermarket Type1,0.032762,20.5,40.0822,4.8
Low Fat,FDX58,Snack Foods,2011.0,OUT010,Tier 3,Medium,Grocery Store,0.073251,13.15,181.695,4.8
Low Fat,FDW24,Baking Goods,2011.0,OUT010,Tier 3,Medium,Grocery Store,0.062762,6.8,50.4034,4.8
Low Fat,FDH48,Baking Goods,2011.0,OUT010,Tier 3,Medium,Grocery Store,0.101232,13.5,86.254,4.8
Low Fat,FDF20,Fruits and Vegetables,2011.0,OUT010,Tier 3,Medium,Grocery Store,0.055604,12.85,195.6768,4.8
Low Fat,FDE22,Snack Foods,2011.0,OUT010,Tier 3,High,Grocery Store,0.049499,9.695,158.792,4.8
Low Fat,FDK55,Meat,2014.0,OUT013,Tier 3,High,Supermarket Type1,0.02574,18.5,89.4172,4.8
Regular,FDR11,Breads,2014.0,OUT013,Tier 3,High,Supermarket Type1,0.14242,10.5,161.1578,4.8
Regular,DRC01,Soft Drinks,2014.0,OUT013,Tier 3,High,Supermarket Type1,0.019184,5.92,50.3692,4.8
Regular,FDE11,Starchy Foods,2014.0,OUT013,Tier 3,High,Supermarket Type1,0.134984,17.7,184.4924,4.8
Low Fat,FDW50,Dairy,2022.0,OUT018,Tier 3,Medium,Supermarket Type2,0.075886,13.1,165.1158,4.8
Low Fat,DRJ39,Dairy,2022.0,OUT018,Tier 3,Medium,Supermarket Type2,0.036474,20.25,218.3482,4.8
Low Fat,FDJ46,Snack Foods,2022.0,OUT018,Tier 3,Medium,Supermarket Type2,0.045006,11.1,174.0054,4.8
Low Fat,DRD24,Soft Drinks,2022.0,OUT018,Tier 3,Medium,Supermarket Type2,0.030921,13.85,141.0154,4.8
Regular,FDR20,Fruits and Vegetables,2022.0,OUT018,Tier 3,Medium,Supermarket Type2,0.028238,20.0,46.3744,4.8
Regular,FDS33,Snack Foods,2022.0,OUT018,Tier 3,Medium,Supermarket Type2,0.0,6.67,90.5514,4.8
Regular,FDK32,Fruits and Vegetables,2018.0,OUT027,Tier 3,Medium,Supermarket Type3,0.048738,12.6,152.8682,4.8
Regular,FDO03,Meat,2018.0,OUT027,Tier 3,Medium,Supermarket Type3,0.036704,12.6,228.1352,4.8
Regular,FDC59,Starchy Foods,2018.0,OUT027,Tier 3,Medium,Supermarket Type3,0.054364,12.6,63.8168,4.8
Low Fat,FDS12,Baking Goods,2020.0,OUT017,Tier 2,Small,Supermarket Type1,0.175103,9.1,127.5362,4.7
Low Fat,FDR21,Snack Foods,2017.0,OUT035,Tier 2,Small,Supermarket Type1,0.066923,19.7,174.837,4.7
Low Fat,FDT44,Fruits and Vegetables,2015.0,OUT045,Tier 2,Small,Supermarket Type1,0.103195,16.6,117.8466,4.7
Regular,FDZ47,Baking Goods,2018.0,OUT027,Tier 3,Medium,Supermarket Type3,0.078912,12.6,99.9042,4.7
Low Fat,FDD08,Fruits and Vegetables,2014.0,OUT013,Tier 3,High,Supermarket Type1,0.035325,8.3,38.9506,4.7
Low Fat,FDK02,Canned,2020.0,OUT017,Tier 2,Medium,Supermarket Type1,0.112859,12.5,118.344,4.7
Low Fat,FDR39,Meat,2012.0,OUT049,Tier 1,Medium,Supermarket Type1,0.08393,20.35,182.4292,4.7
Low Fat,DRI03,Dairy,2012.0,OUT049,Tier 1,Medium,Supermarket Type1,0.0,6.03,175.1028,4.7
Low Fat,FDJ52,Frozen Foods,2012.0,OUT049,Tier 1,Medium,Supermarket Type1,0.017815,7.145,159.8578,4.7
Low Fat,NCD42,Health and Hygiene,2012.0,OUT049,Tier 1,Medium,Supermarket Type1,0.012657,16.5,36.3506,4.7
Regular,FDY35,Breads,2012.0,OUT049,Tier 1,Medium,Supermarket Type1,0.016053,17.6,43.9402,4.7
Regular,FDL13,Breakfast,2012.0,OUT049,Tier 1,Medium,Supermarket Type1,0.056406,13.85,231.43,4.7
Regular,FDD38,Canned,2012.0,OUT049,Tier 1,Medium,Supermarket Type1,0.008204,16.75,99.8674,4.7
Regular,FDT26,Dairy,2012.0,OUT049,Tier 1,Medium,Supermarket Type1,0.068059,18.85,120.344,4.7
Regular,FDE28,Frozen Foods,2012.0,OUT049,Tier 1,Medium,Supermarket Type1,0.0,9.5,228.4668,4.7
Regular,FDO46,Snack Foods,2012.0,OUT049,Tier 1,Medium,Supermarket Type1,0.014235,9.6,190.2872,4.7
Regular,FDP45,Snack Foods,2012.0,OUT049,Tier 1,Medium,Supermarket Type1,0.030672,15.7,253.1724,4.7
Low Fat,DRH51,Dairy,2018.0,OUT019,Tier 1,Small,Grocery Store,0.170214,12.6,89.5856,4.7
Low Fat,FDQ10,Snack Foods,2018.0,OUT019,Tier 1,Small,Grocery Store,0.058093,12.6,172.0422,4.7
Regular,FDH52,Frozen Foods,2018.0,OUT019,Tier 1,Small,Grocery Store,0.076869,12.6,62.1194,4.7
Regular,FDC10,Snack Foods,2018.0,OUT019,Tier 1,Small,Grocery Store,0.127599,12.6,118.9098,4.7
Low Fat,FDY27,Dairy,2016.0,OUT046,Tier 1,Small,Supermarket Type1,0.031898,6.38,177.4344,4.7
Low Fat,FDY52,Frozen Foods,2016.0,OUT046,Tier 1,Small,Supermarket Type1,0.007348,6.365,62.8536,4.7
Low Fat,DRN35,Hard Drinks,2016.0,OUT046,Tier 1,Small,Supermarket Type1,0.070248,8.01,37.5532,4.7
Low Fat,DRI47,Hard Drinks,2016.0,OUT046,Tier 1,Small,Supermarket Type1,0.02092,14.7,143.8128,4.7
Low Fat,NCT05,Health and Hygiene,2016.0,OUT046,Tier 1,Small,Supermarket Type1,0.020952,10.895,255.3672,4.7
Low Fat,NCW17,Health and Hygiene,2016.0,OUT046,Tier 1,Small,Supermarket Type1,0.019386,18.0,126.8994,4.7
Low Fat,FDA39,Meat,2016.0,OUT046,Tier 1,Small,Supermarket Type1,0.012718,6.32,40.2822,4.7
Regular,FDS25,Canned,2016.0,OUT046,Tier 1,Small,Supermarket Type1,0.140009,6.885,108.7228,4.7
Regular,FDC16,Dairy,2016.0,OUT046,Tier 1,Small,Supermarket Type1,0.0,11.5,88.254,4.7
Regular,FDN28,Frozen Foods,2016.0,OUT046,Tier 1,Small,Supermarket Type1,0.030248,5.88,101.399,4.7
Regular,FDW03,Meat,2016.0,OUT046,Tier 1,Small,Supermarket Type1,0.024541,5.63,105.1306,4.7
Regular,FDJ21,Snack Foods,2016.0,OUT046,Tier 1,Small,Supermarket Type1,0.038528,16.7,143.9102,4.7
Low Fat,FDD48,Baking Goods,2015.0,OUT045,Tier 2,Medium,Supermarket Type1,0.03022,10.395,114.7176,4.7
Low Fat,FDW13,Canned,2015.0,OUT045,Tier 2,Medium,Supermarket Type1,0.098083,8.5,50.3324,4.7
Low Fat,DRD15,Dairy,2015.0,OUT045,Tier 2,Medium,Supermarket Type1,0.056911,10.6,233.9642,4.7
Low Fat,FDH32,Fruits and Vegetables,2015.0,OUT045,Tier 2,Medium,Supermarket Type1,0.076214,12.8,96.541,4.7
Low Fat,NCT05,Health and Hygiene,2015.0,OUT045,Tier 2,Small,Supermarket Type1,0.020994,10.895,255.6672,4.7
Low Fat,NCV30,Household,2015.0,OUT045,Tier 2,Small,Supermarket Type1,0.066066,20.2,61.351,4.7
Low Fat,FDW10,Snack Foods,2020.0,OUT017,Tier 2,High,Supermarket Type1,0.071076,21.2,174.837,4.7
Regular,FDR36,Baking Goods,2015.0,OUT045,Tier 2,High,Supermarket Type1,0.121833,6.715,43.5454,4.7
Regular,FDV22,Snack Foods,2015.0,OUT045,Tier 2,High,Supermarket Type1,0.009959,14.85,157.963,4.7
Regular,DRA59,Soft Drinks,2020.0,OUT017,Tier 2,Medium,Supermarket Type1,0.0,8.27,183.2924,4.7
Low Fat,FDI14,Canned,2017.0,OUT035,Tier 2,Small,Supermarket Type1,0.089661,14.1,140.0496,4.7
Low Fat,FDT37,Canned,2017.0,OUT035,Tier 2,Small,Supermarket Type1,0.035263,14.15,254.8014,4.7
Low Fat,FDX25,Canned,2017.0,OUT035,Tier 2,Small,Supermarket Type1,0.102036,16.7,180.9292,4.7
Low Fat,DRH03,Dairy,2017.0,OUT035,Tier 2,Small,Supermarket Type1,0.035058,17.25,91.612,4.7
Low Fat,FDA58,Snack Foods,2017.0,OUT035,Tier 2,Small,Supermarket Type1,0.103732,9.395,236.9932,4.7
Regular,FDY35,Breads,2017.0,OUT035,Tier 2,Small,Supermarket Type1,0.016025,17.6,44.0402,4.7
Regular,FDH05,Frozen Foods,2017.0,OUT035,Tier 2,Small,Supermarket Type1,0.090896,14.35,231.2984,4.7
Regular,FDI41,Frozen Foods,2017.0,OUT035,Tier 2,Small,Supermarket Type1,0.062245,18.5,145.8418,4.7
Regular,FDO20,Fruits and Vegetables,2017.0,OUT035,Tier 2,Small,Supermarket Type1,0.152099,12.85,252.6382,4.7
Regular,FDC57,Fruits and Vegetables,2017.0,OUT035,Tier 2,Small,Supermarket Type1,0.054584,20.1,193.382,4.7
Regular,FDT27,Meat,2017.0,OUT035,Tier 2,Small,Supermarket Type1,0.069574,11.395,232.8616,4.7
Low Fat,FDT34,Snack Foods,2011.0,OUT010,Tier 3,Medium,Grocery Store,0.291827,9.3,107.1964,4.7
Low Fat,FDK51,Dairy,2011.0,OUT010,Tier 3,Medium,Grocery Store,0.008763,19.85,266.6884,4.7
Low Fat,FDK04,Frozen Foods,2011.0,OUT010,Tier 3,Medium,Grocery Store,0.08756,7.36,55.2588,4.7
Low Fat,NCZ53,Health and Hygiene,2011.0,OUT010,Tier 3,Medium,Grocery Store,0.04097,9.6,188.7214,4.7
Regular,FDV04,Frozen Foods,2011.0,OUT010,Tier 3,High,Grocery Store,0.251095,7.825,156.6288,4.7
Regular,FDR22,Snack Foods,2011.0,OUT010,Tier 3,Small,Grocery Store,0.03107,19.35,112.0544,4.7
Low Fat,FDO24,Baking Goods,2014.0,OUT013,Tier 3,High,Supermarket Type1,0.176069,11.1,156.7604,4.7
Low Fat,FDQ24,Baking Goods,2014.0,OUT013,Tier 3,High,Supermarket Type1,0.073605,15.7,249.6724,4.7
Low Fat,NCH29,Health and Hygiene,2014.0,OUT013,Tier 3,High,Supermarket Type1,0.034445,5.51,95.8726,4.7
Low Fat,NCW54,Household,2014.0,OUT013,Tier 3,High,Supermarket Type1,0.096333,7.5,57.8588,4.7
Low Fat,NCP30,Household,2014.0,OUT013,Tier 3,High,Supermarket Type1,0.032741,20.5,40.4822,4.7
Low Fat,FDQ46,Snack Foods,2014.0,OUT013,Tier 3,High,Supermarket Type1,0.103727,7.51,110.6544,4.7
Regular,FDY12,Baking Goods,2014.0,OUT013,Tier 3,High,Supermarket Type1,0.0,9.8,49.2008,4.7
Low Fat,FDV38,Dairy,2022.0,OUT018,Tier 3,Medium,Supermarket Type2,0.102188,19.25,54.3956,4.7
Low Fat,FDJ53,Frozen Foods,2022.0,OUT018,Tier 3,Medium,Supermarket Type2,0.071548,10.5,120.2098,4.7
Low Fat,FDE22,Snack Foods,2022.0,OUT018,Tier 3,Medium,Supermarket Type2,0.029693,9.695,159.792,4.7
Regular,FDB14,Canned,2022.0,OUT018,Tier 3,Medium,Supermarket Type2,0.103142,20.25,94.612,4.7
Regular,FDU58,Snack Foods,2022.0,OUT018,Tier 3,Medium,Supermarket Type2,0.02913,6.61,188.4898,4.7
Regular,FDB23,Starchy Foods,2022.0,OUT018,Tier 3,Medium,Supermarket Type2,0.005611,19.2,226.2062,4.7
Low Fat,FDK24,Baking Goods,2018.0,OUT027,Tier 3,Medium,Supermarket Type3,0.100804,12.6,45.4744,4.7
Low Fat,FDW49,Canned,2018.0,OUT027,Tier 3,Medium,Supermarket Type3,0.082152,12.6,179.9002,4.7
Low Fat,NCW53,Health and Hygiene,2018.0,OUT027,Tier 3,Medium,Supermarket Type3,0.030347,12.6,192.5162,4.7
Low Fat,NCB18,Household,2018.0,OUT027,Tier 3,Medium,Supermarket Type3,0.041091,12.6,89.5514,4.7
Low Fat,DRD13,Soft Drinks,2018.0,OUT027,Tier 3,Medium,Supermarket Type3,0.048842,12.6,64.7168,4.7
Low Fat,DRF01,Soft Drinks,2018.0,OUT027,Tier 3,Medium,Supermarket Type3,0.174232,12.6,146.6102,4.7
Low Fat,FDN48,Baking Goods,2018.0,OUT019,Tier 1,Small,Grocery Store,0.11372,12.6,89.9804,4.6
Regular,FDQ49,Breakfast,2018.0,OUT027,Tier 3,Medium,Supermarket Type3,0.039058,12.6,155.963,4.6
Low Fat,DRG27,Dairy,2012.0,OUT049,Tier 1,Medium,Supermarket Type1,0.105274,8.895,39.9138,4.6
Low Fat,FDD03,Dairy,2016.0,OUT046,Tier 1,Small,Supermarket Type1,0.079806,13.3,232.53,4.6
Low Fat,NCE06,Household,2018.0,OUT019,Tier 1,Small,Grocery Store,0.160179,12.6,160.2894,4.6
Regular,FDJ60,Baking Goods,2015.0,OUT045,Tier 2,Medium,Supermarket Type1,0.062655,19.35,163.3184,4.6
Low Fat,FDG52,Frozen Foods,2014.0,OUT013,Tier 3,High,Supermarket Type1,0.065576,13.65,47.7402,4.6
Low Fat,FDU59,Breads,2012.0,OUT049,Tier 1,Medium,Supermarket Type1,0.096536,5.78,162.8552,4.6
Low Fat,DRK39,Dairy,2012.0,OUT049,Tier 1,Medium,Supermarket Type1,0.049943,7.02,82.425,4.6
Low Fat,DRL60,Soft Drinks,2012.0,OUT049,Tier 1,Medium,Supermarket Type1,0.027101,8.52,151.7682,4.6
Regular,FDP48,Baking Goods,2012.0,OUT049,Tier 1,Medium,Supermarket Type1,0.044092,7.52,182.995,4.6
Regular,FDA35,Baking Goods,2012.0,OUT049,Tier 1,Medium,Supermarket Type1,0.053921,14.85,123.0072,4.6
Regular,FDQ40,Frozen Foods,2012.0,OUT049,Tier 1,Medium,Supermarket Type1,0.036084,11.1,175.4712,4.6
Regular,FDH44,Fruits and Vegetables,2012.0,OUT049,Tier 1,Medium,Supermarket Type1,0.025912,19.1,146.8418,4.6
Regular,FDJ21,Snack Foods,2012.0,OUT049,Tier 1,Medium,Supermarket Type1,0.038588,16.7,144.6102,4.6
Regular,FDW26,Dairy,2018.0,OUT019,Tier 1,Small,Grocery Store,0.187443,12.6,220.4772,4.6
Regular,FDB35,Starchy Foods,2018.0,OUT019,Tier 1,Small,Grocery Store,0.113139,12.6,92.9804,4.6
Low Fat,FDB08,Fruits and Vegetables,2016.0,OUT046,Tier 1,Small,Supermarket Type1,0.031103,6.055,159.9578,4.6
Low Fat,NCY18,Household,2016.0,OUT046,Tier 1,Small,Supermarket Type1,0.031152,7.285,173.2054,4.6
Low Fat,NCR38,Household,2016.0,OUT046,Tier 1,Small,Supermarket Type1,0.113518,17.25,253.5724,4.6
Low Fat,FDK21,Snack Foods,2016.0,OUT046,Tier 1,Small,Supermarket Type1,0.010012,7.905,250.4408,4.6
Low Fat,DRF01,Soft Drinks,2016.0,OUT046,Tier 1,Small,Supermarket Type1,0.0,5.655,147.5102,4.6
Regular,FDA02,Dairy,2016.0,OUT046,Tier 1,Small,Supermarket Type1,0.029723,14.0,143.4786,4.6
Regular,FDD40,Dairy,2016.0,OUT046,Tier 1,Small,Supermarket Type1,0.014793,20.25,191.5162,4.6
Regular,FDM58,Snack Foods,2016.0,OUT046,Tier 1,Small,Supermarket Type1,0.07969,16.85,113.4544,4.6
Regular,FDU24,Baking Goods,2016.0,OUT046,Tier 1,Small,Supermarket Type1,0.140163,6.78,94.212,4.6
Low Fat,FDS55,Fruits and Vegetables,2015.0,OUT045,Tier 2,Medium,Supermarket Type1,0.081329,7.02,150.0734,4.6
Low Fat,FDC45,Fruits and Vegetables,2015.0,OUT045,Tier 2,Medium,Supermarket Type1,0.136008,17.0,171.7106,4.6
Low Fat,FDB33,Fruits and Vegetables,2015.0,OUT045,Tier 2,Medium,Supermarket Type1,0.01461,17.75,160.4262,4.6
Low Fat,NCP42,Household,2015.0,OUT045,Tier 2,Small,Supermarket Type1,0.016143,8.51,194.2478,4.6
Low Fat,NCL54,Household,2015.0,OUT045,Tier 2,Small,Supermarket Type1,0.082922,12.6,175.2054,4.6
Low Fat,NCC07,Household,2015.0,OUT045,Tier 2,Small,Supermarket Type1,0.024,19.6,104.0964,4.6
Low Fat,FDP60,Baking Goods,2020.0,OUT017,Tier 2,Small,Supermarket Type1,0.056235,17.35,102.0016,4.6
Low Fat,FDI14,Canned,2020.0,OUT017,Tier 2,Small,Supermarket Type1,0.090185,14.1,140.2496,4.6
Low Fat,FDJ07,Meat,2020.0,OUT017,Tier 2,High,Supermarket Type1,0.014505,7.26,118.415,4.6
Low Fat,DRD12,Soft Drinks,2020.0,OUT017,Tier 2,High,Supermarket Type1,0.07763,6.96,90.9146,4.6
Low Fat,DRN37,Soft Drinks,2020.0,OUT017,Tier 2,High,Supermarket Type1,0.096842,9.6,166.1158,4.6
Low Fat,DRF37,Soft Drinks,2020.0,OUT017,Tier 2,High,Supermarket Type1,0.08481,17.25,261.191,4.6
Regular,FDX35,Breads,2015.0,OUT045,Tier 2,High,Supermarket Type1,0.080073,5.035,228.2036,4.6
Regular,FDP28,Frozen Foods,2015.0,OUT045,Tier 2,High,Supermarket Type1,0.080804,13.65,261.1936,4.6
Regular,FDJ27,Meat,2015.0,OUT045,Tier 2,High,Supermarket Type1,0.122123,17.7,100.7674,4.6
Regular,FDF10,Snack Foods,2015.0,OUT045,Tier 2,High,Supermarket Type1,0.157247,15.5,145.6418,4.6
Regular,DRC13,Soft Drinks,2015.0,OUT045,Tier 2,High,Supermarket Type1,0.0,8.26,122.573,4.6
Regular,FDG12,Baking Goods,2020.0,OUT017,Tier 2,High,Supermarket Type1,0.006362,6.635,121.1098,4.6
Regular,FDH50,Canned,2020.0,OUT017,Tier 2,High,Supermarket Type1,0.162349,15.0,185.9266,4.6
Regular,FDE20,Fruits and Vegetables,2020.0,OUT017,Tier 2,Medium,Supermarket Type1,0.005562,11.35,168.379,4.6
Regular,FDU03,Meat,2020.0,OUT017,Tier 2,Medium,Supermarket Type1,0.092096,18.7,183.3292,4.6
Low Fat,FDW59,Breads,2017.0,OUT035,Tier 2,Small,Supermarket Type1,0.020712,13.15,82.7566,4.6
Low Fat,FDN32,Fruits and Vegetables,2017.0,OUT035,Tier 2,Small,Supermarket Type1,0.015557,17.5,184.7266,4.6
Low Fat,NCK05,Health and Hygiene,2017.0,OUT035,Tier 2,Small,Supermarket Type1,0.07744,20.1,60.6536,4.6
Low Fat,NCJ18,Household,2017.0,OUT035,Tier 2,Small,Supermarket Type1,0.163911,12.35,119.2124,4.6
Low Fat,NCE30,Household,2017.0,OUT035,Tier 2,Small,Supermarket Type1,0.099117,16.0,210.7902,4.6
Low Fat,FDX15,Meat,2017.0,OUT035,Tier 2,Small,Supermarket Type1,0.156269,17.2,159.6578,4.6
Low Fat,FDT22,Snack Foods,2017.0,OUT035,Tier 2,Small,Supermarket Type1,0.112076,10.395,58.022,4.6
Low Fat,FDR10,Snack Foods,2017.0,OUT035,Tier 2,Small,Supermarket Type1,0.010038,17.6,163.5552,4.6
Low Fat,DRL49,Soft Drinks,2017.0,OUT035,Tier 2,Small,Supermarket Type1,0.056418,13.15,142.4812,4.6
Regular,FDF29,Frozen Foods,2017.0,OUT035,Tier 2,Small,Supermarket Type1,0.01993,15.1,131.531,4.6
Regular,FDT56,Fruits and Vegetables,2017.0,OUT035,Tier 2,Small,Supermarket Type1,0.115571,16.0,57.5246,4.6
Regular,FDN03,Meat,2017.0,OUT035,Tier 2,Small,Supermarket Type1,0.015087,9.8,250.1408,4.6
Regular,FDW15,Meat,2017.0,OUT035,Tier 2,Small,Supermarket Type1,0.055103,15.35,149.7734,4.6
Regular,FDU51,Meat,2017.0,OUT035,Tier 2,Small,Supermarket Type1,0.096495,20.2,175.6028,4.6
Low Fat,FDQ14,Dairy,2011.0,OUT010,Tier 3,Medium,Grocery Store,0.103419,9.27,148.105,4.6
Low Fat,DRC27,Dairy,2011.0,OUT010,Tier 3,Medium,Grocery Store,0.097252,13.8,245.7802,4.6
Low Fat,DRE03,Dairy,2011.0,OUT010,Tier 3,Medium,Grocery Store,0.040551,19.6,45.5718,4.6
Low Fat,FDD16,Frozen Foods,2011.0,OUT010,Tier 3,Medium,Grocery Store,0.060848,20.5,75.0696,4.6
Low Fat,FDT03,Meat,2011.0,OUT010,Tier 3,High,Grocery Store,0.016736,21.25,185.2608,4.6
Low Fat,FDG47,Starchy Foods,2011.0,OUT010,Tier 3,High,Grocery Store,0.116528,12.8,261.4252,4.6
Low Fat,FDG60,Baking Goods,2014.0,OUT013,Tier 3,High,Supermarket Type1,0.060649,20.35,232.7616,4.6
Low Fat,FDS37,Canned,2014.0,OUT013,Tier 3,High,Supermarket Type1,0.031918,7.655,117.7492,4.6
Low Fat,DRG03,Dairy,2014.0,OUT013,Tier 3,High,Supermarket Type1,0.061935,14.5,154.4998,4.6
Low Fat,FDB52,Dairy,2014.0,OUT013,Tier 3,High,Supermarket Type1,0.03041,17.75,256.0672,4.6
Low Fat,FDK40,Frozen Foods,2014.0,OUT013,Tier 3,High,Supermarket Type1,0.0,7.035,262.691,4.6
Low Fat,NCZ53,Health and Hygiene,2014.0,OUT013,Tier 3,High,Supermarket Type1,0.024457,9.6,186.6214,4.6
Low Fat,NCP41,Health and Hygiene,2014.0,OUT013,Tier 3,High,Supermarket Type1,0.016197,16.6,108.8596,4.6
Low Fat,NCY42,Household,2014.0,OUT013,Tier 3,High,Supermarket Type1,0.01515,6.38,144.047,4.6
Low Fat,NCO43,Others,2014.0,OUT013,Tier 3,High,Supermarket Type1,0.047059,5.5,100.1016,4.6
Low Fat,FDR46,Snack Foods,2014.0,OUT013,Tier 3,High,Supermarket Type1,0.139302,16.85,144.976,4.6
Low Fat,FDW58,Snack Foods,2014.0,OUT013,Tier 3,High,Supermarket Type1,0.007547,20.75,104.1622,4.6
Regular,FDX36,Baking Goods,2014.0,OUT013,Tier 3,High,Supermarket Type1,0.128176,9.695,224.8404,4.6
Regular,FDM01,Breakfast,2014.0,OUT013,Tier 3,High,Supermarket Type1,0.094488,7.895,100.7332,4.6
Regular,FDX38,Dairy,2014.0,OUT013,Tier 3,High,Supermarket Type1,0.048167,10.5,48.8376,4.6
Regular,FDH53,Frozen Foods,2014.0,OUT013,Tier 3,High,Supermarket Type1,0.019184,20.5,83.7592,4.6
Regular,FDZ51,Meat,2014.0,OUT013,Tier 3,High,Supermarket Type1,0.054507,11.3,96.3094,4.6
Regular,FDV57,Snack Foods,2014.0,OUT013,Tier 3,High,Supermarket Type1,0.065842,15.25,179.866,4.6
Low Fat,FDV59,Breads,2022.0,OUT018,Tier 3,Medium,Supermarket Type2,0.0,13.35,217.6166,4.6
Low Fat,FDT02,Dairy,2022.0,OUT018,Tier 3,Medium,Supermarket Type2,0.024293,12.6,33.4874,4.6
Low Fat,DRD60,Soft Drinks,2022.0,OUT018,Tier 3,Medium,Supermarket Type2,0.037384,15.7,179.7634,4.6
Low Fat,FDV35,Breads,2022.0,OUT018,Tier 3,Medium,Supermarket Type2,0.128728,19.5,155.3314,4.6
Low Fat,FDK14,Canned,2022.0,OUT018,Tier 3,Medium,Supermarket Type2,0.041273,6.98,82.4934,4.6
Low Fat,DRC27,Dairy,2022.0,OUT018,Tier 3,Medium,Supermarket Type2,0.058339,13.8,246.2802,4.6
Low Fat,NCL53,Health and Hygiene,2022.0,OUT018,Tier 3,Medium,Supermarket Type2,0.036383,7.5,177.9028,4.6
Regular,FDK26,Canned,2022.0,OUT018,Tier 3,Medium,Supermarket Type2,0.032308,5.46,185.224,4.6
Low Fat,FDD57,Fruits and Vegetables,2018.0,OUT027,Tier 3,Medium,Supermarket Type3,0.022291,12.6,93.6094,4.6
Low Fat,FDM03,Meat,2018.0,OUT027,Tier 3,Medium,Supermarket Type3,0.0,12.6,109.1938,4.6
Low Fat,FDX15,Meat,2018.0,OUT027,Tier 3,Medium,Supermarket Type3,0.155542,12.6,159.7578,4.6
Low Fat,FDA10,Snack Foods,2018.0,OUT027,Tier 3,Medium,Supermarket Type3,0.141129,12.6,121.6072,4.6
Regular,FDE56,Fruits and Vegetables,2018.0,OUT027,Tier 3,Medium,Supermarket Type3,0.158425,12.6,62.4194,4.6
Regular,FDS31,Fruits and Vegetables,2018.0,OUT027,Tier 3,Medium,Supermarket Type3,0.043978,12.6,178.4318,4.6
Regular,FDW39,Meat,2018.0,OUT027,Tier 3,Medium,Supermarket Type3,0.036732,12.6,177.237,4.6
Regular,FDY39,Meat,2018.0,OUT027,Tier 3,Medium,Supermarket Type3,0.0,12.6,182.0608,4.6
Low Fat,NCQ53,Health and Hygiene,2018.0,OUT027,Tier 3,Medium,Supermarket Type3,0.018814,12.6,235.259,4.6
Regular,FDG35,Starchy Foods,2018.0,OUT027,Tier 3,Medium,Supermarket Type3,0.007007,12.6,173.5738,4.6
Low Fat,NCP18,Household,2020.0,OUT017,Tier 2,Small,Supermarket Type1,0.02876,12.15,151.4708,4.5
Low Fat,FDY58,Snack Foods,2022.0,OUT018,Tier 3,Medium,Supermarket Type2,0.040081,11.65,227.0694,4.5
Low Fat,NCB06,Health and Hygiene,2017.0,OUT035,Tier 2,Small,Supermarket Type1,0.082317,17.6,160.692,4.5
Regular,FDB36,Baking Goods,2022.0,OUT018,Tier 3,Medium,Supermarket Type2,0.0,5.465,132.5626,4.5
Low Fat,FDR47,Breads,2011.0,OUT010,Tier 3,Small,Grocery Store,0.0,17.85,196.5794,4.5
Regular,FDE10,Snack Foods,2011.0,OUT010,Tier 3,Small,Grocery Store,0.150555,6.67,130.0626,4.5
Low Fat,DRK01,Soft Drinks,2017.0,OUT035,Tier 2,Small,Supermarket Type1,0.061053,7.63,95.4436,4.5
Low Fat,FDL22,Snack Foods,2016.0,OUT046,Tier 1,Small,Supermarket Type1,0.03639,16.85,91.4488,4.5
Low Fat,NCD06,Household,2022.0,OUT018,Tier 3,Medium,Supermarket Type2,0.09973,13.0,46.306,4.5
Low Fat,NCT54,Household,2012.0,OUT049,Tier 1,Medium,Supermarket Type1,0.119721,8.695,95.5094,4.5
Low Fat,FDV59,Breads,2015.0,OUT045,Tier 2,Small,Supermarket Type1,0.048124,13.35,216.7166,4.5
Regular,FDY49,Canned,2018.0,OUT027,Tier 3,Medium,Supermarket Type3,0.011954,12.6,164.5184,4.5
Low Fat,NCS54,Household,2014.0,OUT013,Tier 3,High,Supermarket Type1,0.009985,13.6,175.437,4.5
Low Fat,NCJ54,Household,2018.0,OUT027,Tier 3,Medium,Supermarket Type3,0.059776,12.6,231.7642,4.5
Low Fat,FDR60,Baking Goods,2020.0,OUT017,Tier 2,Medium,Supermarket Type1,0.131153,14.3,78.6328,4.5
Regular,FDJ20,Fruits and Vegetables,2012.0,OUT049,Tier 1,Medium,Supermarket Type1,0.100331,20.7,123.4388,4.5
Low Fat,DRM11,Hard Drinks,2014.0,OUT013,Tier 3,High,Supermarket Type1,0.066015,6.57,259.7278,4.5
Low Fat,FDK44,Fruits and Vegetables,2015.0,OUT045,Tier 2,Medium,Supermarket Type1,0.122475,16.6,175.5738,4.5
Low Fat,FDP10,Snack Foods,2017.0,OUT035,Tier 2,Small,Supermarket Type1,0.128066,19.0,104.3622,4.5
Regular,FDG14,Canned,2020.0,OUT017,Tier 2,Medium,Supermarket Type1,0.050786,9.0,152.2024,4.5
Low Fat,FDA10,Snack Foods,2012.0,OUT049,Tier 1,Medium,Supermarket Type1,0.0,20.35,120.9072,4.5
Low Fat,FDO34,Snack Foods,2020.0,OUT017,Tier 2,Medium,Supermarket Type1,0.030108,17.7,165.9816,4.5
Low Fat,FDN15,Meat,2011.0,OUT010,Tier 3,Medium,Grocery Store,0.028009,17.5,141.718,4.5
Low Fat,NCN41,Health and Hygiene,2014.0,OUT013,Tier 3,High,Supermarket Type1,0.052166,17.0,125.073,4.5
Low Fat,DRE27,Dairy,2016.0,OUT046,Tier 1,Small,Supermarket Type1,0.132671,11.85,96.4726,4.5
Low Fat,FDU40,Frozen Foods,2011.0,OUT010,Tier 3,Medium,Grocery Store,0.062607,20.85,192.2478,4.5
Low Fat,NCS54,Household,2012.0,OUT049,Tier 1,Medium,Supermarket Type1,0.010009,13.6,176.737,4.5
Low Fat,NCL55,Others,2020.0,OUT017,Tier 2,Medium,Supermarket Type1,0.065026,12.15,253.704,4.5
Regular,FDJ55,Meat,2020.0,OUT017,Tier 2,Medium,Supermarket Type1,0.023664,12.8,226.0404,4.5
Low Fat,NCN43,Others,2011.0,OUT010,Tier 3,Medium,Grocery Store,0.011314,12.15,122.973,4.5
Low Fat,FDZ60,Baking Goods,2012.0,OUT049,Tier 1,Medium,Supermarket Type1,0.119547,20.5,108.9596,4.5
Low Fat,FDS23,Breads,2012.0,OUT049,Tier 1,Medium,Supermarket Type1,0.141108,4.635,128.2994,4.5
Low Fat,FDK38,Canned,2012.0,OUT049,Tier 1,Medium,Supermarket Type1,0.053373,6.65,149.5734,4.5
Low Fat,FDR02,Dairy,2012.0,OUT049,Tier 1,Medium,Supermarket Type1,0.0221,16.7,110.1886,4.5
Low Fat,FDF17,Frozen Foods,2012.0,OUT049,Tier 1,Medium,Supermarket Type1,0.042687,5.19,195.911,4.5
Low Fat,FDR43,Fruits and Vegetables,2012.0,OUT049,Tier 1,Medium,Supermarket Type1,0.161741,18.2,38.419,4.5
Low Fat,DRL11,Hard Drinks,2012.0,OUT049,Tier 1,Medium,Supermarket Type1,0.048093,10.5,159.2946,4.5
Low Fat,NCS41,Health and Hygiene,2012.0,OUT049,Tier 1,Medium,Supermarket Type1,0.053527,12.85,185.1608,4.5
Low Fat,NCP05,Health and Hygiene,2012.0,OUT049,Tier 1,Medium,Supermarket Type1,0.025326,19.6,150.9024,4.5
Low Fat,NCY18,Household,2012.0,OUT049,Tier 1,Medium,Supermarket Type1,0.031201,7.285,174.7054,4.5
Low Fat,NCP42,Household,2012.0,OUT049,Tier 1,Medium,Supermarket Type1,0.016136,8.51,195.6478,4.5
Low Fat,NCP18,Household,2012.0,OUT049,Tier 1,Medium,Supermarket Type1,0.028643,12.15,149.0708,4.5
Low Fat,NCB18,Household,2012.0,OUT049,Tier 1,Medium,Supermarket Type1,0.041355,19.6,88.7514,4.5
Low Fat,NCN14,Others,2012.0,OUT049,Tier 1,Medium,Supermarket Type1,0.092061,19.1,183.7608,4.5
Low Fat,FDJ45,Seafood,2012.0,OUT049,Tier 1,Medium,Supermarket Type1,0.073525,17.75,34.8216,4.5
Low Fat,FDH22,Snack Foods,2012.0,OUT049,Tier 1,Medium,Supermarket Type1,0.136513,6.405,128.7678,4.5
Low Fat,FDU22,Snack Foods,2012.0,OUT049,Tier 1,Medium,Supermarket Type1,0.093442,12.35,119.1124,4.5
Low Fat,FDO57,Snack Foods,2012.0,OUT049,Tier 1,Medium,Supermarket Type1,0.108879,20.75,161.5578,4.5
Low Fat,FDQ21,Snack Foods,2012.0,OUT049,Tier 1,Medium,Supermarket Type1,0.019453,21.25,120.8756,4.5
Low Fat,DRG37,Soft Drinks,2012.0,OUT049,Tier 1,Medium,Supermarket Type1,0.019409,16.2,156.7972,4.5
Low Fat,FDB11,Starchy Foods,2012.0,OUT049,Tier 1,Medium,Supermarket Type1,0.060943,16.0,225.6404,4.5
Regular,FDL14,Canned,2012.0,OUT049,Tier 1,Medium,Supermarket Type1,0.032209,8.115,154.9972,4.5
Regular,FDQ01,Canned,2012.0,OUT049,Tier 1,Medium,Supermarket Type1,0.160951,19.7,256.1014,4.5
Regular,FDW26,Dairy,2012.0,OUT049,Tier 1,Medium,Supermarket Type1,0.107224,11.8,223.5772,4.5
Regular,FDI05,Frozen Foods,2012.0,OUT049,Tier 1,Medium,Supermarket Type1,0.127067,8.35,76.5354,4.5
Regular,FDE17,Frozen Foods,2012.0,OUT049,Tier 1,Medium,Supermarket Type1,0.05454,20.1,152.1366,4.5
Regular,FDT19,Fruits and Vegetables,2012.0,OUT049,Tier 1,Medium,Supermarket Type1,0.145266,7.59,172.908,4.5
Regular,FDJ10,Snack Foods,2012.0,OUT049,Tier 1,Medium,Supermarket Type1,0.129705,5.095,141.8838,4.5
Low Fat,DRH03,Dairy,2012.0,OUT049,Tier 1,Medium,Supermarket Type1,0.035119,17.25,93.412,4.5
Low Fat,DRD15,Dairy,2018.0,OUT019,Tier 1,Small,Grocery Store,0.099442,12.6,233.1642,4.5
Low Fat,FDY32,Fruits and Vegetables,2018.0,OUT019,Tier 1,Small,Grocery Store,0.226284,12.6,163.221,4.5
Low Fat,NCG43,Household,2018.0,OUT019,Tier 1,Small,Grocery Store,0.129984,12.6,93.0462,4.5
Low Fat,NCO30,Household,2018.0,OUT019,Tier 1,Small,Grocery Store,0.027532,12.6,185.0608,4.5
Low Fat,NCQ06,Household,2018.0,OUT019,Tier 1,Small,Grocery Store,0.073229,12.6,254.1014,4.5
Low Fat,NCV06,Household,2018.0,OUT019,Tier 1,Small,Grocery Store,0.11675,12.6,195.2478,4.5
Low Fat,NCZ54,Household,2018.0,OUT019,Tier 1,Small,Grocery Store,0.145952,12.6,160.9552,4.5
Low Fat,NCP50,Others,2018.0,OUT019,Tier 1,Small,Grocery Store,0.035998,12.6,78.6618,4.5
Low Fat,FDF46,Snack Foods,2018.0,OUT019,Tier 1,Small,Grocery Store,0.164006,12.6,113.2834,4.5
Low Fat,FDR33,Snack Foods,2018.0,OUT019,Tier 1,Small,Grocery Store,0.046904,12.6,110.657,4.5
Low Fat,FDS57,Snack Foods,2018.0,OUT019,Tier 1,Small,Grocery Store,0.181114,12.6,141.647,4.5
Low Fat,DRH01,Soft Drinks,2018.0,OUT019,Tier 1,Small,Grocery Store,0.171417,12.6,173.0738,4.5
Regular,FDJ58,Snack Foods,2018.0,OUT019,Tier 1,Small,Grocery Store,0.18436,12.6,172.6764,4.5
Regular,FDL57,Snack Foods,2018.0,OUT019,Tier 1,Small,Grocery Store,0.117443,12.6,257.7304,4.5
Regular,FDT09,Snack Foods,2018.0,OUT019,Tier 1,Small,Grocery Store,0.021471,12.6,131.0284,4.5
Regular,FDY33,Snack Foods,2018.0,OUT019,Tier 1,Small,Grocery Store,0.170187,12.6,159.0262,4.5
Low Fat,FDP09,Snack Foods,2018.0,OUT019,Tier 1,Small,Grocery Store,0.059337,12.6,212.1902,4.5
Low Fat,FDQ12,Baking Goods,2016.0,OUT046,Tier 1,Small,Supermarket Type1,0.035411,12.65,231.401,4.5
Low Fat,FDX43,Fruits and Vegetables,2016.0,OUT046,Tier 1,Small,Supermarket Type1,0.085275,5.655,165.05,4.5
Low Fat,FDS47,Breads,2016.0,OUT046,Tier 1,Small,Supermarket Type1,0.128886,16.75,87.6856,4.5
Low Fat,FDN01,Breakfast,2016.0,OUT046,Tier 1,Small,Supermarket Type1,0.0,8.895,178.437,4.5
Low Fat,DRG51,Dairy,2016.0,OUT046,Tier 1,Small,Supermarket Type1,0.01154,12.1,163.5526,4.5
Low Fat,DRH03,Dairy,2016.0,OUT046,Tier 1,Small,Supermarket Type1,0.035064,17.25,92.412,4.5
Low Fat,FDB05,Frozen Foods,2016.0,OUT046,Tier 1,Small,Supermarket Type1,0.083198,5.155,246.0776,4.5
Low Fat,FDA16,Frozen Foods,2016.0,OUT046,Tier 1,Small,Supermarket Type1,0.0,6.695,219.4456,4.5
Low Fat,FDD29,Frozen Foods,2016.0,OUT046,Tier 1,Small,Supermarket Type1,0.018411,12.15,252.1698,4.5
Low Fat,FDZ19,Fruits and Vegetables,2016.0,OUT046,Tier 1,Small,Supermarket Type1,0.093455,6.425,175.3712,4.5
Low Fat,FDY55,Fruits and Vegetables,2016.0,OUT046,Tier 1,Small,Supermarket Type1,0.0,16.75,255.3988,4.5
Low Fat,NCU29,Health and Hygiene,2016.0,OUT046,Tier 1,Small,Supermarket Type1,0.025477,7.685,145.276,4.5
Low Fat,NCW41,Health and Hygiene,2016.0,OUT046,Tier 1,Small,Supermarket Type1,0.01545,18.0,158.9604,4.5
Low Fat,NCY17,Health and Hygiene,2016.0,OUT046,Tier 1,Small,Supermarket Type1,0.163096,18.2,43.0086,4.5
Low Fat,NCC19,Household,2016.0,OUT046,Tier 1,Small,Supermarket Type1,0.096881,6.57,191.482,4.5
Low Fat,NCJ43,Household,2016.0,OUT046,Tier 1,Small,Supermarket Type1,0.027069,6.635,174.9396,4.5
Low Fat,NCE19,Household,2016.0,OUT046,Tier 1,Small,Supermarket Type1,0.093015,8.97,52.7956,4.5
Low Fat,NCO18,Household,2016.0,OUT046,Tier 1,Small,Supermarket Type1,0.024651,13.15,179.5686,4.5
Low Fat,NCG43,Household,2016.0,OUT046,Tier 1,Small,Supermarket Type1,0.0,20.2,94.1462,4.5
Low Fat,FDT03,Meat,2016.0,OUT046,Tier 1,Small,Supermarket Type1,0.009999,21.25,182.3608,4.5
Low Fat,FDW33,Snack Foods,2016.0,OUT046,Tier 1,Small,Supermarket Type1,0.099121,9.395,107.228,4.5
Low Fat,DRC12,Soft Drinks,2016.0,OUT046,Tier 1,Small,Supermarket Type1,0.037827,17.85,189.7188,4.5
Regular,FDL14,Canned,2016.0,OUT046,Tier 1,Small,Supermarket Type1,0.032159,8.115,154.8972,4.5
Regular,FDZ01,Canned,2016.0,OUT046,Tier 1,Small,Supermarket Type1,0.009059,8.975,103.399,4.5
Regular,FDJ14,Canned,2016.0,OUT046,Tier 1,Small,Supermarket Type1,0.05007,10.3,77.896,4.5
Regular,FDB04,Dairy,2016.0,OUT046,Tier 1,Small,Supermarket Type1,0.063226,11.35,87.9856,4.5
Regular,FDA08,Fruits and Vegetables,2016.0,OUT046,Tier 1,Small,Supermarket Type1,0.050085,11.85,164.7526,4.5
Low Fat,FDX55,Fruits and Vegetables,2016.0,OUT046,Tier 1,Small,Supermarket Type1,0.055206,15.1,219.4166,4.5
Low Fat,NCF55,Household,2015.0,OUT045,Tier 2,Medium,Supermarket Type1,0.02171,6.675,34.9874,4.5
Low Fat,NCJ30,Household,2020.0,OUT017,Tier 2,Medium,Supermarket Type1,0.081097,5.82,170.379,4.5
Low Fat,FDR10,Snack Foods,2020.0,OUT017,Tier 2,Medium,Supermarket Type1,0.010097,17.6,160.4552,4.5
Low Fat,FDR48,Baking Goods,2015.0,OUT045,Tier 2,Medium,Supermarket Type1,0.131771,11.65,151.1024,4.5
Low Fat,FDL36,Baking Goods,2015.0,OUT045,Tier 2,Medium,Supermarket Type1,0.07623,15.1,90.483,4.5
Low Fat,FDH27,Dairy,2015.0,OUT045,Tier 2,Medium,Supermarket Type1,0.058465,7.075,145.3128,4.5
Low Fat,FDI52,Frozen Foods,2015.0,OUT045,Tier 2,Medium,Supermarket Type1,0.10489,18.7,121.4072,4.5
Low Fat,FDD45,Fruits and Vegetables,2015.0,OUT045,Tier 2,Medium,Supermarket Type1,0.116485,8.615,94.1436,4.5
Low Fat,NCS53,Health and Hygiene,2015.0,OUT045,Tier 2,Small,Supermarket Type1,0.08996,14.5,159.5604,4.5
Low Fat,NCA41,Health and Hygiene,2015.0,OUT045,Tier 2,Small,Supermarket Type1,0.032653,16.75,190.8162,4.5
Low Fat,NCY17,Health and Hygiene,2015.0,OUT045,Tier 2,Small,Supermarket Type1,0.0,18.2,44.1086,4.5
Low Fat,NCX17,Health and Hygiene,2015.0,OUT045,Tier 2,Small,Supermarket Type1,0.113834,21.25,232.83,4.5
Low Fat,NCV54,Household,2015.0,OUT045,Tier 2,Small,Supermarket Type1,0.033176,11.1,120.1124,4.5
Low Fat,NCQ06,Household,2015.0,OUT045,Tier 2,Small,Supermarket Type1,0.041909,13.0,255.0014,4.5
Low Fat,NCB55,Household,2015.0,OUT045,Tier 2,Small,Supermarket Type1,0.160989,15.7,57.8562,4.5
Low Fat,NCN54,Household,2015.0,OUT045,Tier 2,Small,Supermarket Type1,0.02137,20.35,75.8328,4.5
Low Fat,DRE12,Soft Drinks,2015.0,OUT045,Tier 2,Small,Supermarket Type1,0.0,4.59,111.186,4.5
Low Fat,FDR48,Baking Goods,2020.0,OUT017,Tier 2,Small,Supermarket Type1,0.132248,11.65,150.5024,4.5
Low Fat,FDO12,Baking Goods,2020.0,OUT017,Tier 2,Small,Supermarket Type1,0.055241,15.75,196.5452,4.5
Low Fat,FDS47,Breads,2020.0,OUT017,Tier 2,Small,Supermarket Type1,0.129615,16.75,86.1856,4.5
Low Fat,FDZ27,Dairy,2020.0,OUT017,Tier 2,Small,Supermarket Type1,0.017253,7.935,51.435,4.5
Low Fat,DRE03,Dairy,2020.0,OUT017,Tier 2,Small,Supermarket Type1,0.024364,19.6,46.3718,4.5
Low Fat,FDB08,Fruits and Vegetables,2020.0,OUT017,Tier 2,Small,Supermarket Type1,0.031279,6.055,160.3578,4.5
Low Fat,FDB44,Fruits and Vegetables,2020.0,OUT017,Tier 2,Small,Supermarket Type1,0.0,6.655,212.4586,4.5
Low Fat,FDE57,Fruits and Vegetables,2020.0,OUT017,Tier 2,Small,Supermarket Type1,0.03649,9.6,140.8154,4.5
Low Fat,FDN20,Fruits and Vegetables,2020.0,OUT017,Tier 2,Small,Supermarket Type1,0.02633,19.35,169.2474,4.5
Low Fat,NCD19,Household,2020.0,OUT017,Tier 2,Small,Supermarket Type1,0.013254,8.93,56.4614,4.5
Low Fat,NCG55,Household,2020.0,OUT017,Tier 2,High,Supermarket Type1,0.0,16.25,115.2176,4.5
Low Fat,NCO54,Household,2020.0,OUT017,Tier 2,High,Supermarket Type1,0.014355,19.5,55.4614,4.5
Low Fat,FDE46,Snack Foods,2020.0,OUT017,Tier 2,High,Supermarket Type1,0.015859,18.6,152.9366,4.5
Regular,FDR37,Breakfast,2015.0,OUT045,Tier 2,High,Supermarket Type1,0.066384,16.5,180.4292,4.5
Regular,FDA25,Canned,2015.0,OUT045,Tier 2,High,Supermarket Type1,0.068264,16.5,104.799,4.5
Regular,FDU50,Dairy,2015.0,OUT045,Tier 2,High,Supermarket Type1,0.075323,5.75,116.3176,4.5
Regular,FDT19,Fruits and Vegetables,2015.0,OUT045,Tier 2,High,Supermarket Type1,0.145335,7.59,173.108,4.5
Regular,FDX32,Fruits and Vegetables,2015.0,OUT045,Tier 2,High,Supermarket Type1,0.100061,15.1,144.0786,4.5
Regular,FDU51,Meat,2015.0,OUT045,Tier 2,High,Supermarket Type1,0.096709,20.2,175.8028,4.5
Regular,FDG46,Snack Foods,2015.0,OUT045,Tier 2,High,Supermarket Type1,0.032976,8.63,114.6518,4.5
Regular,FDM12,Baking Goods,2020.0,OUT017,Tier 2,High,Supermarket Type1,0.070312,16.7,189.6214,4.5
Regular,FDW38,Dairy,2020.0,OUT017,Tier 2,High,Supermarket Type1,0.139464,5.325,53.2298,4.5
Regular,FDZ14,Dairy,2020.0,OUT017,Tier 2,High,Supermarket Type1,0.047858,7.71,119.7756,4.5
Regular,FDS19,Fruits and Vegetables,2020.0,OUT017,Tier 2,Medium,Supermarket Type1,0.06457,13.8,76.2012,4.5
Regular,FDP03,Meat,2020.0,OUT017,Tier 2,Medium,Supermarket Type1,0.0,5.15,122.9388,4.5
Regular,FDR51,Meat,2020.0,OUT017,Tier 2,Medium,Supermarket Type1,0.174451,9.035,151.0708,4.5
Regular,FDR03,Meat,2020.0,OUT017,Tier 2,Medium,Supermarket Type1,0.008785,15.7,204.998,4.5
Regular,FDO46,Snack Foods,2020.0,OUT017,Tier 2,Medium,Supermarket Type1,0.0,9.6,191.0872,4.5
Regular,FDV22,Snack Foods,2020.0,OUT017,Tier 2,Medium,Supermarket Type1,0.009995,14.85,154.463,4.5
Low Fat,FDU35,Breads,2015.0,OUT045,Tier 2,Medium,Supermarket Type1,0.0,6.44,99.87,4.5
Low Fat,FDV49,Canned,2017.0,OUT035,Tier 2,Small,Supermarket Type1,0.025822,10.0,262.7226,4.5
Low Fat,FDA13,Canned,2017.0,OUT035,Tier 2,Small,Supermarket Type1,0.07854,15.85,36.3506,4.5
Low Fat,FDJ52,Frozen Foods,2017.0,OUT035,Tier 2,Small,Supermarket Type1,0.017784,7.145,159.4578,4.5
Low Fat,FDT04,Frozen Foods,2017.0,OUT035,Tier 2,Small,Supermarket Type1,0.107021,17.25,40.5822,4.5
Low Fat,NCZ41,Health and Hygiene,2017.0,OUT035,Tier 2,Small,Supermarket Type1,0.064409,19.85,126.7704,4.5
Low Fat,NCJ30,Household,2017.0,OUT035,Tier 2,Small,Supermarket Type1,0.080625,5.82,168.379,4.5
Low Fat,NCN54,Household,2017.0,OUT035,Tier 2,Small,Supermarket Type1,0.021322,20.35,79.1328,4.5
Low Fat,NCD54,Household,2017.0,OUT035,Tier 2,Small,Supermarket Type1,0.029003,21.1,143.4786,4.5
Low Fat,NCP50,Others,2017.0,OUT035,Tier 2,Small,Supermarket Type1,0.020556,17.35,79.4618,4.5
Low Fat,FDQ09,Snack Foods,2017.0,OUT035,Tier 2,Small,Supermarket Type1,0.058121,7.235,115.8834,4.5
Low Fat,FDI22,Snack Foods,2017.0,OUT035,Tier 2,Small,Supermarket Type1,0.096194,12.6,210.8612,4.5
Low Fat,DRD12,Soft Drinks,2017.0,OUT035,Tier 2,Small,Supermarket Type1,0.077179,6.96,93.1146,4.5
Low Fat,DRL60,Soft Drinks,2017.0,OUT035,Tier 2,Small,Supermarket Type1,0.027054,8.52,151.5682,4.5
Low Fat,DRD13,Soft Drinks,2017.0,OUT035,Tier 2,Small,Supermarket Type1,0.04907,15.0,61.9168,4.5
Regular,FDI48,Baking Goods,2017.0,OUT035,Tier 2,Small,Supermarket Type1,0.0,11.85,51.2666,4.5
Regular,FDZ49,Canned,2017.0,OUT035,Tier 2,Small,Supermarket Type1,0.13312,11.0,221.5798,4.5
Regular,FDJ02,Canned,2017.0,OUT035,Tier 2,Small,Supermarket Type1,0.025162,17.2,145.9418,4.5
Regular,FDJ15,Dairy,2017.0,OUT035,Tier 2,Small,Supermarket Type1,0.023318,11.35,182.4608,4.5
Regular,FDO52,Frozen Foods,2017.0,OUT035,Tier 2,Small,Supermarket Type1,0.07715,11.6,170.2106,4.5
Regular,FDU58,Snack Foods,2017.0,OUT035,Tier 2,Small,Supermarket Type1,0.029006,6.61,186.0898,4.5
Regular,FDN46,Snack Foods,2017.0,OUT035,Tier 2,Small,Supermarket Type1,0.144604,7.21,102.6332,4.5
Regular,FDO46,Snack Foods,2017.0,OUT035,Tier 2,Small,Supermarket Type1,0.01421,9.6,188.1872,4.5
Regular,FDI34,Snack Foods,2017.0,OUT035,Tier 2,Small,Supermarket Type1,0.08512,10.65,229.8668,4.5
Regular,FDG22,Snack Foods,2017.0,OUT035,Tier 2,Small,Supermarket Type1,0.041373,17.6,38.119,4.5
Regular,DRC13,Soft Drinks,2017.0,OUT035,Tier 2,Small,Supermarket Type1,0.032435,8.26,124.873,4.5
Low Fat,FDB17,Frozen Foods,2011.0,OUT010,Tier 3,Medium,Grocery Store,0.061382,13.15,179.9976,4.5
Low Fat,FDZ44,Fruits and Vegetables,2011.0,OUT010,Tier 3,Medium,Grocery Store,0.064825,8.185,116.0808,4.5
Low Fat,DRK35,Hard Drinks,2011.0,OUT010,Tier 3,Medium,Grocery Store,0.120256,8.365,39.2506,4.5
Low Fat,NCP29,Health and Hygiene,2011.0,OUT010,Tier 3,Medium,Grocery Store,0.187919,8.42,65.4168,4.5
Low Fat,NCZ29,Health and Hygiene,2011.0,OUT010,Tier 3,Medium,Grocery Store,0.119461,15.0,126.3362,4.5
Low Fat,NCS30,Household,2011.0,OUT010,Tier 3,Medium,Grocery Store,0.155707,5.945,127.9652,4.5
Low Fat,NCA42,Household,2011.0,OUT010,Tier 3,Medium,Grocery Store,0.047784,6.965,158.8604,4.5
Low Fat,NCH55,Household,2011.0,OUT010,Tier 3,Medium,Grocery Store,0.058034,16.35,124.802,4.5
Low Fat,FDT58,Snack Foods,2011.0,OUT010,Tier 3,High,Grocery Store,0.143871,9.0,169.4816,4.5
Low Fat,FDZ45,Snack Foods,2011.0,OUT010,Tier 3,High,Grocery Store,0.111937,14.1,198.8084,4.5
Low Fat,FDO57,Snack Foods,2011.0,OUT010,Tier 3,High,Grocery Store,0.181959,20.75,161.0578,4.5
Regular,FDT12,Baking Goods,2011.0,OUT010,Tier 3,High,Grocery Store,0.083057,6.215,224.4062,4.5
Regular,FDW12,Baking Goods,2011.0,OUT010,Tier 3,High,Grocery Store,0.059541,8.315,143.6444,4.5
Regular,FDF26,Canned,2011.0,OUT010,Tier 3,High,Grocery Store,0.078057,6.825,154.5998,4.5
Regular,FDV37,Canned,2011.0,OUT010,Tier 3,High,Grocery Store,0.139785,13.0,196.2426,4.5
Regular,FDW38,Dairy,2011.0,OUT010,Tier 3,High,Grocery Store,0.232122,5.325,55.5298,4.5
Regular,FDS04,Frozen Foods,2011.0,OUT010,Tier 3,High,Grocery Store,0.245484,10.195,141.8838,4.5
Regular,FDO22,Snack Foods,2011.0,OUT010,Tier 3,High,Grocery Store,0.029893,13.5,81.096,4.5
Regular,FDJ58,Snack Foods,2011.0,OUT010,Tier 3,Small,Grocery Store,0.176244,15.6,173.6764,4.5
Low Fat,FDW13,Canned,2011.0,OUT010,Tier 3,Small,Grocery Store,0.163839,8.5,51.3324,4.5
Low Fat,FDH48,Baking Goods,2014.0,OUT013,Tier 3,High,Supermarket Type1,0.0,13.5,88.054,4.5
Low Fat,FDO37,Breakfast,2014.0,OUT013,Tier 3,High,Supermarket Type1,0.021359,8.06,232.3326,4.5
Low Fat,FDD14,Canned,2014.0,OUT013,Tier 3,High,Supermarket Type1,0.169667,20.7,183.5266,4.5
Low Fat,FDV38,Dairy,2014.0,OUT013,Tier 3,High,Supermarket Type1,0.101689,19.25,54.6956,4.5
Low Fat,FDC41,Frozen Foods,2014.0,OUT013,Tier 3,High,Supermarket Type1,0.116816,15.6,75.567,4.5
Low Fat,FDE57,Fruits and Vegetables,2014.0,OUT013,Tier 3,High,Supermarket Type1,0.036255,9.6,141.0154,4.5
Low Fat,FDS07,Fruits and Vegetables,2014.0,OUT013,Tier 3,High,Supermarket Type1,0.099675,12.35,112.2518,4.5
Low Fat,NCJ30,Household,2014.0,OUT013,Tier 3,High,Supermarket Type1,0.0,5.82,169.379,4.5
Low Fat,NCI06,Household,2014.0,OUT013,Tier 3,High,Supermarket Type1,0.047678,11.3,181.466,4.5
Low Fat,FDO34,Snack Foods,2014.0,OUT013,Tier 3,High,Supermarket Type1,0.029914,17.7,166.2816,4.5
Low Fat,FDE46,Snack Foods,2014.0,OUT013,Tier 3,High,Supermarket Type1,0.015757,18.6,153.1366,4.5
Low Fat,DRH37,Soft Drinks,2014.0,OUT013,Tier 3,High,Supermarket Type1,0.041582,17.6,163.3526,4.5
Regular,FDH02,Canned,2014.0,OUT013,Tier 3,High,Supermarket Type1,0.020764,7.27,89.0488,4.5
Regular,FDC51,Dairy,2014.0,OUT013,Tier 3,High,Supermarket Type1,0.009614,10.895,122.973,4.5
Regular,FDT07,Fruits and Vegetables,2014.0,OUT013,Tier 3,High,Supermarket Type1,0.077255,5.82,257.633,4.5
Regular,FDJ44,Fruits and Vegetables,2014.0,OUT013,Tier 3,High,Supermarket Type1,0.106239,12.3,176.1396,4.5
Regular,FDO22,Snack Foods,2014.0,OUT013,Tier 3,High,Supermarket Type1,0.017845,13.5,81.396,4.5
Regular,FDI10,Snack Foods,2014.0,OUT013,Tier 3,High,Supermarket Type1,0.078339,8.51,172.9422,4.5
Low Fat,FDF04,Frozen Foods,2022.0,OUT018,Tier 3,Medium,Supermarket Type2,0.013693,17.5,259.7304,4.5
Low Fat,FDD11,Starchy Foods,2022.0,OUT018,Tier 3,Medium,Supermarket Type2,0.0,12.85,253.004,4.5
Low Fat,FDN12,Baking Goods,2022.0,OUT018,Tier 3,Medium,Supermarket Type2,0.0,15.6,111.8544,4.5
Low Fat,FDD14,Canned,2022.0,OUT018,Tier 3,Medium,Supermarket Type2,0.1705,20.7,184.1266,4.5
Low Fat,FDQ52,Frozen Foods,2022.0,OUT018,Tier 3,Medium,Supermarket Type2,0.119871,17.0,248.3434,4.5
Low Fat,FDJ08,Fruits and Vegetables,2022.0,OUT018,Tier 3,Medium,Supermarket Type2,0.111123,11.1,189.2846,4.5
Low Fat,FDY19,Fruits and Vegetables,2022.0,OUT018,Tier 3,Medium,Supermarket Type2,0.041533,19.75,119.8466,4.5
Low Fat,DRM11,Hard Drinks,2022.0,OUT018,Tier 3,Medium,Supermarket Type2,0.066339,6.57,261.4278,4.5
Low Fat,NCP41,Health and Hygiene,2022.0,OUT018,Tier 3,Medium,Supermarket Type2,0.016277,16.6,109.8596,4.5
Low Fat,NCP17,Health and Hygiene,2022.0,OUT018,Tier 3,Medium,Supermarket Type2,0.027827,19.35,65.6168,4.5
Low Fat,NCS38,Household,2022.0,OUT018,Tier 3,Medium,Supermarket Type2,0.090559,8.6,112.6176,4.5
Low Fat,DRJ25,Soft Drinks,2022.0,OUT018,Tier 3,Medium,Supermarket Type2,0.151181,14.6,47.5692,4.5
Regular,FDY26,Dairy,2022.0,OUT018,Tier 3,Medium,Supermarket Type2,0.030635,20.6,212.9244,4.5
Regular,FDV20,Fruits and Vegetables,2022.0,OUT018,Tier 3,Medium,Supermarket Type2,0.060045,20.2,128.3678,4.5
Regular,FDV57,Snack Foods,2022.0,OUT018,Tier 3,Medium,Supermarket Type2,0.0,15.25,179.766,4.5
Low Fat,FDP11,Breads,2018.0,OUT027,Tier 3,Medium,Supermarket Type3,0.068766,12.6,216.9166,4.5
Low Fat,FDR23,Breads,2018.0,OUT027,Tier 3,Medium,Supermarket Type3,0.081391,12.6,177.837,4.5
Low Fat,FDB27,Dairy,2018.0,OUT027,Tier 3,Medium,Supermarket Type3,0.055122,12.6,196.7768,4.5
Low Fat,FDK51,Dairy,2018.0,OUT027,Tier 3,Medium,Supermarket Type3,0.00521,12.6,265.2884,4.5
Low Fat,FDK28,Frozen Foods,2018.0,OUT027,Tier 3,Medium,Supermarket Type3,0.065272,12.6,256.1646,4.5
Low Fat,FDK52,Frozen Foods,2018.0,OUT027,Tier 3,Medium,Supermarket Type3,0.0,12.6,225.3062,4.5
Low Fat,FDU52,Frozen Foods,2018.0,OUT027,Tier 3,Medium,Supermarket Type3,0.063462,12.6,157.563,4.5
Low Fat,NCK05,Health and Hygiene,2018.0,OUT027,Tier 3,Medium,Supermarket Type3,0.077079,12.6,61.5536,4.5
Low Fat,NCA06,Household,2018.0,OUT027,Tier 3,Medium,Supermarket Type3,0.14259,12.6,35.919,4.5
Low Fat,NCE06,Household,2018.0,OUT027,Tier 3,Medium,Supermarket Type3,0.091042,12.6,162.6894,4.5
Low Fat,NCG07,Household,2018.0,OUT027,Tier 3,Medium,Supermarket Type3,0.052248,12.6,190.853,4.5
Low Fat,NCH54,Household,2018.0,OUT027,Tier 3,Medium,Supermarket Type3,0.072317,12.6,160.792,4.5
Low Fat,NCT18,Household,2018.0,OUT027,Tier 3,Medium,Supermarket Type3,0.059117,12.6,181.5976,4.5
Low Fat,NCZ06,Household,2018.0,OUT027,Tier 3,Medium,Supermarket Type3,0.093706,12.6,253.8698,4.5
Low Fat,NCL07,Others,2018.0,OUT027,Tier 3,Medium,Supermarket Type3,0.031187,12.6,39.548,4.5
Regular,FDF24,Baking Goods,2018.0,OUT027,Tier 3,Medium,Supermarket Type3,0.025248,12.6,81.9934,4.5
Regular,FDF26,Canned,2018.0,OUT027,Tier 3,Medium,Supermarket Type3,0.046409,12.6,153.2998,4.5
Regular,FDR40,Frozen Foods,2018.0,OUT027,Tier 3,Medium,Supermarket Type3,0.007995,12.6,78.5618,4.5
Regular,FDW16,Frozen Foods,2018.0,OUT027,Tier 3,Medium,Supermarket Type3,0.041273,12.6,91.6804,4.5
Regular,FDY04,Frozen Foods,2018.0,OUT027,Tier 3,Medium,Supermarket Type3,0.042271,12.6,162.521,4.5
Regular,FDO31,Fruits and Vegetables,2018.0,OUT027,Tier 3,Medium,Supermarket Type3,0.028842,12.6,81.496,4.5
Regular,FDF34,Snack Foods,2018.0,OUT027,Tier 3,Medium,Supermarket Type3,0.013952,12.6,199.9084,4.5
Regular,DRC36,Soft Drinks,2018.0,OUT027,Tier 3,Medium,Supermarket Type3,0.044767,12.6,173.7054,4.5
Low Fat,FDW24,Baking Goods,2018.0,OUT027,Tier 3,Medium,Supermarket Type3,0.037315,12.6,50.0034,4.5
Low Fat,FDQ23,Breads,2018.0,OUT027,Tier 3,Medium,Supermarket Type3,0.024407,12.6,102.3332,4.5
Low Fat,NCS05,Health and Hygiene,2018.0,OUT027,Tier 3,Medium,Supermarket Type3,0.020876,12.6,133.7942,4.5
Regular,FDT26,Dairy,2018.0,OUT027,Tier 3,Medium,Supermarket Type3,0.067624,12.6,120.944,4.5
Low Fat,NCD19,Household,2014.0,OUT013,Tier 3,High,Supermarket Type1,0.0,8.93,53.8614,4.4
Low Fat,FDB34,Snack Foods,2018.0,OUT027,Tier 3,Medium,Supermarket Type3,0.026481,12.6,87.6198,4.4
Low Fat,DRK35,Hard Drinks,2012.0,OUT049,Tier 1,Medium,Supermarket Type1,0.071958,8.365,38.0506,4.4
Regular,FDB56,Fruits and Vegetables,2017.0,OUT035,Tier 2,Small,Supermarket Type1,0.074613,8.75,187.4556,4.4
Low Fat,FDP09,Snack Foods,2022.0,OUT018,Tier 3,Medium,Supermarket Type2,0.034028,19.75,212.0902,4.4
Low Fat,FDG02,Canned,2022.0,OUT018,Tier 3,Medium,Supermarket Type2,0.011307,7.855,188.5188,4.4
Regular,FDM15,Meat,2014.0,OUT013,Tier 3,High,Supermarket Type1,0.057374,11.8,151.4366,4.4
Regular,FDO08,Fruits and Vegetables,2018.0,OUT019,Tier 1,Small,Grocery Store,0.094154,12.6,165.7526,4.4
Low Fat,FDT43,Fruits and Vegetables,2022.0,OUT018,Tier 3,Medium,Supermarket Type2,0.020632,16.35,50.1324,4.4
Low Fat,FDI24,Baking Goods,2018.0,OUT027,Tier 3,Medium,Supermarket Type3,0.078362,12.6,177.937,4.4
Regular,FDS46,Snack Foods,2018.0,OUT019,Tier 1,Small,Grocery Store,0.082741,12.6,118.7782,4.4
Regular,FDG28,Frozen Foods,2020.0,OUT017,Tier 2,Small,Supermarket Type1,0.049559,9.285,246.4144,4.4
Low Fat,FDG24,Baking Goods,2014.0,OUT013,Tier 3,High,Supermarket Type1,0.014619,7.975,85.225,4.4
Low Fat,FDQ56,Fruits and Vegetables,2014.0,OUT013,Tier 3,High,Supermarket Type1,0.105509,6.59,85.6908,4.4
Low Fat,FDX23,Baking Goods,2016.0,OUT046,Tier 1,Small,Supermarket Type1,0.029692,6.445,92.6436,4.4
Regular,FDR44,Fruits and Vegetables,2016.0,OUT046,Tier 1,Small,Supermarket Type1,0.102921,6.11,130.4968,4.4
Regular,FDU01,Canned,2016.0,OUT046,Tier 1,Small,Supermarket Type1,0.011995,20.25,184.5924,4.4
Regular,FDP59,Breads,2015.0,OUT045,Tier 2,Small,Supermarket Type1,0.05658,20.85,105.6648,4.4
Low Fat,NCV17,Health and Hygiene,2020.0,OUT017,Tier 2,Small,Supermarket Type1,0.016199,18.85,129.2626,4.4
Low Fat,FDZ15,Dairy,2016.0,OUT046,Tier 1,Small,Supermarket Type1,0.020871,13.1,117.3782,4.4
Low Fat,FDA36,Baking Goods,2015.0,OUT045,Tier 2,Small,Supermarket Type1,0.005678,5.985,184.8924,4.4
Low Fat,FDV51,Meat,2011.0,OUT010,Tier 3,Small,Grocery Store,0.054463,16.35,163.8842,4.4
Low Fat,NCT41,Health and Hygiene,2018.0,OUT019,Tier 1,Small,Grocery Store,0.098032,12.6,151.3024,4.4
Low Fat,NCK54,Household,2020.0,OUT017,Tier 2,Medium,Supermarket Type1,0.0,12.15,117.815,4.4
Low Fat,FDE16,Frozen Foods,2012.0,OUT049,Tier 1,Medium,Supermarket Type1,0.026385,8.895,208.9954,4.4
Low Fat,FDE53,Frozen Foods,2018.0,OUT027,Tier 3,Medium,Supermarket Type3,0.02675,12.6,106.928,4.4
Low Fat,NCL19,Others,2017.0,OUT035,Tier 2,Small,Supermarket Type1,0.015673,15.35,145.047,4.4
Regular,FDT32,Fruits and Vegetables,2018.0,OUT027,Tier 3,Medium,Supermarket Type3,0.065316,12.6,189.9214,4.4
Low Fat,FDC46,Snack Foods,2018.0,OUT027,Tier 3,Medium,Supermarket Type3,0.115978,12.6,183.4266,4.4
Low Fat,FDS10,Snack Foods,2018.0,OUT027,Tier 3,Medium,Supermarket Type3,0.035015,12.6,182.0318,4.4
Low Fat,FDC04,Dairy,2018.0,OUT027,Tier 3,Medium,Supermarket Type3,0.044768,12.6,241.8854,4.4
Low Fat,NCJ30,Household,2022.0,OUT018,Tier 3,Medium,Supermarket Type2,0.080969,5.82,171.379,4.4
Regular,FDQ15,Meat,2018.0,OUT027,Tier 3,Medium,Supermarket Type3,0.150342,12.6,83.1276,4.4
Regular,FDV01,Canned,2018.0,OUT027,Tier 3,Medium,Supermarket Type3,0.0,12.6,154.6314,4.4
Regular,FDJ57,Seafood,2017.0,OUT035,Tier 2,Small,Supermarket Type1,0.02157,7.42,184.8582,4.4
Low Fat,NCE31,Household,2016.0,OUT046,Tier 1,Small,Supermarket Type1,0.184844,7.67,33.1216,4.4
Low Fat,FDV07,Fruits and Vegetables,2020.0,OUT017,Tier 2,Medium,Supermarket Type1,0.0,9.5,110.4228,4.4
Low Fat,FDD04,Dairy,2015.0,OUT045,Tier 2,Medium,Supermarket Type1,0.090154,16.0,143.2154,4.4
Low Fat,NCC18,Household,2012.0,OUT049,Tier 1,Medium,Supermarket Type1,0.177546,19.1,172.4422,4.4
Low Fat,NCL31,Others,2012.0,OUT049,Tier 1,Medium,Supermarket Type1,0.120468,7.39,145.147,4.4
Low Fat,FDA33,Snack Foods,2012.0,OUT049,Tier 1,Medium,Supermarket Type1,0.033953,6.48,148.2076,4.4
Low Fat,FDT59,Breads,2012.0,OUT049,Tier 1,Medium,Supermarket Type1,0.0,13.65,229.4668,4.4
Low Fat,FDE26,Canned,2012.0,OUT049,Tier 1,Medium,Supermarket Type1,0.089144,9.3,144.9786,4.4
Low Fat,FDB50,Canned,2012.0,OUT049,Tier 1,Medium,Supermarket Type1,0.153857,13.0,76.3986,4.4
Low Fat,FDC17,Frozen Foods,2012.0,OUT049,Tier 1,Medium,Supermarket Type1,0.015485,12.15,211.9928,4.4
Low Fat,FDM44,Fruits and Vegetables,2012.0,OUT049,Tier 1,Medium,Supermarket Type1,0.031098,12.5,103.899,4.4
Low Fat,DRI11,Hard Drinks,2012.0,OUT049,Tier 1,Medium,Supermarket Type1,0.034458,8.26,113.3834,4.4
Low Fat,DRL47,Hard Drinks,2012.0,OUT049,Tier 1,Medium,Supermarket Type1,0.0,19.7,125.9362,4.4
Low Fat,NCB30,Household,2012.0,OUT049,Tier 1,Medium,Supermarket Type1,0.025743,14.6,197.1084,4.4
Low Fat,NCI18,Household,2012.0,OUT049,Tier 1,Medium,Supermarket Type1,0.014046,18.35,222.7746,4.4
Low Fat,NCP06,Household,2012.0,OUT049,Tier 1,Medium,Supermarket Type1,0.039307,20.7,150.7366,4.4
Low Fat,NCO02,Others,2012.0,OUT049,Tier 1,Medium,Supermarket Type1,0.0,11.15,65.0142,4.4
Low Fat,DRE37,Soft Drinks,2012.0,OUT049,Tier 1,Medium,Supermarket Type1,0.094366,13.5,190.9872,4.4
Low Fat,DRD24,Soft Drinks,2012.0,OUT049,Tier 1,Medium,Supermarket Type1,0.030843,13.85,143.1154,4.4
Low Fat,DRL37,Soft Drinks,2012.0,OUT049,Tier 1,Medium,Supermarket Type1,0.053455,15.5,43.677,4.4
Regular,FDJ12,Baking Goods,2012.0,OUT049,Tier 1,Medium,Supermarket Type1,0.039102,8.895,208.8296,4.4
Regular,FDX11,Baking Goods,2012.0,OUT049,Tier 1,Medium,Supermarket Type1,0.106918,16.0,183.5634,4.4
Regular,FDJ60,Baking Goods,2012.0,OUT049,Tier 1,Medium,Supermarket Type1,0.062626,19.35,165.3184,4.4
Regular,FDB37,Baking Goods,2012.0,OUT049,Tier 1,Medium,Supermarket Type1,0.022976,20.25,240.3538,4.4
Regular,FDC51,Dairy,2012.0,OUT049,Tier 1,Medium,Supermarket Type1,0.009637,10.895,121.873,4.4
Regular,FDY15,Dairy,2012.0,OUT049,Tier 1,Medium,Supermarket Type1,0.171094,18.25,155.663,4.4
Regular,FDV04,Frozen Foods,2012.0,OUT049,Tier 1,Medium,Supermarket Type1,0.150248,7.825,155.2288,4.4
Regular,FDB56,Fruits and Vegetables,2012.0,OUT049,Tier 1,Medium,Supermarket Type1,0.074743,8.75,187.6556,4.4
Regular,FDY20,Fruits and Vegetables,2012.0,OUT049,Tier 1,Medium,Supermarket Type1,0.08188,12.5,91.7488,4.4
Regular,FDK32,Fruits and Vegetables,2012.0,OUT049,Tier 1,Medium,Supermarket Type1,0.049052,16.25,152.4682,4.4
Regular,FDP44,Fruits and Vegetables,2012.0,OUT049,Tier 1,Medium,Supermarket Type1,0.079838,16.5,102.1332,4.4
Regular,FDS32,Fruits and Vegetables,2012.0,OUT049,Tier 1,Medium,Supermarket Type1,0.0297,17.75,140.3838,4.4
Regular,FDG09,Fruits and Vegetables,2012.0,OUT049,Tier 1,Medium,Supermarket Type1,0.048011,20.6,187.7556,4.4
Regular,FDW51,Meat,2012.0,OUT049,Tier 1,Medium,Supermarket Type1,0.094807,6.155,213.356,4.4
Regular,FDK58,Snack Foods,2012.0,OUT049,Tier 1,Medium,Supermarket Type1,0.045052,11.35,102.6016,4.4
Regular,FDA09,Snack Foods,2012.0,OUT049,Tier 1,Medium,Supermarket Type1,0.149599,13.35,179.466,4.4
Regular,FDM58,Snack Foods,2012.0,OUT049,Tier 1,Medium,Supermarket Type1,0.0,16.85,110.0544,4.4
Regular,DRM49,Soft Drinks,2012.0,OUT049,Tier 1,Medium,Supermarket Type1,0.0,6.11,43.0086,4.4
Regular,DRA59,Soft Drinks,2012.0,OUT049,Tier 1,Medium,Supermarket Type1,0.128127,8.27,183.6924,4.4
Regular,FDD47,Starchy Foods,2012.0,OUT049,Tier 1,Medium,Supermarket Type1,0.142632,7.6,172.3448,4.4
Regular,FDC03,Dairy,2012.0,OUT049,Tier 1,Medium,Supermarket Type1,0.071958,8.575,195.3794,4.4
Regular,FDU31,Fruits and Vegetables,2012.0,OUT049,Tier 1,Medium,Supermarket Type1,0.02503,10.5,218.4508,4.4
Low Fat,FDX24,Baking Goods,2018.0,OUT019,Tier 1,Small,Grocery Store,0.024388,12.6,92.4462,4.4
Low Fat,DRG27,Dairy,2018.0,OUT019,Tier 1,Small,Grocery Store,0.184035,12.6,42.2138,4.4
Low Fat,FDF16,Frozen Foods,2018.0,OUT019,Tier 1,Small,Grocery Store,0.150807,12.6,149.0076,4.4
Low Fat,FDH08,Fruits and Vegetables,2018.0,OUT019,Tier 1,Small,Grocery Store,0.030516,12.6,227.801,4.4
Low Fat,FDR08,Fruits and Vegetables,2018.0,OUT019,Tier 1,Small,Grocery Store,0.065873,12.6,113.1886,4.4
Low Fat,FDU07,Fruits and Vegetables,2018.0,OUT019,Tier 1,Small,Grocery Store,0.104784,12.6,150.4366,4.4
Low Fat,FDU32,Fruits and Vegetables,2018.0,OUT019,Tier 1,Small,Grocery Store,0.045466,12.6,120.8414,4.4
Low Fat,NCT53,Health and Hygiene,2018.0,OUT019,Tier 1,Small,Grocery Store,0.084245,12.6,164.6526,4.4
Low Fat,NCB19,Household,2018.0,OUT019,Tier 1,Small,Grocery Store,0.158096,12.6,86.3882,4.4
Low Fat,FDK43,Meat,2018.0,OUT019,Tier 1,Small,Grocery Store,0.046995,12.6,125.802,4.4
Low Fat,NCL55,Others,2018.0,OUT019,Tier 1,Small,Grocery Store,0.113213,12.6,254.604,4.4
Low Fat,FDK33,Snack Foods,2018.0,OUT019,Tier 1,Small,Grocery Store,0.019671,12.6,214.756,4.4
Low Fat,FDX09,Snack Foods,2018.0,OUT019,Tier 1,Small,Grocery Store,0.114243,12.6,174.937,4.4
Low Fat,FDZ22,Snack Foods,2018.0,OUT019,Tier 1,Small,Grocery Store,0.079262,12.6,81.825,4.4
Regular,FDY38,Dairy,2018.0,OUT019,Tier 1,Small,Grocery Store,0.208663,12.6,231.83,4.4
Regular,FDE28,Frozen Foods,2018.0,OUT019,Tier 1,Small,Grocery Store,0.232073,12.6,229.4668,4.4
Regular,FDP40,Frozen Foods,2018.0,OUT019,Tier 1,Small,Grocery Store,0.060155,12.6,110.1544,4.4
Regular,FDY39,Meat,2018.0,OUT019,Tier 1,Small,Grocery Store,0.082341,12.6,185.7608,4.4
Regular,FDQ45,Snack Foods,2018.0,OUT019,Tier 1,Small,Grocery Store,0.019114,12.6,182.1608,4.4
Regular,FDE11,Starchy Foods,2018.0,OUT019,Tier 1,Small,Grocery Store,0.236536,12.6,184.1924,4.4
Low Fat,FDD51,Dairy,2018.0,OUT019,Tier 1,Small,Grocery Store,0.210022,12.6,44.2744,4.4
Low Fat,FDJ41,Frozen Foods,2016.0,OUT046,Tier 1,Small,Supermarket Type1,0.022883,6.85,261.2594,4.4
Low Fat,FDP60,Baking Goods,2016.0,OUT046,Tier 1,Small,Supermarket Type1,0.0,17.35,102.9016,4.4
Low Fat,FDZ48,Baking Goods,2016.0,OUT046,Tier 1,Small,Supermarket Type1,0.07596,17.75,112.4544,4.4
Low Fat,FDU59,Breads,2016.0,OUT046,Tier 1,Small,Supermarket Type1,0.096386,5.78,163.5552,4.4
Low Fat,FDC50,Canned,2016.0,OUT046,Tier 1,Small,Supermarket Type1,0.136498,15.85,96.3094,4.4
Low Fat,DRF03,Dairy,2016.0,OUT046,Tier 1,Small,Supermarket Type1,0.045308,19.1,42.5138,4.4
Low Fat,FDT28,Frozen Foods,2016.0,OUT046,Tier 1,Small,Supermarket Type1,0.063566,13.3,151.3708,4.4
Low Fat,DRN11,Hard Drinks,2016.0,OUT046,Tier 1,Small,Supermarket Type1,0.16298,7.85,145.2444,4.4
Low Fat,NCI29,Health and Hygiene,2016.0,OUT046,Tier 1,Small,Supermarket Type1,0.032622,8.6,143.2154,4.4
Low Fat,NCA53,Health and Hygiene,2016.0,OUT046,Tier 1,Small,Supermarket Type1,0.009878,11.395,47.6034,4.4
Low Fat,NCT41,Health and Hygiene,2016.0,OUT046,Tier 1,Small,Supermarket Type1,0.05599,15.7,153.2024,4.4
Low Fat,NCM53,Health and Hygiene,2016.0,OUT046,Tier 1,Small,Supermarket Type1,0.052041,18.75,105.728,4.4
Low Fat,NCM30,Household,2016.0,OUT046,Tier 1,Small,Supermarket Type1,0.067295,19.1,41.9796,4.4
Low Fat,NCN43,Others,2016.0,OUT046,Tier 1,Small,Supermarket Type1,0.0,12.15,123.773,4.4
Low Fat,NCP43,Others,2016.0,OUT046,Tier 1,Small,Supermarket Type1,0.030507,17.75,180.366,4.4
Low Fat,FDA33,Snack Foods,2016.0,OUT046,Tier 1,Small,Supermarket Type1,0.0339,6.48,146.9076,4.4
Low Fat,FDP57,Snack Foods,2016.0,OUT046,Tier 1,Small,Supermarket Type1,0.0,17.5,102.999,4.4
Low Fat,FDE46,Snack Foods,2016.0,OUT046,Tier 1,Small,Supermarket Type1,0.01577,18.6,152.1366,4.4
Low Fat,FDA22,Starchy Foods,2016.0,OUT046,Tier 1,Small,Supermarket Type1,0.084452,7.435,165.2158,4.4
Regular,FDW40,Frozen Foods,2016.0,OUT046,Tier 1,Small,Supermarket Type1,0.105145,14.0,144.2812,4.4
Regular,FDH05,Frozen Foods,2016.0,OUT046,Tier 1,Small,Supermarket Type1,0.090914,14.35,231.2984,4.4
Regular,FDW16,Frozen Foods,2016.0,OUT046,Tier 1,Small,Supermarket Type1,0.041474,17.35,93.0804,4.4
Regular,FDT07,Fruits and Vegetables,2016.0,OUT046,Tier 1,Small,Supermarket Type1,0.077319,5.82,255.433,4.4
Regular,FDC33,Fruits and Vegetables,2016.0,OUT046,Tier 1,Small,Supermarket Type1,0.068938,8.96,196.4768,4.4
Regular,FDO39,Meat,2016.0,OUT046,Tier 1,Small,Supermarket Type1,0.137367,6.985,184.9608,4.4
Regular,FDI21,Snack Foods,2016.0,OUT046,Tier 1,Small,Supermarket Type1,0.056603,5.59,63.2168,4.4
Regular,FDW09,Snack Foods,2016.0,OUT046,Tier 1,Small,Supermarket Type1,0.025921,13.65,81.2302,4.4
Regular,FDN58,Snack Foods,2016.0,OUT046,Tier 1,Small,Supermarket Type1,0.056872,13.8,231.1984,4.4
Low Fat,FDA23,Baking Goods,2020.0,OUT017,Tier 2,Medium,Supermarket Type1,0.047454,9.8,101.7016,4.4
Low Fat,FDR02,Dairy,2020.0,OUT017,Tier 2,Medium,Supermarket Type1,0.02219,16.7,113.1886,4.4
Low Fat,FDT36,Baking Goods,2015.0,OUT045,Tier 2,Medium,Supermarket Type1,0.1115,12.3,35.6874,4.4
Low Fat,FDQ12,Baking Goods,2015.0,OUT045,Tier 2,Medium,Supermarket Type1,0.035483,12.65,231.401,4.4
Low Fat,FDS23,Breads,2015.0,OUT045,Tier 2,Medium,Supermarket Type1,0.141175,4.635,127.0994,4.4
Low Fat,FDS35,Breads,2015.0,OUT045,Tier 2,Medium,Supermarket Type1,0.111446,9.3,64.6826,4.4
Low Fat,FDX59,Breads,2015.0,OUT045,Tier 2,Medium,Supermarket Type1,0.051766,10.195,34.5558,4.4
Low Fat,FDF14,Canned,2015.0,OUT045,Tier 2,Medium,Supermarket Type1,0.027225,7.55,152.934,4.4
Low Fat,FDU25,Canned,2015.0,OUT045,Tier 2,Medium,Supermarket Type1,0.026735,12.35,57.4246,4.4
Low Fat,FDT37,Canned,2015.0,OUT045,Tier 2,Medium,Supermarket Type1,0.0,14.15,253.7014,4.4
Low Fat,FDX26,Dairy,2015.0,OUT045,Tier 2,Medium,Supermarket Type1,0.087987,17.7,181.4292,4.4
Low Fat,FDX16,Frozen Foods,2015.0,OUT045,Tier 2,Medium,Supermarket Type1,0.065944,17.85,149.105,4.4
Low Fat,FDA56,Fruits and Vegetables,2015.0,OUT045,Tier 2,Medium,Supermarket Type1,0.008783,9.21,119.8414,4.4
Low Fat,FDP07,Fruits and Vegetables,2015.0,OUT045,Tier 2,Medium,Supermarket Type1,0.090084,18.2,197.211,4.4
Low Fat,NCD43,Household,2015.0,OUT045,Tier 2,Small,Supermarket Type1,0.016052,8.85,106.7964,4.4
Low Fat,NCT06,Household,2015.0,OUT045,Tier 2,Small,Supermarket Type1,0.038816,17.1,166.4842,4.4
Low Fat,NCI18,Household,2015.0,OUT045,Tier 2,Small,Supermarket Type1,0.014052,18.35,224.0746,4.4
Low Fat,NCB43,Household,2015.0,OUT045,Tier 2,Small,Supermarket Type1,0.100115,20.2,188.3898,4.4
Low Fat,FDQ39,Meat,2015.0,OUT045,Tier 2,Small,Supermarket Type1,0.081206,14.8,189.2846,4.4
Low Fat,FDK45,Seafood,2015.0,OUT045,Tier 2,Small,Supermarket Type1,0.033927,11.65,111.586,4.4
Low Fat,FDK33,Snack Foods,2015.0,OUT045,Tier 2,Small,Supermarket Type1,0.011258,17.85,211.656,4.4
Low Fat,FDK48,Baking Goods,2020.0,OUT017,Tier 2,Small,Supermarket Type1,0.037845,7.445,75.5354,4.4
Low Fat,FDH48,Baking Goods,2020.0,OUT017,Tier 2,Small,Supermarket Type1,0.060822,13.5,85.154,4.4
Low Fat,FDZ38,Dairy,2020.0,OUT017,Tier 2,Small,Supermarket Type1,0.008046,17.6,173.7422,4.4
Low Fat,DRH39,Dairy,2020.0,OUT017,Tier 2,Small,Supermarket Type1,0.093214,20.7,74.667,4.4
Low Fat,FDK04,Frozen Foods,2020.0,OUT017,Tier 2,Small,Supermarket Type1,0.052608,7.36,56.3588,4.4
Low Fat,FDQ16,Frozen Foods,2020.0,OUT017,Tier 2,Small,Supermarket Type1,0.041974,19.7,108.6912,4.4
Low Fat,FDX20,Fruits and Vegetables,2020.0,OUT017,Tier 2,Small,Supermarket Type1,0.042801,7.365,228.372,4.4
Low Fat,FDC44,Fruits and Vegetables,2020.0,OUT017,Tier 2,Small,Supermarket Type1,0.173573,15.6,114.4518,4.4
Low Fat,DRK23,Hard Drinks,2020.0,OUT017,Tier 2,Small,Supermarket Type1,0.072384,8.395,251.504,4.4
Low Fat,DRO47,Hard Drinks,2020.0,OUT017,Tier 2,Small,Supermarket Type1,0.112859,10.195,114.486,4.4
Low Fat,DRJ23,Hard Drinks,2020.0,OUT017,Tier 2,Small,Supermarket Type1,0.041905,18.35,188.1872,4.4
Low Fat,NCL53,Health and Hygiene,2020.0,OUT017,Tier 2,Small,Supermarket Type1,0.03644,7.5,175.3028,4.4
Low Fat,NCI17,Health and Hygiene,2020.0,OUT017,Tier 2,Small,Supermarket Type1,0.144234,8.645,95.441,4.4
Low Fat,NCL29,Health and Hygiene,2020.0,OUT017,Tier 2,Small,Supermarket Type1,0.114584,9.695,156.4604,4.4
Low Fat,NCA53,Health and Hygiene,2020.0,OUT017,Tier 2,Small,Supermarket Type1,0.009934,11.395,47.2034,4.4
Low Fat,NCV41,Health and Hygiene,2020.0,OUT017,Tier 2,Small,Supermarket Type1,0.017135,14.35,109.8228,4.4
Low Fat,NCP06,Household,2020.0,OUT017,Tier 2,High,Supermarket Type1,0.039468,20.7,151.7366,4.4
Low Fat,FDP39,Meat,2020.0,OUT017,Tier 2,High,Supermarket Type1,0.069818,12.65,53.5324,4.4
Low Fat,FDV51,Meat,2020.0,OUT017,Tier 2,High,Supermarket Type1,0.032723,16.35,165.7842,4.4
Low Fat,FDL10,Snack Foods,2020.0,OUT017,Tier 2,High,Supermarket Type1,0.039716,8.395,100.1042,4.4
Regular,FDT12,Baking Goods,2015.0,OUT045,Tier 2,High,Supermarket Type1,0.049722,6.215,224.5062,4.4
Regular,FDD26,Canned,2015.0,OUT045,Tier 2,High,Supermarket Type1,0.072302,8.71,185.6924,4.4
Regular,FDN16,Frozen Foods,2015.0,OUT045,Tier 2,High,Supermarket Type1,0.062827,12.6,105.099,4.4
Regular,FDG56,Fruits and Vegetables,2015.0,OUT045,Tier 2,High,Supermarket Type1,0.071597,13.3,60.8536,4.4
Regular,FDT55,Fruits and Vegetables,2015.0,OUT045,Tier 2,High,Supermarket Type1,0.043744,13.6,157.7946,4.4
Regular,FDH20,Fruits and Vegetables,2015.0,OUT045,Tier 2,High,Supermarket Type1,0.025,16.1,97.841,4.4
Regular,FDK32,Fruits and Vegetables,2015.0,OUT045,Tier 2,High,Supermarket Type1,0.049075,16.25,154.2682,4.4
Regular,FDT09,Snack Foods,2015.0,OUT045,Tier 2,High,Supermarket Type1,0.012288,15.15,129.9284,4.4
Regular,FDA47,Baking Goods,2020.0,OUT017,Tier 2,High,Supermarket Type1,0.117334,10.5,164.121,4.4
Regular,FDS11,Breads,2020.0,OUT017,Tier 2,High,Supermarket Type1,0.055873,7.05,222.1088,4.4
Regular,FDL13,Breakfast,2020.0,OUT017,Tier 2,High,Supermarket Type1,0.056637,13.85,233.83,4.4
Regular,FDA04,Frozen Foods,2020.0,OUT017,Tier 2,High,Supermarket Type1,0.067107,11.3,258.1962,4.4
Regular,FDF21,Fruits and Vegetables,2020.0,OUT017,Tier 2,Medium,Supermarket Type1,0.05916,10.3,191.553,4.4
Regular,FDR15,Meat,2020.0,OUT017,Tier 2,Medium,Supermarket Type1,0.033627,9.3,156.1314,4.4
Regular,FDM51,Meat,2020.0,OUT017,Tier 2,Medium,Supermarket Type1,0.026073,11.8,99.8674,4.4
Regular,FDN46,Snack Foods,2020.0,OUT017,Tier 2,Medium,Supermarket Type1,0.0,7.21,103.1332,4.4
Regular,FDI58,Snack Foods,2020.0,OUT017,Tier 2,Medium,Supermarket Type1,0.071104,7.64,95.012,4.4
Regular,FDM57,Snack Foods,2020.0,OUT017,Tier 2,Medium,Supermarket Type1,0.076278,11.65,85.1908,4.4
Regular,FDY33,Snack Foods,2020.0,OUT017,Tier 2,Medium,Supermarket Type1,0.097751,14.5,159.7262,4.4
Low Fat,FDU02,Dairy,2020.0,OUT017,Tier 2,Medium,Supermarket Type1,0.103091,13.35,229.9352,4.4
Regular,FDD32,Fruits and Vegetables,2020.0,OUT017,Tier 2,Medium,Supermarket Type1,0.041164,17.7,80.8276,4.4
Regular,FDB57,Fruits and Vegetables,2020.0,OUT017,Tier 2,Medium,Supermarket Type1,0.018911,20.25,220.5772,4.4
Low Fat,NCP06,Household,2017.0,OUT035,Tier 2,Small,Supermarket Type1,0.039238,20.7,152.8366,4.4
Low Fat,FDV23,Breads,2017.0,OUT035,Tier 2,Small,Supermarket Type1,0.105817,11.0,126.0046,4.4
Low Fat,FDH38,Canned,2017.0,OUT035,Tier 2,Small,Supermarket Type1,0.010436,6.425,115.5808,4.4
Low Fat,FDX37,Canned,2017.0,OUT035,Tier 2,Small,Supermarket Type1,0.063017,16.2,100.37,4.4
Low Fat,FDN02,Canned,2017.0,OUT035,Tier 2,Small,Supermarket Type1,0.073814,16.5,207.2638,4.4
Low Fat,FDU04,Frozen Foods,2017.0,OUT035,Tier 2,Small,Supermarket Type1,0.005547,7.93,121.5414,4.4
Low Fat,FDX40,Frozen Foods,2017.0,OUT035,Tier 2,Small,Supermarket Type1,0.0,12.85,38.3164,4.4
Low Fat,FDX20,Fruits and Vegetables,2017.0,OUT035,Tier 2,Small,Supermarket Type1,0.042552,7.365,225.172,4.4
Low Fat,FDX55,Fruits and Vegetables,2017.0,OUT035,Tier 2,Small,Supermarket Type1,0.055195,15.1,216.1166,4.4
Low Fat,DRK11,Hard Drinks,2017.0,OUT035,Tier 2,Small,Supermarket Type1,0.010762,8.21,149.5392,4.4
Low Fat,DRL23,Hard Drinks,2017.0,OUT035,Tier 2,Small,Supermarket Type1,0.015301,18.35,105.2938,4.4
Low Fat,NCN05,Health and Hygiene,2017.0,OUT035,Tier 2,Small,Supermarket Type1,0.014457,8.235,184.795,4.4
Low Fat,NCH43,Household,2017.0,OUT035,Tier 2,Small,Supermarket Type1,0.070556,8.42,216.0192,4.4
Low Fat,FDA33,Snack Foods,2017.0,OUT035,Tier 2,Small,Supermarket Type1,0.033893,6.48,147.0076,4.4
Low Fat,FDX58,Snack Foods,2017.0,OUT035,Tier 2,Small,Supermarket Type1,0.043755,13.15,182.895,4.4
Low Fat,FDA21,Snack Foods,2017.0,OUT035,Tier 2,Small,Supermarket Type1,0.035954,13.65,185.2924,4.4
Low Fat,FDG59,Starchy Foods,2017.0,OUT035,Tier 2,Small,Supermarket Type1,0.043226,15.85,37.5164,4.4
Regular,FDL12,Baking Goods,2017.0,OUT035,Tier 2,Small,Supermarket Type1,0.12161,15.85,60.222,4.4
Regular,FDU37,Canned,2017.0,OUT035,Tier 2,Small,Supermarket Type1,0.104488,9.5,77.896,4.4
Regular,FDE14,Canned,2017.0,OUT035,Tier 2,Small,Supermarket Type1,0.031439,13.65,100.07,4.4
Regular,FDB14,Canned,2017.0,OUT035,Tier 2,Small,Supermarket Type1,0.102704,20.25,94.312,4.4
Regular,FDT26,Dairy,2017.0,OUT035,Tier 2,Small,Supermarket Type1,0.067941,18.85,119.044,4.4
Regular,FDS19,Fruits and Vegetables,2017.0,OUT035,Tier 2,Small,Supermarket Type1,0.064195,13.8,75.8012,4.4
Regular,FDH31,Meat,2017.0,OUT035,Tier 2,Small,Supermarket Type1,0.020407,12.0,99.9042,4.4
Regular,FDO15,Meat,2017.0,OUT035,Tier 2,Small,Supermarket Type1,0.008565,16.75,73.2038,4.4
Regular,FDG34,Snack Foods,2017.0,OUT035,Tier 2,Small,Supermarket Type1,0.037563,11.5,109.5254,4.4
Regular,FDH47,Starchy Foods,2017.0,OUT035,Tier 2,Small,Supermarket Type1,0.128792,13.5,95.4068,4.4
Regular,FDL38,Canned,2017.0,OUT035,Tier 2,Small,Supermarket Type1,0.01473,13.8,90.9172,4.4
Low Fat,DRL60,Soft Drinks,2011.0,OUT010,Tier 3,Medium,Grocery Store,0.045292,8.52,153.5682,4.4
Low Fat,FDK38,Canned,2011.0,OUT010,Tier 3,Medium,Grocery Store,0.089196,6.65,147.0734,4.4
Low Fat,FDR02,Dairy,2011.0,OUT010,Tier 3,Medium,Grocery Store,0.036933,16.7,109.1886,4.4
Low Fat,DRI51,Dairy,2011.0,OUT010,Tier 3,Medium,Grocery Store,0.070704,17.25,170.3764,4.4
Low Fat,FDC41,Frozen Foods,2011.0,OUT010,Tier 3,Medium,Grocery Store,0.195689,15.6,77.367,4.4
Low Fat,NCM05,Health and Hygiene,2011.0,OUT010,Tier 3,Medium,Grocery Store,0.100172,6.825,262.7226,4.4
Low Fat,NCI29,Health and Hygiene,2011.0,OUT010,Tier 3,Medium,Grocery Store,0.054602,8.6,141.1154,4.4
Low Fat,NCR53,Health and Hygiene,2011.0,OUT010,Tier 3,Medium,Grocery Store,0.242769,12.15,226.5404,4.4
Low Fat,NCF06,Household,2011.0,OUT010,Tier 3,Medium,Grocery Store,0.033808,6.235,258.9962,4.4
Low Fat,NCV42,Household,2011.0,OUT010,Tier 3,Medium,Grocery Store,0.052594,6.26,111.0228,4.4
Low Fat,NCU54,Household,2011.0,OUT010,Tier 3,Medium,Grocery Store,0.165074,8.88,207.727,4.4
Low Fat,NCK18,Household,2011.0,OUT010,Tier 3,Medium,Grocery Store,0.011211,9.6,166.9184,4.4
Low Fat,NCC30,Household,2011.0,OUT010,Tier 3,Medium,Grocery Store,0.046162,16.6,176.6344,4.4
Low Fat,NCF42,Household,2011.0,OUT010,Tier 3,Medium,Grocery Store,0.280165,17.35,177.5712,4.4
Low Fat,FDP15,Meat,2011.0,OUT010,Tier 3,High,Grocery Store,0.0,15.2,256.033,4.4
Low Fat,DRB25,Soft Drinks,2011.0,OUT010,Tier 3,High,Grocery Store,0.116261,12.3,107.0938,4.4
Regular,FDM02,Canned,2011.0,OUT010,Tier 3,High,Grocery Store,0.123417,12.5,86.0198,4.4
Regular,FDA01,Canned,2011.0,OUT010,Tier 3,High,Grocery Store,0.091018,15.0,60.2904,4.4
Regular,FDI16,Frozen Foods,2011.0,OUT010,Tier 3,High,Grocery Store,0.227261,14.0,54.364,4.4
Regular,FDV28,Frozen Foods,2011.0,OUT010,Tier 3,High,Grocery Store,0.267353,16.1,34.9558,4.4
Regular,FDF08,Fruits and Vegetables,2011.0,OUT010,Tier 3,High,Grocery Store,0.109144,14.3,88.2856,4.4
Regular,FDW51,Meat,2011.0,OUT010,Tier 3,High,Grocery Store,0.158441,6.155,213.756,4.4
Regular,FDB58,Snack Foods,2011.0,OUT010,Tier 3,High,Grocery Store,0.02259,10.5,140.6154,4.4
Regular,FDZ59,Baking Goods,2011.0,OUT010,Tier 3,Small,Grocery Store,0.174111,6.63,166.85,4.4
Low Fat,FDK36,Baking Goods,2014.0,OUT013,Tier 3,High,Supermarket Type1,0.007209,7.09,48.1034,4.4
Low Fat,FDZ27,Dairy,2014.0,OUT013,Tier 3,High,Supermarket Type1,0.017142,7.935,50.035,4.4
Low Fat,FDS48,Baking Goods,2014.0,OUT013,Tier 3,High,Supermarket Type1,0.027756,15.15,150.4708,4.4
Low Fat,FDC02,Canned,2014.0,OUT013,Tier 3,High,Supermarket Type1,0.068765,21.35,260.4278,4.4
Low Fat,FDI15,Dairy,2014.0,OUT013,Tier 3,High,Supermarket Type1,0.141235,13.8,263.7884,4.4
Low Fat,DRJ39,Dairy,2014.0,OUT013,Tier 3,High,Supermarket Type1,0.036296,20.25,217.5482,4.4
Low Fat,FDT40,Frozen Foods,2014.0,OUT013,Tier 3,High,Supermarket Type1,0.095716,5.985,125.8678,4.4
Low Fat,FDE29,Frozen Foods,2014.0,OUT013,Tier 3,High,Supermarket Type1,0.14301,8.905,61.6878,4.4
Low Fat,FDT28,Frozen Foods,2014.0,OUT013,Tier 3,High,Supermarket Type1,0.063513,13.3,149.9708,4.4
Low Fat,FDK41,Frozen Foods,2014.0,OUT013,Tier 3,High,Supermarket Type1,0.127436,14.3,86.8224,4.4
Low Fat,FDE45,Fruits and Vegetables,2014.0,OUT013,Tier 3,High,Supermarket Type1,0.040324,12.1,180.0002,4.4
Low Fat,FDZ20,Fruits and Vegetables,2014.0,OUT013,Tier 3,High,Supermarket Type1,0.034278,16.1,255.2356,4.4
Low Fat,FDT31,Fruits and Vegetables,2014.0,OUT013,Tier 3,High,Supermarket Type1,0.012438,19.75,189.9872,4.4
Low Fat,FDP20,Fruits and Vegetables,2014.0,OUT013,Tier 3,High,Supermarket Type1,0.045631,19.85,128.102,4.4
Low Fat,DRM59,Hard Drinks,2014.0,OUT013,Tier 3,High,Supermarket Type1,0.003589,5.88,155.5998,4.4
Low Fat,DRL35,Hard Drinks,2014.0,OUT013,Tier 3,High,Supermarket Type1,0.030678,15.7,44.777,4.4
Low Fat,DRP35,Hard Drinks,2014.0,OUT013,Tier 3,High,Supermarket Type1,0.090792,18.85,127.1336,4.4
Low Fat,NCU17,Health and Hygiene,2014.0,OUT013,Tier 3,High,Supermarket Type1,0.0,5.32,101.7674,4.4
Low Fat,NCU53,Health and Hygiene,2014.0,OUT013,Tier 3,High,Supermarket Type1,0.042716,5.485,164.8842,4.4
Low Fat,NCT05,Health and Hygiene,2014.0,OUT013,Tier 3,High,Supermarket Type1,0.020934,10.895,256.5672,4.4
Low Fat,NCC19,Household,2014.0,OUT013,Tier 3,High,Supermarket Type1,0.0968,6.57,192.382,4.4
Low Fat,NCV54,Household,2014.0,OUT013,Tier 3,High,Supermarket Type1,0.033081,11.1,116.5124,4.4
Low Fat,NCF19,Household,2014.0,OUT013,Tier 3,High,Supermarket Type1,0.03508,13.0,47.9034,4.4
Low Fat,NCE30,Household,2014.0,OUT013,Tier 3,High,Supermarket Type1,0.099054,16.0,212.6902,4.4
Low Fat,NCG19,Household,2014.0,OUT013,Tier 3,High,Supermarket Type1,0.14781,20.25,234.8616,4.4
Low Fat,FDT21,Snack Foods,2014.0,OUT013,Tier 3,High,Supermarket Type1,0.020375,7.42,248.0092,4.4
Low Fat,FDT57,Snack Foods,2014.0,OUT013,Tier 3,High,Supermarket Type1,0.019019,15.2,238.7248,4.4
Low Fat,FDP46,Snack Foods,2014.0,OUT013,Tier 3,High,Supermarket Type1,0.074554,15.35,91.883,4.4
Low Fat,FDZ09,Snack Foods,2014.0,OUT013,Tier 3,High,Supermarket Type1,0.104792,17.6,165.2868,4.4
Low Fat,DRF13,Soft Drinks,2014.0,OUT013,Tier 3,High,Supermarket Type1,0.0,12.1,145.1444,4.4
Low Fat,DRG36,Soft Drinks,2014.0,OUT013,Tier 3,High,Supermarket Type1,0.095299,14.15,171.8106,4.4
Regular,FDJ12,Baking Goods,2014.0,OUT013,Tier 3,High,Supermarket Type1,0.039009,8.895,209.0296,4.4
Regular,FDZ49,Canned,2014.0,OUT013,Tier 3,High,Supermarket Type1,0.133035,11.0,222.0798,4.4
Regular,FDW52,Frozen Foods,2014.0,OUT013,Tier 3,High,Supermarket Type1,0.037491,14.0,164.2526,4.4
Regular,FDY16,Frozen Foods,2014.0,OUT013,Tier 3,High,Supermarket Type1,0.09215,18.35,184.8266,4.4
Regular,FDZ43,Fruits and Vegetables,2014.0,OUT013,Tier 3,High,Supermarket Type1,0.057011,11.0,241.9512,4.4
Regular,FDE33,Fruits and Vegetables,2014.0,OUT013,Tier 3,High,Supermarket Type1,0.049594,19.35,77.0644,4.4
Regular,FDU43,Fruits and Vegetables,2014.0,OUT013,Tier 3,High,Supermarket Type1,0.0,19.35,238.6564,4.4
Regular,FDU51,Meat,2014.0,OUT013,Tier 3,High,Supermarket Type1,0.096433,20.2,178.5028,4.4
Regular,FDW21,Snack Foods,2014.0,OUT013,Tier 3,High,Supermarket Type1,0.005959,5.34,101.6358,4.4
Regular,FDI21,Snack Foods,2014.0,OUT013,Tier 3,High,Supermarket Type1,0.056556,5.59,62.6168,4.4
Regular,FDI58,Snack Foods,2014.0,OUT013,Tier 3,High,Supermarket Type1,0.070646,7.64,91.212,4.4
Regular,FDJ21,Snack Foods,2014.0,OUT013,Tier 3,High,Supermarket Type1,0.038496,16.7,147.5102,4.4
Low Fat,NCJ29,Health and Hygiene,2014.0,OUT013,Tier 3,High,Supermarket Type1,0.035164,10.6,84.4224,4.4
Regular,FDW09,Snack Foods,2014.0,OUT013,Tier 3,High,Supermarket Type1,0.025899,13.65,81.1302,4.4
Low Fat,FDB45,Fruits and Vegetables,2022.0,OUT018,Tier 3,Medium,Supermarket Type2,0.021417,20.85,104.6306,4.4
Low Fat,FDO37,Breakfast,2022.0,OUT018,Tier 3,Medium,Supermarket Type2,0.0,8.06,232.7326,4.4
Low Fat,FDO25,Canned,2022.0,OUT018,Tier 3,Medium,Supermarket Type2,0.127968,6.3,209.627,4.4
Low Fat,FDY25,Canned,2022.0,OUT018,Tier 3,Medium,Supermarket Type2,0.034113,12.0,180.1976,4.4
Low Fat,FDX02,Dairy,2022.0,OUT018,Tier 3,Medium,Supermarket Type2,0.057293,16.0,224.3404,4.4
Low Fat,FDK16,Frozen Foods,2022.0,OUT018,Tier 3,Medium,Supermarket Type2,0.1158,9.065,95.3094,4.4
Low Fat,FDB08,Fruits and Vegetables,2022.0,OUT018,Tier 3,Medium,Supermarket Type2,0.03123,6.055,160.3578,4.4
Low Fat,FDS55,Fruits and Vegetables,2022.0,OUT018,Tier 3,Medium,Supermarket Type2,0.0,7.02,148.1734,4.4
Low Fat,FDU55,Fruits and Vegetables,2022.0,OUT018,Tier 3,Medium,Supermarket Type2,0.036058,16.2,260.3278,4.4
Low Fat,NCH42,Household,2022.0,OUT018,Tier 3,Medium,Supermarket Type2,0.036686,6.86,229.601,4.4
Low Fat,NCO02,Others,2022.0,OUT018,Tier 3,Medium,Supermarket Type2,0.073667,11.15,66.2142,4.4
Low Fat,FDK22,Snack Foods,2022.0,OUT018,Tier 3,Medium,Supermarket Type2,0.026193,9.8,215.685,4.4
Low Fat,FDC58,Snack Foods,2022.0,OUT018,Tier 3,Medium,Supermarket Type2,0.042113,10.195,42.5428,4.4
Low Fat,FDP58,Snack Foods,2022.0,OUT018,Tier 3,Medium,Supermarket Type2,0.135693,11.1,220.0482,4.4
Regular,FDV48,Baking Goods,2022.0,OUT018,Tier 3,Medium,Supermarket Type2,0.051827,9.195,77.4644,4.4
Regular,FDK60,Baking Goods,2022.0,OUT018,Tier 3,Medium,Supermarket Type2,0.094247,16.5,98.9068,4.4
Regular,FDS59,Breads,2022.0,OUT018,Tier 3,Medium,Supermarket Type2,0.044072,14.8,109.057,4.4
Regular,FDN25,Breakfast,2022.0,OUT018,Tier 3,Medium,Supermarket Type2,0.061425,7.895,57.7588,4.4
Regular,FDG38,Canned,2022.0,OUT018,Tier 3,Medium,Supermarket Type2,0.0,8.975,84.9224,4.4
Regular,FDM02,Canned,2022.0,OUT018,Tier 3,Medium,Supermarket Type2,0.074035,12.5,87.9198,4.4
Regular,FDY28,Frozen Foods,2022.0,OUT018,Tier 3,Medium,Supermarket Type2,0.152771,7.47,214.4218,4.4
Regular,FDT16,Frozen Foods,2022.0,OUT018,Tier 3,Medium,Supermarket Type2,0.048861,9.895,260.2278,4.4
Regular,FDQ40,Frozen Foods,2022.0,OUT018,Tier 3,Medium,Supermarket Type2,0.036174,11.1,176.0712,4.4
Regular,FDU28,Frozen Foods,2022.0,OUT018,Tier 3,Medium,Supermarket Type2,0.094301,19.2,187.5214,4.4
Regular,FDC57,Fruits and Vegetables,2022.0,OUT018,Tier 3,Medium,Supermarket Type2,0.054817,20.1,194.282,4.4
Regular,FDN46,Snack Foods,2022.0,OUT018,Tier 3,Medium,Supermarket Type2,0.145221,7.21,103.1332,4.4
Regular,FDT10,Snack Foods,2022.0,OUT018,Tier 3,Medium,Supermarket Type2,0.062297,16.7,60.6562,4.4
Low Fat,FDZ33,Snack Foods,2022.0,OUT018,Tier 3,Medium,Supermarket Type2,0.107835,10.195,146.5076,4.4
Low Fat,NCJ05,Health and Hygiene,2018.0,OUT027,Tier 3,Medium,Supermarket Type3,0.045865,12.6,152.3682,4.4
Low Fat,FDN01,Breakfast,2018.0,OUT027,Tier 3,Medium,Supermarket Type3,0.072048,12.6,177.937,4.4
Low Fat,FDC02,Canned,2018.0,OUT027,Tier 3,Medium,Supermarket Type3,0.068489,12.6,259.3278,4.4
Low Fat,FDS01,Canned,2018.0,OUT027,Tier 3,Medium,Supermarket Type3,0.017659,12.6,175.9686,4.4
Low Fat,DRI39,Dairy,2018.0,OUT027,Tier 3,Medium,Supermarket Type3,0.096592,12.6,54.893,4.4
Low Fat,FDB53,Frozen Foods,2018.0,OUT027,Tier 3,Medium,Supermarket Type3,0.138777,12.6,147.5392,4.4
Low Fat,FDI28,Frozen Foods,2018.0,OUT027,Tier 3,Medium,Supermarket Type3,0.026194,12.6,79.0302,4.4
Low Fat,FDL04,Frozen Foods,2018.0,OUT027,Tier 3,Medium,Supermarket Type3,0.111381,12.6,106.7622,4.4
Low Fat,DRJ59,Hard Drinks,2018.0,OUT027,Tier 3,Medium,Supermarket Type3,0.0,12.6,39.0164,4.4
Low Fat,DRL35,Hard Drinks,2018.0,OUT027,Tier 3,Medium,Supermarket Type3,0.030555,12.6,41.877,4.4
Low Fat,NCI29,Health and Hygiene,2018.0,OUT027,Tier 3,Medium,Supermarket Type3,0.032464,12.6,139.9154,4.4
Low Fat,NCK29,Health and Hygiene,2018.0,OUT027,Tier 3,Medium,Supermarket Type3,0.0,12.6,125.173,4.4
Low Fat,NCM05,Health and Hygiene,2018.0,OUT027,Tier 3,Medium,Supermarket Type3,0.059557,12.6,263.7226,4.4
Low Fat,NCO29,Health and Hygiene,2018.0,OUT027,Tier 3,Medium,Supermarket Type3,0.0321,12.6,164.1526,4.4
Low Fat,NCP17,Health and Hygiene,2018.0,OUT027,Tier 3,Medium,Supermarket Type3,0.02758,12.6,62.2168,4.4
Low Fat,NCE42,Household,2018.0,OUT027,Tier 3,Medium,Supermarket Type3,0.010551,12.6,234.9958,4.4
Low Fat,NCI42,Household,2018.0,OUT027,Tier 3,Medium,Supermarket Type3,0.010315,12.6,208.4954,4.4
Low Fat,NCQ54,Household,2018.0,OUT027,Tier 3,Medium,Supermarket Type3,0.012482,12.6,168.3474,4.4
Low Fat,FDV45,Snack Foods,2018.0,OUT027,Tier 3,Medium,Supermarket Type3,0.044829,12.6,187.4556,4.4
Regular,FDO49,Breakfast,2018.0,OUT027,Tier 3,Medium,Supermarket Type3,0.032892,12.6,49.3008,4.4
Regular,FDB02,Canned,2018.0,OUT027,Tier 3,Medium,Supermarket Type3,0.029023,12.6,177.837,4.4
Regular,FDE51,Dairy,2018.0,OUT027,Tier 3,Medium,Supermarket Type3,0.096,12.6,43.7086,4.4
Regular,FDR19,Fruits and Vegetables,2018.0,OUT027,Tier 3,Medium,Supermarket Type3,0.158947,12.6,145.5102,4.4
Regular,FDR31,Fruits and Vegetables,2018.0,OUT027,Tier 3,Medium,Supermarket Type3,0.048925,12.6,147.4102,4.4
Regular,FDT07,Fruits and Vegetables,2018.0,OUT027,Tier 3,Medium,Supermarket Type3,0.076945,12.6,257.133,4.4
Regular,FDI07,Meat,2018.0,OUT027,Tier 3,Medium,Supermarket Type3,0.033597,12.6,197.2426,4.4
Regular,FDU28,Frozen Foods,2020.0,OUT017,Tier 2,Small,Supermarket Type1,0.09445,19.2,187.8214,4.3
Low Fat,DRI11,Hard Drinks,2018.0,OUT027,Tier 3,Medium,Supermarket Type3,0.034238,12.6,113.2834,4.3
Regular,FDE51,Dairy,2011.0,OUT010,Tier 3,Small,Grocery Store,0.161467,5.925,45.5086,4.3
Low Fat,FDU02,Dairy,2016.0,OUT046,Tier 1,Small,Supermarket Type1,0.102512,13.35,230.6352,4.3
Low Fat,FDA46,Snack Foods,2012.0,OUT049,Tier 1,Medium,Supermarket Type1,0.117818,13.6,192.9136,4.3
Low Fat,FDF09,Fruits and Vegetables,2018.0,OUT027,Tier 3,Medium,Supermarket Type3,0.01209,12.6,38.2848,4.3
Regular,FDL12,Baking Goods,2014.0,OUT013,Tier 3,High,Supermarket Type1,0.121532,15.85,59.222,4.3
Low Fat,FDQ10,Snack Foods,2012.0,OUT049,Tier 1,Medium,Supermarket Type1,0.033231,12.85,172.3422,4.3
Regular,FDZ16,Frozen Foods,2020.0,OUT017,Tier 2,Small,Supermarket Type1,0.16076,16.85,192.4478,4.3
Low Fat,FDY25,Canned,2018.0,OUT027,Tier 3,Medium,Supermarket Type3,0.03381,12.6,180.5976,4.3
Regular,FDR28,Frozen Foods,2022.0,OUT018,Tier 3,Medium,Supermarket Type2,0.026002,13.85,161.521,4.3
Low Fat,FDX20,Fruits and Vegetables,2016.0,OUT046,Tier 1,Small,Supermarket Type1,0.04256,7.365,226.172,4.3
Low Fat,DRF49,Soft Drinks,2016.0,OUT046,Tier 1,Small,Supermarket Type1,0.071078,7.27,114.2518,4.3
Regular,DRL01,Soft Drinks,2020.0,OUT017,Tier 2,Small,Supermarket Type1,0.077609,19.5,233.4958,4.3
Regular,FDB35,Starchy Foods,2015.0,OUT045,Tier 2,Small,Supermarket Type1,0.06475,12.3,92.6804,4.3
Low Fat,NCN55,Others,2012.0,OUT049,Tier 1,Medium,Supermarket Type1,0.059583,14.6,238.8538,4.3
Low Fat,FDG52,Frozen Foods,2012.0,OUT049,Tier 1,Medium,Supermarket Type1,0.065733,13.65,45.7402,4.3
Regular,FDR44,Fruits and Vegetables,2011.0,OUT010,Tier 3,Small,Grocery Store,0.0,6.11,131.2968,4.3
Low Fat,FDX15,Meat,2014.0,OUT013,Tier 3,High,Supermarket Type1,0.156169,17.2,160.6578,4.3
Low Fat,DRJ13,Soft Drinks,2014.0,OUT013,Tier 3,High,Supermarket Type1,0.062838,12.65,161.5578,4.3
Low Fat,FDF14,Canned,2017.0,OUT035,Tier 2,Small,Supermarket Type1,0.027165,7.55,152.334,4.3
Regular,FDU44,Fruits and Vegetables,2017.0,OUT035,Tier 2,Small,Supermarket Type1,0.058415,12.15,163.4552,4.3
Regular,FDT39,Meat,2017.0,OUT035,Tier 2,Small,Supermarket Type1,0.009866,6.26,151.1366,4.3
Low Fat,FDE08,Fruits and Vegetables,2011.0,OUT010,Tier 3,Small,Grocery Store,0.082551,18.2,147.3734,4.3
Regular,FDV60,Baking Goods,2018.0,OUT027,Tier 3,Medium,Supermarket Type3,0.116793,12.6,196.211,4.3
Low Fat,NCQ54,Household,2017.0,OUT035,Tier 2,Small,Supermarket Type1,0.01254,17.7,167.0474,4.3
Low Fat,FDX19,Fruits and Vegetables,2017.0,OUT035,Tier 2,Small,Supermarket Type1,0.096716,19.1,235.0958,4.3
Regular,FDS33,Snack Foods,2016.0,OUT046,Tier 1,Small,Supermarket Type1,0.123429,6.67,89.1514,4.3
Low Fat,DRQ35,Hard Drinks,2018.0,OUT027,Tier 3,Medium,Supermarket Type3,0.042087,12.6,122.4388,4.3
Low Fat,DRI37,Soft Drinks,2012.0,OUT049,Tier 1,Medium,Supermarket Type1,0.107765,15.85,59.5904,4.3
Regular,FDU09,Snack Foods,2012.0,OUT049,Tier 1,Medium,Supermarket Type1,0.066701,7.71,55.2956,4.3
Regular,FDH26,Canned,2016.0,OUT046,Tier 1,Small,Supermarket Type1,0.0347,19.25,141.7496,4.3
Regular,FDL51,Dairy,2022.0,OUT018,Tier 3,Medium,Supermarket Type2,0.047685,20.7,212.5876,4.3
Low Fat,NCA54,Household,2015.0,OUT045,Tier 2,Small,Supermarket Type1,0.036716,16.5,180.0318,4.3
Low Fat,FDB34,Snack Foods,2017.0,OUT035,Tier 2,Small,Supermarket Type1,0.026605,15.25,86.2198,4.3
Low Fat,FDT57,Snack Foods,2011.0,OUT010,Tier 3,Small,Grocery Store,0.03186,15.2,235.1248,4.3
Low Fat,NCE19,Household,2015.0,OUT045,Tier 2,Small,Supermarket Type1,0.093203,8.97,52.7956,4.3
Low Fat,FDZ38,Dairy,2022.0,OUT018,Tier 3,Medium,Supermarket Type2,0.008034,17.6,174.2422,4.3
Regular,FDF10,Snack Foods,2012.0,OUT049,Tier 1,Medium,Supermarket Type1,0.157172,15.5,149.1418,4.3
Low Fat,NCO54,Household,2018.0,OUT027,Tier 3,Medium,Supermarket Type3,0.014205,12.6,56.7614,4.3
Low Fat,FDO28,Frozen Foods,2017.0,OUT035,Tier 2,Small,Supermarket Type1,0.072285,5.765,119.9098,4.3
Low Fat,FDU25,Canned,2016.0,OUT046,Tier 1,Small,Supermarket Type1,0.026681,12.35,56.4246,4.3
Regular,FDA40,Frozen Foods,2017.0,OUT035,Tier 2,Small,Supermarket Type1,0.099252,16.0,87.4856,4.3
Low Fat,FDQ37,Breakfast,2011.0,OUT010,Tier 3,Medium,Grocery Store,0.149404,20.75,192.8478,4.3
Low Fat,NCX42,Household,2015.0,OUT045,Tier 2,Medium,Supermarket Type1,0.005991,6.36,163.6526,4.3
Low Fat,NCD19,Household,2011.0,OUT010,Tier 3,Medium,Grocery Store,0.02206,8.93,56.0614,4.3
Low Fat,DRG01,Soft Drinks,2017.0,OUT035,Tier 2,Small,Supermarket Type1,0.04487,14.8,76.467,4.3
Low Fat,DRH13,Soft Drinks,2022.0,OUT018,Tier 3,Medium,Supermarket Type2,0.023983,8.575,106.328,4.3
Regular,FDO22,Snack Foods,2020.0,OUT017,Tier 2,Medium,Supermarket Type1,0.01796,13.5,81.596,4.3
Low Fat,DRE25,Soft Drinks,2017.0,OUT035,Tier 2,Small,Supermarket Type1,0.073269,15.35,92.112,4.3
Low Fat,NCF42,Household,2016.0,OUT046,Tier 1,Small,Supermarket Type1,0.167383,17.35,175.6712,4.3
Regular,FDZ01,Canned,2011.0,OUT010,Tier 3,Medium,Grocery Store,0.015163,8.975,101.899,4.3
Low Fat,FDY51,Meat,2022.0,OUT018,Tier 3,Medium,Supermarket Type2,0.081465,12.5,220.7798,4.3
Low Fat,FDA34,Starchy Foods,2018.0,OUT027,Tier 3,Medium,Supermarket Type3,0.014789,12.6,174.408,4.3
Regular,FDS19,Fruits and Vegetables,2014.0,OUT013,Tier 3,High,Supermarket Type1,0.064154,13.8,76.9012,4.3
Regular,FDG20,Fruits and Vegetables,2011.0,OUT010,Tier 3,Medium,Grocery Store,0.210376,15.5,178.2028,4.3
Regular,FDR24,Baking Goods,2015.0,OUT045,Tier 2,Medium,Supermarket Type1,0.062979,17.35,87.983,4.3
Low Fat,NCI43,Household,2017.0,OUT035,Tier 2,Small,Supermarket Type1,0.025964,19.85,46.3376,4.3
Regular,FDG21,Seafood,2022.0,OUT018,Tier 3,Medium,Supermarket Type2,0.146896,17.35,149.605,4.3
Regular,FDF40,Dairy,2020.0,OUT017,Tier 2,Medium,Supermarket Type1,0.022639,20.25,248.4092,4.3
Low Fat,FDS03,Meat,2018.0,OUT019,Tier 1,Small,Grocery Store,0.139419,12.6,66.0826,4.3
Regular,FDA01,Canned,2017.0,OUT035,Tier 2,Small,Supermarket Type1,0.054368,15.0,58.5904,4.3
Low Fat,DRC12,Soft Drinks,2020.0,OUT017,Tier 2,Medium,Supermarket Type1,0.038041,17.85,189.1188,4.3
Regular,FDY35,Breads,2015.0,OUT045,Tier 2,Medium,Supermarket Type1,0.01606,17.6,47.2402,4.3
Regular,FDH20,Fruits and Vegetables,2014.0,OUT013,Tier 3,High,Supermarket Type1,0.024928,16.1,95.141,4.3
Low Fat,FDR58,Snack Foods,2018.0,OUT027,Tier 3,Medium,Supermarket Type3,0.041718,12.6,94.5462,4.3
Regular,FDI41,Frozen Foods,2018.0,OUT019,Tier 1,Small,Grocery Store,0.109004,12.6,145.2418,4.3
Low Fat,FDA15,Dairy,2015.0,OUT045,Tier 2,Medium,Supermarket Type1,0.016055,9.3,250.2092,4.3
Low Fat,DRD60,Soft Drinks,2018.0,OUT019,Tier 1,Small,Grocery Store,0.065189,12.6,181.1634,4.3
Regular,FDS31,Fruits and Vegetables,2012.0,OUT049,Tier 1,Medium,Supermarket Type1,0.0,13.1,178.9318,4.3
Low Fat,FDS49,Canned,2020.0,OUT017,Tier 2,Medium,Supermarket Type1,0.079794,9.0,80.1644,4.3
Low Fat,FDJ45,Seafood,2018.0,OUT027,Tier 3,Medium,Supermarket Type3,0.073055,12.6,33.7216,4.3
Regular,FDZ35,Breads,2016.0,OUT046,Tier 1,Small,Supermarket Type1,0.022278,9.6,102.499,4.3
Low Fat,DRM48,Soft Drinks,2015.0,OUT045,Tier 2,Medium,Supermarket Type1,0.113126,15.2,38.6848,4.3
Low Fat,NCA05,Health and Hygiene,2020.0,OUT017,Tier 2,Medium,Supermarket Type1,0.025273,20.75,146.6734,4.3
Regular,FDC09,Fruits and Vegetables,2022.0,OUT018,Tier 3,Medium,Supermarket Type2,0.026409,15.5,102.1332,4.3
Low Fat,FDQ24,Baking Goods,2018.0,OUT019,Tier 1,Small,Grocery Store,0.128981,12.6,250.4724,4.3
Low Fat,FDQ21,Snack Foods,2022.0,OUT018,Tier 3,Medium,Supermarket Type2,0.019502,21.25,120.8756,4.3
Low Fat,NCK54,Household,2018.0,OUT027,Tier 3,Medium,Supermarket Type3,0.02938,12.6,114.715,4.3
Low Fat,FDK28,Frozen Foods,2020.0,OUT017,Tier 2,Medium,Supermarket Type1,0.065961,5.695,259.2646,4.3
Low Fat,FDJ56,Fruits and Vegetables,2012.0,OUT049,Tier 1,Medium,Supermarket Type1,0.183688,8.985,100.27,4.3
Low Fat,FDU36,Baking Goods,2012.0,OUT049,Tier 1,Medium,Supermarket Type1,0.046343,6.15,97.3384,4.3
Low Fat,FDR23,Breads,2012.0,OUT049,Tier 1,Medium,Supermarket Type1,0.081915,15.85,177.637,4.3
Low Fat,FDN13,Breakfast,2012.0,OUT049,Tier 1,Medium,Supermarket Type1,0.152295,18.6,98.9358,4.3
Low Fat,FDK02,Canned,2012.0,OUT049,Tier 1,Medium,Supermarket Type1,0.112399,12.5,120.444,4.3
Low Fat,FDD02,Canned,2012.0,OUT049,Tier 1,Medium,Supermarket Type1,0.050369,16.6,117.2124,4.3
Low Fat,DRD15,Dairy,2012.0,OUT049,Tier 1,Medium,Supermarket Type1,0.056884,10.6,231.9642,4.3
Low Fat,FDE29,Frozen Foods,2012.0,OUT049,Tier 1,Medium,Supermarket Type1,0.143352,8.905,62.0878,4.3
Low Fat,FDD28,Frozen Foods,2012.0,OUT049,Tier 1,Medium,Supermarket Type1,0.05338,10.695,56.7904,4.3
Low Fat,FDD29,Frozen Foods,2012.0,OUT049,Tier 1,Medium,Supermarket Type1,0.018439,12.15,254.7698,4.3
Low Fat,FDE09,Fruits and Vegetables,2012.0,OUT049,Tier 1,Medium,Supermarket Type1,0.0,8.775,111.3228,4.3
Low Fat,FDI45,Fruits and Vegetables,2012.0,OUT049,Tier 1,Medium,Supermarket Type1,0.03764,13.1,175.6054,4.3
Low Fat,FDA32,Fruits and Vegetables,2012.0,OUT049,Tier 1,Medium,Supermarket Type1,0.030141,14.0,216.0192,4.3
Low Fat,FDZ20,Fruits and Vegetables,2012.0,OUT049,Tier 1,Medium,Supermarket Type1,0.03436,16.1,253.4356,4.3
Low Fat,FDT43,Fruits and Vegetables,2012.0,OUT049,Tier 1,Medium,Supermarket Type1,0.02058,16.35,52.1324,4.3
Low Fat,FDT44,Fruits and Vegetables,2012.0,OUT049,Tier 1,Medium,Supermarket Type1,0.103147,16.6,117.2466,4.3
Low Fat,FDN32,Fruits and Vegetables,2012.0,OUT049,Tier 1,Medium,Supermarket Type1,0.015585,17.5,185.1266,4.3
Low Fat,FDR08,Fruits and Vegetables,2012.0,OUT049,Tier 1,Medium,Supermarket Type1,0.037681,18.7,111.0886,4.3
Low Fat,DRN35,Hard Drinks,2012.0,OUT049,Tier 1,Medium,Supermarket Type1,0.070357,8.01,36.8532,4.3
Low Fat,DRH23,Hard Drinks,2012.0,OUT049,Tier 1,Medium,Supermarket Type1,0.0,14.65,54.9614,4.3
Low Fat,NCK17,Health and Hygiene,2012.0,OUT049,Tier 1,Medium,Supermarket Type1,0.037954,11.0,38.448,4.3
Low Fat,NCS05,Health and Hygiene,2012.0,OUT049,Tier 1,Medium,Supermarket Type1,0.021011,11.5,131.3942,4.3
Low Fat,NCK53,Health and Hygiene,2012.0,OUT049,Tier 1,Medium,Supermarket Type1,0.03764,11.6,98.4042,4.3
Low Fat,NCR41,Health and Hygiene,2012.0,OUT049,Tier 1,Medium,Supermarket Type1,0.018052,17.85,96.6094,4.3
Low Fat,NCS17,Health and Hygiene,2012.0,OUT049,Tier 1,Medium,Supermarket Type1,0.080627,18.6,92.5436,4.3
Low Fat,NCV17,Health and Hygiene,2012.0,OUT049,Tier 1,Medium,Supermarket Type1,0.016133,18.85,130.2626,4.3
Low Fat,NCL05,Health and Hygiene,2012.0,OUT049,Tier 1,Medium,Supermarket Type1,0.0,19.6,42.877,4.3
Low Fat,NCZ30,Household,2012.0,OUT049,Tier 1,Medium,Supermarket Type1,0.026226,6.59,119.0098,4.3
Low Fat,NCE31,Household,2012.0,OUT049,Tier 1,Medium,Supermarket Type1,0.185131,7.67,32.9216,4.3
Low Fat,NCY54,Household,2012.0,OUT049,Tier 1,Medium,Supermarket Type1,0.177971,8.43,174.0422,4.3
Low Fat,NCE19,Household,2012.0,OUT049,Tier 1,Medium,Supermarket Type1,0.093159,8.97,55.7956,4.3
Low Fat,NCO54,Household,2012.0,OUT049,Tier 1,Medium,Supermarket Type1,0.014296,19.5,53.7614,4.3
Low Fat,NCA06,Household,2012.0,OUT049,Tier 1,Medium,Supermarket Type1,0.143506,20.5,34.719,4.3
Low Fat,NCL19,Others,2012.0,OUT049,Tier 1,Medium,Supermarket Type1,0.015701,15.35,141.147,4.3
Low Fat,NCM55,Others,2012.0,OUT049,Tier 1,Medium,Supermarket Type1,0.06683,15.6,185.5924,4.3
Low Fat,NCI31,Others,2012.0,OUT049,Tier 1,Medium,Supermarket Type1,0.081454,20.0,36.819,4.3
Low Fat,FDX34,Snack Foods,2012.0,OUT049,Tier 1,Medium,Supermarket Type1,0.072097,6.195,119.3098,4.3
Low Fat,FDM46,Snack Foods,2012.0,OUT049,Tier 1,Medium,Supermarket Type1,0.160217,7.365,93.512,4.3
Low Fat,FDD34,Snack Foods,2012.0,OUT049,Tier 1,Medium,Supermarket Type1,0.015901,7.945,163.821,4.3
Low Fat,FDL34,Snack Foods,2012.0,OUT049,Tier 1,Medium,Supermarket Type1,0.04101,16.0,141.2496,4.3
Low Fat,FDM10,Snack Foods,2012.0,OUT049,Tier 1,Medium,Supermarket Type1,0.07609,18.25,212.9218,4.3
Low Fat,FDO58,Snack Foods,2012.0,OUT049,Tier 1,Medium,Supermarket Type1,0.039639,19.6,166.0526,4.3
Low Fat,DRD37,Soft Drinks,2012.0,OUT049,Tier 1,Medium,Supermarket Type1,0.013863,9.8,45.106,4.3
Low Fat,DRL49,Soft Drinks,2012.0,OUT049,Tier 1,Medium,Supermarket Type1,0.056517,13.15,143.4812,4.3
Low Fat,DRM48,Soft Drinks,2012.0,OUT049,Tier 1,Medium,Supermarket Type1,0.113072,15.2,35.8848,4.3
Regular,FDU24,Baking Goods,2012.0,OUT049,Tier 1,Medium,Supermarket Type1,0.0,6.78,95.012,4.3
Regular,FDV48,Baking Goods,2012.0,OUT049,Tier 1,Medium,Supermarket Type1,0.051697,9.195,79.2644,4.3
Regular,FDI12,Baking Goods,2012.0,OUT049,Tier 1,Medium,Supermarket Type1,0.100555,9.395,88.8856,4.3
Regular,FDI48,Baking Goods,2012.0,OUT049,Tier 1,Medium,Supermarket Type1,0.055805,11.85,53.0666,4.3
Regular,FDK25,Breakfast,2012.0,OUT049,Tier 1,Medium,Supermarket Type1,0.157076,11.6,166.6474,4.3
Regular,FDK26,Canned,2012.0,OUT049,Tier 1,Medium,Supermarket Type1,0.032227,5.46,186.824,4.3
Regular,FDZ49,Canned,2012.0,OUT049,Tier 1,Medium,Supermarket Type1,0.133353,11.0,219.7798,4.3
Regular,FDE14,Canned,2012.0,OUT049,Tier 1,Medium,Supermarket Type1,0.031494,13.65,98.87,4.3
Regular,FDT50,Dairy,2012.0,OUT049,Tier 1,Medium,Supermarket Type1,0.0,6.75,96.7752,4.3
Regular,FDZ26,Dairy,2012.0,OUT049,Tier 1,Medium,Supermarket Type1,0.144241,11.6,239.4222,4.3
Regular,FDP40,Frozen Foods,2012.0,OUT049,Tier 1,Medium,Supermarket Type1,0.034411,4.555,111.3544,4.3
Regular,FDD41,Frozen Foods,2012.0,OUT049,Tier 1,Medium,Supermarket Type1,0.087396,6.765,105.3306,4.3
Regular,FDV16,Frozen Foods,2012.0,OUT049,Tier 1,Medium,Supermarket Type1,0.08306,7.75,35.7558,4.3
Regular,FDG41,Frozen Foods,2012.0,OUT049,Tier 1,Medium,Supermarket Type1,0.076681,8.84,110.7228,4.3
Regular,FDM04,Frozen Foods,2012.0,OUT049,Tier 1,Medium,Supermarket Type1,0.047194,9.195,52.8666,4.3
Regular,FDR31,Fruits and Vegetables,2012.0,OUT049,Tier 1,Medium,Supermarket Type1,0.049239,6.46,144.4102,4.3
Regular,FDD44,Fruits and Vegetables,2012.0,OUT049,Tier 1,Medium,Supermarket Type1,0.078522,8.05,257.1646,4.3
Regular,FDV44,Fruits and Vegetables,2012.0,OUT049,Tier 1,Medium,Supermarket Type1,0.039906,8.365,191.3188,4.3
Regular,FDM08,Fruits and Vegetables,2012.0,OUT049,Tier 1,Medium,Supermarket Type1,0.053668,10.1,223.0088,4.3
Regular,FDW19,Fruits and Vegetables,2012.0,OUT049,Tier 1,Medium,Supermarket Type1,0.03856,12.35,109.857,4.3
Regular,FDF57,Fruits and Vegetables,2012.0,OUT049,Tier 1,Medium,Supermarket Type1,0.058919,14.5,169.7448,4.3
Regular,FDQ07,Fruits and Vegetables,2012.0,OUT049,Tier 1,Medium,Supermarket Type1,0.087543,15.1,219.8456,4.3
Regular,FDZ31,Fruits and Vegetables,2012.0,OUT049,Tier 1,Medium,Supermarket Type1,0.0,15.35,193.0504,4.3
Regular,FDZ51,Meat,2012.0,OUT049,Tier 1,Medium,Supermarket Type1,0.054638,11.3,93.3094,4.3
Regular,FDM27,Meat,2012.0,OUT049,Tier 1,Medium,Supermarket Type1,0.158716,12.35,157.2946,4.3
Regular,FDQ03,Meat,2012.0,OUT049,Tier 1,Medium,Supermarket Type1,0.0,15.0,235.6248,4.3
Regular,DRY23,Soft Drinks,2012.0,OUT049,Tier 1,Medium,Supermarket Type1,0.109266,9.395,42.3112,4.3
Low Fat,FDD57,Fruits and Vegetables,2012.0,OUT049,Tier 1,Medium,Supermarket Type1,0.022434,18.1,96.2094,4.3
Low Fat,FDD14,Canned,2018.0,OUT019,Tier 1,Small,Grocery Store,0.297313,12.6,185.4266,4.3
Low Fat,FDO36,Baking Goods,2018.0,OUT019,Tier 1,Small,Grocery Store,0.136417,12.6,179.766,4.3
Low Fat,FDU36,Baking Goods,2018.0,OUT019,Tier 1,Small,Grocery Store,0.081014,12.6,98.8384,4.3
Low Fat,FDZ60,Baking Goods,2018.0,OUT019,Tier 1,Small,Grocery Store,0.208987,12.6,106.0596,4.3
Low Fat,FDS23,Breads,2018.0,OUT019,Tier 1,Small,Grocery Store,0.246679,12.6,129.7994,4.3
Low Fat,DRI03,Dairy,2018.0,OUT019,Tier 1,Small,Grocery Store,0.039751,12.6,176.9028,4.3
Low Fat,FDP26,Dairy,2018.0,OUT019,Tier 1,Small,Grocery Store,0.244339,12.6,105.9306,4.3
Low Fat,FDC28,Frozen Foods,2018.0,OUT019,Tier 1,Small,Grocery Store,0.0,12.6,109.9254,4.3
Low Fat,FDG16,Frozen Foods,2018.0,OUT019,Tier 1,Small,Grocery Store,0.157258,12.6,215.0192,4.3
Low Fat,FDB33,Fruits and Vegetables,2018.0,OUT019,Tier 1,Small,Grocery Store,0.025528,12.6,157.5262,4.3
Low Fat,FDI20,Fruits and Vegetables,2018.0,OUT019,Tier 1,Small,Grocery Store,0.06752,12.6,211.3586,4.3
Low Fat,FDR07,Fruits and Vegetables,2018.0,OUT019,Tier 1,Small,Grocery Store,0.13612,12.6,94.1094,4.3
Low Fat,NCK17,Health and Hygiene,2018.0,OUT019,Tier 1,Small,Grocery Store,0.0,12.6,40.348,4.3
Low Fat,NCL05,Health and Hygiene,2018.0,OUT019,Tier 1,Small,Grocery Store,0.083863,12.6,44.077,4.3
Low Fat,NCQ29,Health and Hygiene,2018.0,OUT019,Tier 1,Small,Grocery Store,0.182494,12.6,258.8278,4.3
Low Fat,NCX29,Health and Hygiene,2018.0,OUT019,Tier 1,Small,Grocery Store,0.156095,12.6,144.3102,4.3
Low Fat,NCB30,Household,2018.0,OUT019,Tier 1,Small,Grocery Store,0.045003,12.6,196.5084,4.3
Low Fat,NCE54,Household,2018.0,OUT019,Tier 1,Small,Grocery Store,0.047098,12.6,75.5354,4.3
Low Fat,NCU06,Household,2018.0,OUT019,Tier 1,Small,Grocery Store,0.130277,12.6,228.001,4.3
Low Fat,FDL15,Meat,2018.0,OUT019,Tier 1,Small,Grocery Store,0.081651,12.6,152.5682,4.3
Low Fat,NCM07,Others,2018.0,OUT019,Tier 1,Small,Grocery Store,0.069968,12.6,83.9908,4.3
Low Fat,NCP43,Others,2018.0,OUT019,Tier 1,Small,Grocery Store,0.053414,12.6,181.766,4.3
Low Fat,FDP34,Snack Foods,2018.0,OUT019,Tier 1,Small,Grocery Store,0.240268,12.6,156.463,4.3
Low Fat,DRF01,Soft Drinks,2018.0,OUT019,Tier 1,Small,Grocery Store,0.306543,12.6,147.3102,4.3
Low Fat,DRL60,Soft Drinks,2018.0,OUT019,Tier 1,Small,Grocery Store,0.047377,12.6,150.6682,4.3
Regular,FDU24,Baking Goods,2018.0,OUT019,Tier 1,Small,Grocery Store,0.245407,12.6,92.812,4.3
Regular,FDN25,Breakfast,2018.0,OUT019,Tier 1,Small,Grocery Store,0.10711,12.6,55.5588,4.3
Regular,FDW38,Dairy,2018.0,OUT019,Tier 1,Small,Grocery Store,0.0,12.6,55.9298,4.3
Regular,FDX04,Frozen Foods,2018.0,OUT019,Tier 1,Small,Grocery Store,0.072786,12.6,49.4376,4.3
Regular,FDA08,Fruits and Vegetables,2018.0,OUT019,Tier 1,Small,Grocery Store,0.087693,12.6,162.5526,4.3
Regular,FDE33,Fruits and Vegetables,2018.0,OUT019,Tier 1,Small,Grocery Store,0.086906,12.6,78.8644,4.3
Regular,FDG08,Fruits and Vegetables,2018.0,OUT019,Tier 1,Small,Grocery Store,0.289523,12.6,172.0764,4.3
Regular,FDQ32,Fruits and Vegetables,2018.0,OUT019,Tier 1,Small,Grocery Store,0.081605,12.6,122.3388,4.3
Regular,FDX56,Fruits and Vegetables,2018.0,OUT019,Tier 1,Small,Grocery Store,0.129669,12.6,206.8638,4.3
Regular,FDX03,Meat,2018.0,OUT019,Tier 1,Small,Grocery Store,0.106971,12.6,44.7744,4.3
Regular,FDK58,Snack Foods,2018.0,OUT019,Tier 1,Small,Grocery Store,0.078759,12.6,103.0016,4.3
Regular,FDL09,Snack Foods,2018.0,OUT019,Tier 1,Small,Grocery Store,0.224175,12.6,168.8816,4.3
Regular,FDM22,Snack Foods,2018.0,OUT019,Tier 1,Small,Grocery Store,0.073463,12.6,52.364,4.3
Regular,FDV10,Snack Foods,2018.0,OUT019,Tier 1,Small,Grocery Store,0.116794,12.6,41.0112,4.3
Low Fat,NCJ54,Household,2016.0,OUT046,Tier 1,Small,Supermarket Type1,0.060067,9.895,230.6642,4.3
Low Fat,NCY30,Household,2016.0,OUT046,Tier 1,Small,Supermarket Type1,0.025953,20.25,179.5976,4.3
Low Fat,FDW24,Baking Goods,2016.0,OUT046,Tier 1,Small,Supermarket Type1,0.037497,6.8,49.9034,4.3
Low Fat,FDT36,Baking Goods,2016.0,OUT046,Tier 1,Small,Supermarket Type1,0.111275,12.3,35.0874,4.3
Low Fat,FDS60,Baking Goods,2016.0,OUT046,Tier 1,Small,Supermarket Type1,0.032449,20.85,177.866,4.3
Low Fat,FDU23,Breads,2016.0,OUT046,Tier 1,Small,Supermarket Type1,0.0,12.15,164.7184,4.3
Low Fat,FDW47,Breads,2016.0,OUT046,Tier 1,Small,Supermarket Type1,0.046375,15.0,122.8414,4.3
Low Fat,FDV49,Canned,2016.0,OUT046,Tier 1,Small,Supermarket Type1,0.025827,10.0,263.2226,4.3
Low Fat,DRI03,Dairy,2016.0,OUT046,Tier 1,Small,Supermarket Type1,0.022704,6.03,177.9028,4.3
Low Fat,FDU38,Dairy,2016.0,OUT046,Tier 1,Small,Supermarket Type1,0.08255,10.8,193.7504,4.3
Low Fat,FDR02,Dairy,2016.0,OUT046,Tier 1,Small,Supermarket Type1,0.022066,16.7,110.5886,4.3
Low Fat,FDU14,Dairy,2016.0,OUT046,Tier 1,Small,Supermarket Type1,0.034753,17.75,248.775,4.3
Low Fat,FDK28,Frozen Foods,2016.0,OUT046,Tier 1,Small,Supermarket Type1,0.06559,5.695,258.2646,4.3
Low Fat,FDR04,Frozen Foods,2016.0,OUT046,Tier 1,Small,Supermarket Type1,0.022567,7.075,97.3068,4.3
Low Fat,FDL08,Fruits and Vegetables,2016.0,OUT046,Tier 1,Small,Supermarket Type1,0.049719,10.8,246.7144,4.3
Low Fat,FDG57,Fruits and Vegetables,2016.0,OUT046,Tier 1,Small,Supermarket Type1,0.072298,14.7,48.2034,4.3
Low Fat,FDF32,Fruits and Vegetables,2016.0,OUT046,Tier 1,Small,Supermarket Type1,0.0,16.35,198.5426,4.3
Low Fat,FDL20,Fruits and Vegetables,2016.0,OUT046,Tier 1,Small,Supermarket Type1,0.0,17.1,111.9886,4.3
Low Fat,DRK35,Hard Drinks,2016.0,OUT046,Tier 1,Small,Supermarket Type1,0.071846,8.365,37.9506,4.3
Low Fat,DRP35,Hard Drinks,2016.0,OUT046,Tier 1,Small,Supermarket Type1,0.090867,18.85,127.3336,4.3
Low Fat,NCN05,Health and Hygiene,2016.0,OUT046,Tier 1,Small,Supermarket Type1,0.01446,8.235,181.895,4.3
Low Fat,NCK53,Health and Hygiene,2016.0,OUT046,Tier 1,Small,Supermarket Type1,0.037581,11.6,98.9042,4.3
Low Fat,NCO41,Health and Hygiene,2016.0,OUT046,Tier 1,Small,Supermarket Type1,0.018849,12.5,96.7384,4.3
Low Fat,NCR41,Health and Hygiene,2016.0,OUT046,Tier 1,Small,Supermarket Type1,0.018024,17.85,95.9094,4.3
Low Fat,NCT42,Household,2016.0,OUT046,Tier 1,Small,Supermarket Type1,0.024887,5.88,147.5392,4.3
Low Fat,NCV54,Household,2016.0,OUT046,Tier 1,Small,Supermarket Type1,0.0,11.1,119.1124,4.3
Low Fat,NCR06,Household,2016.0,OUT046,Tier 1,Small,Supermarket Type1,0.006765,12.5,41.7112,4.3
Low Fat,NCC07,Household,2016.0,OUT046,Tier 1,Small,Supermarket Type1,0.023951,19.6,105.6964,4.3
Low Fat,NCV30,Household,2016.0,OUT046,Tier 1,Small,Supermarket Type1,0.065932,20.2,64.851,4.3
Low Fat,NCN42,Household,2016.0,OUT046,Tier 1,Small,Supermarket Type1,0.014223,20.25,148.9418,4.3
Low Fat,NCK19,Others,2016.0,OUT046,Tier 1,Small,Supermarket Type1,0.090466,9.8,193.6478,4.3
Low Fat,NCL55,Others,2016.0,OUT046,Tier 1,Small,Supermarket Type1,0.0,12.15,254.904,4.3
Low Fat,FDV09,Snack Foods,2016.0,OUT046,Tier 1,Small,Supermarket Type1,0.020569,12.1,150.4734,4.3
Low Fat,FDH33,Snack Foods,2016.0,OUT046,Tier 1,Small,Supermarket Type1,0.121725,12.85,45.1428,4.3
Low Fat,FDK09,Snack Foods,2016.0,OUT046,Tier 1,Small,Supermarket Type1,0.091763,15.2,228.5352,4.3
Low Fat,FDT45,Snack Foods,2016.0,OUT046,Tier 1,Small,Supermarket Type1,0.057313,15.85,53.3956,4.3
Low Fat,FDM34,Snack Foods,2016.0,OUT046,Tier 1,Small,Supermarket Type1,0.067448,19.0,132.9626,4.3
Low Fat,DRD12,Soft Drinks,2016.0,OUT046,Tier 1,Small,Supermarket Type1,0.077194,6.96,89.9146,4.3
Low Fat,DRE01,Soft Drinks,2016.0,OUT046,Tier 1,Small,Supermarket Type1,0.167155,10.1,241.7512,4.3
Low Fat,DRF36,Soft Drinks,2016.0,OUT046,Tier 1,Small,Supermarket Type1,0.023577,16.1,192.6846,4.3
Low Fat,FDG47,Starchy Foods,2016.0,OUT046,Tier 1,Small,Supermarket Type1,0.069619,12.8,260.3252,4.3
Regular,FDP48,Baking Goods,2016.0,OUT046,Tier 1,Small,Supermarket Type1,0.044023,7.52,183.095,4.3
Regular,FDW12,Baking Goods,2016.0,OUT046,Tier 1,Small,Supermarket Type1,0.035572,8.315,144.4444,4.3
Regular,FDM36,Baking Goods,2016.0,OUT046,Tier 1,Small,Supermarket Type1,0.058731,11.65,171.9422,4.3
Regular,FDU12,Baking Goods,2016.0,OUT046,Tier 1,Small,Supermarket Type1,0.075751,15.5,262.8568,4.3
Regular,FDS11,Breads,2016.0,OUT046,Tier 1,Small,Supermarket Type1,0.055559,7.05,224.7088,4.3
Regular,FDQ59,Breads,2016.0,OUT046,Tier 1,Small,Supermarket Type1,0.056387,9.8,84.6908,4.3
Regular,FDR59,Breads,2016.0,OUT046,Tier 1,Small,Supermarket Type1,0.063864,14.5,262.3594,4.3
Regular,FDP59,Breads,2016.0,OUT046,Tier 1,Small,Supermarket Type1,0.056466,20.85,103.6648,4.3
Regular,FDN38,Canned,2016.0,OUT046,Tier 1,Small,Supermarket Type1,0.091972,6.615,251.6408,4.3
Regular,FDT01,Canned,2016.0,OUT046,Tier 1,Small,Supermarket Type1,0.184168,13.65,213.7902,4.3
Regular,FDY37,Canned,2016.0,OUT046,Tier 1,Small,Supermarket Type1,0.026569,17.0,142.047,4.3
Regular,FDZ03,Dairy,2016.0,OUT046,Tier 1,Small,Supermarket Type1,0.078787,13.65,184.824,4.3
Regular,FDQ28,Frozen Foods,2016.0,OUT046,Tier 1,Small,Supermarket Type1,0.060427,14.0,153.5656,4.3
Regular,FDU28,Frozen Foods,2016.0,OUT046,Tier 1,Small,Supermarket Type1,0.093918,19.2,189.8214,4.3
Regular,FDR32,Fruits and Vegetables,2016.0,OUT046,Tier 1,Small,Supermarket Type1,0.0,6.78,227.4694,4.3
Regular,FDU19,Fruits and Vegetables,2016.0,OUT046,Tier 1,Small,Supermarket Type1,0.046771,8.77,173.9422,4.3
Regular,FDJ44,Fruits and Vegetables,2016.0,OUT046,Tier 1,Small,Supermarket Type1,0.106327,12.3,172.8396,4.3
Regular,FDF57,Fruits and Vegetables,2016.0,OUT046,Tier 1,Small,Supermarket Type1,0.058827,14.5,172.2448,4.3
Regular,FDD56,Fruits and Vegetables,2016.0,OUT046,Tier 1,Small,Supermarket Type1,0.103778,15.2,175.6054,4.3
Regular,FDC08,Fruits and Vegetables,2016.0,OUT046,Tier 1,Small,Supermarket Type1,0.10345,19.0,225.472,4.3
Regular,FDJ55,Meat,2016.0,OUT046,Tier 1,Small,Supermarket Type1,0.023531,12.8,223.5404,4.3
Regular,FDR57,Snack Foods,2016.0,OUT046,Tier 1,Small,Supermarket Type1,0.023497,5.675,156.1288,4.3
Regular,FDU45,Snack Foods,2016.0,OUT046,Tier 1,Small,Supermarket Type1,0.035506,15.6,112.4518,4.3
Regular,DRA59,Soft Drinks,2016.0,OUT046,Tier 1,Small,Supermarket Type1,0.127928,8.27,184.8924,4.3
Regular,FDB35,Starchy Foods,2016.0,OUT046,Tier 1,Small,Supermarket Type1,0.064619,12.3,89.8804,4.3
Regular,FDK26,Canned,2016.0,OUT046,Tier 1,Small,Supermarket Type1,0.032177,5.46,185.424,4.3
Low Fat,NCB18,Household,2015.0,OUT045,Tier 2,Medium,Supermarket Type1,0.041375,19.6,89.2514,4.3
Low Fat,DRK12,Soft Drinks,2020.0,OUT017,Tier 2,Medium,Supermarket Type1,0.042123,9.5,32.09,4.3
Low Fat,FDA48,Baking Goods,2015.0,OUT045,Tier 2,Medium,Supermarket Type1,0.115107,12.1,222.0114,4.3
Low Fat,FDE24,Baking Goods,2015.0,OUT045,Tier 2,Medium,Supermarket Type1,0.093652,14.85,141.5812,4.3
Low Fat,FDW48,Baking Goods,2015.0,OUT045,Tier 2,Medium,Supermarket Type1,0.008558,18.0,79.0618,4.3
Low Fat,FDJ50,Canned,2015.0,OUT045,Tier 2,Medium,Supermarket Type1,0.02163,8.645,51.9982,4.3
Low Fat,FDO38,Canned,2015.0,OUT045,Tier 2,Medium,Supermarket Type1,0.072987,17.25,78.8986,4.3
Low Fat,FDB28,Dairy,2015.0,OUT045,Tier 2,Medium,Supermarket Type1,0.093575,6.615,199.4426,4.3
Low Fat,DRG51,Dairy,2015.0,OUT045,Tier 2,Medium,Supermarket Type1,0.011563,12.1,164.9526,4.3
Low Fat,DRE15,Dairy,2015.0,OUT045,Tier 2,Medium,Supermarket Type1,0.017821,13.35,75.1012,4.3
Low Fat,FDR02,Dairy,2015.0,OUT045,Tier 2,Medium,Supermarket Type1,0.02211,16.7,110.8886,4.3
Low Fat,FDS52,Frozen Foods,2015.0,OUT045,Tier 2,Medium,Supermarket Type1,0.005486,8.89,99.3016,4.3
Low Fat,FDZ40,Frozen Foods,2015.0,OUT045,Tier 2,Medium,Supermarket Type1,0.040264,8.935,52.6298,4.3
Low Fat,FDM28,Frozen Foods,2015.0,OUT045,Tier 2,Medium,Supermarket Type1,0.045296,15.7,181.366,4.3
Low Fat,FDU40,Frozen Foods,2015.0,OUT045,Tier 2,Medium,Supermarket Type1,0.03748,20.85,192.7478,4.3
Low Fat,DRM59,Hard Drinks,2015.0,OUT045,Tier 2,Medium,Supermarket Type1,0.003599,5.88,152.2998,4.3
Low Fat,DRK35,Hard Drinks,2015.0,OUT045,Tier 2,Medium,Supermarket Type1,0.071992,8.365,38.3506,4.3
Low Fat,DRM47,Hard Drinks,2015.0,OUT045,Tier 2,Medium,Supermarket Type1,0.043874,9.3,191.0846,4.3
Low Fat,DRJ59,Hard Drinks,2015.0,OUT045,Tier 2,Medium,Supermarket Type1,0.019412,11.65,40.3164,4.3
Low Fat,NCM29,Health and Hygiene,2015.0,OUT045,Tier 2,Small,Supermarket Type1,0.017678,11.5,129.2626,4.3
Low Fat,NCO41,Health and Hygiene,2015.0,OUT045,Tier 2,Small,Supermarket Type1,0.018887,12.5,98.8384,4.3
Low Fat,NCJ30,Household,2015.0,OUT045,Tier 2,Small,Supermarket Type1,0.080804,5.82,171.479,4.3
Low Fat,NCG54,Household,2015.0,OUT045,Tier 2,Small,Supermarket Type1,0.079968,12.1,170.8106,4.3
Low Fat,NCY06,Household,2015.0,OUT045,Tier 2,Small,Supermarket Type1,0.061309,15.25,128.8968,4.3
Low Fat,FDP27,Meat,2015.0,OUT045,Tier 2,Small,Supermarket Type1,0.119693,8.155,188.453,4.3
Low Fat,NCL31,Others,2015.0,OUT045,Tier 2,Small,Supermarket Type1,0.120525,7.39,142.247,4.3
Low Fat,NCO02,Others,2015.0,OUT045,Tier 2,Small,Supermarket Type1,0.073517,11.15,65.9142,4.3
Low Fat,NCL55,Others,2015.0,OUT045,Tier 2,Small,Supermarket Type1,0.064792,12.15,254.004,4.3
Low Fat,NCQ43,Others,2015.0,OUT045,Tier 2,Small,Supermarket Type1,0.111527,17.75,110.2912,4.3
Low Fat,FDX21,Snack Foods,2015.0,OUT045,Tier 2,Small,Supermarket Type1,0.085138,7.05,108.6912,4.3
Low Fat,FDQ34,Snack Foods,2015.0,OUT045,Tier 2,Small,Supermarket Type1,0.162572,10.85,107.4622,4.3
Low Fat,FDA46,Snack Foods,2015.0,OUT045,Tier 2,Small,Supermarket Type1,0.117874,13.6,193.6136,4.3
Low Fat,FDL45,Snack Foods,2015.0,OUT045,Tier 2,Small,Supermarket Type1,0.037764,15.6,124.9704,4.3
Low Fat,FDO34,Snack Foods,2015.0,OUT045,Tier 2,Small,Supermarket Type1,0.03,17.7,169.7816,4.3
Low Fat,FDP10,Snack Foods,2015.0,OUT045,Tier 2,Small,Supermarket Type1,0.12835,19.0,106.5622,4.3
Low Fat,DRE48,Soft Drinks,2015.0,OUT045,Tier 2,Small,Supermarket Type1,0.017361,8.43,196.2768,4.3
Low Fat,DRK12,Soft Drinks,2015.0,OUT045,Tier 2,Small,Supermarket Type1,0.041971,9.5,33.39,4.3
Low Fat,FDK36,Baking Goods,2020.0,OUT017,Tier 2,Small,Supermarket Type1,0.007256,7.09,50.4034,4.3
Low Fat,FDV36,Baking Goods,2020.0,OUT017,Tier 2,Small,Supermarket Type1,0.026451,18.7,124.902,4.3
Low Fat,FDP38,Canned,2020.0,OUT017,Tier 2,Small,Supermarket Type1,0.032284,10.1,52.2008,4.3
Low Fat,FDX37,Canned,2020.0,OUT017,Tier 2,Small,Supermarket Type1,0.063386,16.2,98.17,4.3
Low Fat,DRG15,Dairy,2020.0,OUT017,Tier 2,Small,Supermarket Type1,0.07717,6.13,63.0536,4.3
Low Fat,FDD53,Frozen Foods,2020.0,OUT017,Tier 2,Small,Supermarket Type1,0.044473,16.2,43.3454,4.3
Low Fat,FDV40,Frozen Foods,2020.0,OUT017,Tier 2,Small,Supermarket Type1,0.0,17.35,72.2038,4.3
Low Fat,FDS55,Fruits and Vegetables,2020.0,OUT017,Tier 2,Small,Supermarket Type1,0.081623,7.02,148.0734,4.3
Low Fat,FDV32,Fruits and Vegetables,2020.0,OUT017,Tier 2,Small,Supermarket Type1,0.08921,7.785,64.251,4.3
Low Fat,FDG45,Fruits and Vegetables,2020.0,OUT017,Tier 2,Small,Supermarket Type1,0.12876,8.1,213.7902,4.3
Low Fat,FDS20,Fruits and Vegetables,2020.0,OUT017,Tier 2,Small,Supermarket Type1,0.054172,8.85,183.9292,4.3
Low Fat,FDE32,Fruits and Vegetables,2020.0,OUT017,Tier 2,Small,Supermarket Type1,0.049035,20.7,39.9506,4.3
Low Fat,DRH23,Hard Drinks,2020.0,OUT017,Tier 2,Small,Supermarket Type1,0.171282,14.65,54.0614,4.3
Low Fat,DRI23,Hard Drinks,2020.0,OUT017,Tier 2,Small,Supermarket Type1,0.137973,18.85,158.4578,4.3
Low Fat,NCU17,Health and Hygiene,2020.0,OUT017,Tier 2,Small,Supermarket Type1,0.093409,5.32,101.2674,4.3
Low Fat,NCO05,Health and Hygiene,2020.0,OUT017,Tier 2,Small,Supermarket Type1,0.046823,7.27,99.3384,4.3
Low Fat,NCM17,Health and Hygiene,2020.0,OUT017,Tier 2,Small,Supermarket Type1,0.071538,7.93,44.5086,4.3
Low Fat,NCO53,Health and Hygiene,2020.0,OUT017,Tier 2,Small,Supermarket Type1,0.176175,16.2,184.0608,4.3
Low Fat,NCR41,Health and Hygiene,2020.0,OUT017,Tier 2,Small,Supermarket Type1,0.018126,17.85,94.9094,4.3
Low Fat,NCU42,Household,2020.0,OUT017,Tier 2,Small,Supermarket Type1,0.019617,9.0,169.6474,4.3
Low Fat,NCZ42,Household,2020.0,OUT017,Tier 2,Small,Supermarket Type1,0.011352,10.5,236.5248,4.3
Low Fat,NCV06,Household,2020.0,OUT017,Tier 2,Small,Supermarket Type1,0.067059,11.3,194.0478,4.3
Low Fat,NCM30,Household,2020.0,OUT017,Tier 2,High,Supermarket Type1,0.067676,19.1,40.8796,4.3
Low Fat,FDK43,Meat,2020.0,OUT017,Tier 2,High,Supermarket Type1,0.026993,9.8,127.302,4.3
Low Fat,FDT21,Snack Foods,2020.0,OUT017,Tier 2,High,Supermarket Type1,0.020507,7.42,249.7092,4.3
Low Fat,FDW34,Snack Foods,2020.0,OUT017,Tier 2,High,Supermarket Type1,0.03578,9.6,241.317,4.3
Low Fat,FDQ34,Snack Foods,2020.0,OUT017,Tier 2,High,Supermarket Type1,0.16316,10.85,107.4622,4.3
Low Fat,FDK34,Snack Foods,2020.0,OUT017,Tier 2,High,Supermarket Type1,0.038745,13.35,239.3564,4.3
Low Fat,FDL45,Snack Foods,2020.0,OUT017,Tier 2,High,Supermarket Type1,0.037901,15.6,124.1704,4.3
Low Fat,FDM33,Snack Foods,2020.0,OUT017,Tier 2,High,Supermarket Type1,0.088216,15.6,220.1798,4.3
Low Fat,DRD37,Soft Drinks,2020.0,OUT017,Tier 2,High,Supermarket Type1,0.01392,9.8,45.006,4.3
Low Fat,DRK13,Soft Drinks,2020.0,OUT017,Tier 2,High,Supermarket Type1,0.115819,11.8,198.3084,4.3
Low Fat,DRF13,Soft Drinks,2020.0,OUT017,Tier 2,High,Supermarket Type1,0.02995,12.1,146.3444,4.3
Low Fat,DRB25,Soft Drinks,2020.0,OUT017,Tier 2,High,Supermarket Type1,0.069853,12.3,107.4938,4.3
Low Fat,DRJ13,Soft Drinks,2020.0,OUT017,Tier 2,High,Supermarket Type1,0.063246,12.65,159.2578,4.3
Low Fat,DRG13,Soft Drinks,2020.0,OUT017,Tier 2,High,Supermarket Type1,0.037396,17.25,165.6526,4.3
Regular,FDY47,Breads,2015.0,OUT045,Tier 2,High,Supermarket Type1,0.054595,8.6,130.531,4.3
Regular,FDW02,Dairy,2015.0,OUT045,Tier 2,High,Supermarket Type1,0.0,4.805,123.9704,4.3
Regular,FDY15,Dairy,2015.0,OUT045,Tier 2,High,Supermarket Type1,0.171174,18.25,156.463,4.3
Regular,FDD40,Dairy,2015.0,OUT045,Tier 2,High,Supermarket Type1,0.014823,20.25,190.7162,4.3
Regular,FDY04,Frozen Foods,2015.0,OUT045,Tier 2,High,Supermarket Type1,0.042563,17.7,165.021,4.3
Regular,FDU16,Frozen Foods,2015.0,OUT045,Tier 2,High,Supermarket Type1,0.0,19.25,82.5908,4.3
Regular,FDY08,Fruits and Vegetables,2015.0,OUT045,Tier 2,High,Supermarket Type1,0.171422,9.395,139.1838,4.3
Regular,FDX51,Meat,2015.0,OUT045,Tier 2,High,Supermarket Type1,0.022103,9.5,194.7452,4.3
Regular,FDX03,Meat,2015.0,OUT045,Tier 2,High,Supermarket Type1,0.06122,15.85,45.6744,4.3
Regular,FDN46,Snack Foods,2015.0,OUT045,Tier 2,High,Supermarket Type1,0.144925,7.21,100.8332,4.3
Regular,FDM09,Snack Foods,2015.0,OUT045,Tier 2,High,Supermarket Type1,0.086106,11.15,167.879,4.3
Regular,FDG34,Snack Foods,2015.0,OUT045,Tier 2,High,Supermarket Type1,0.037647,11.5,107.5254,4.3
Regular,FDS34,Snack Foods,2015.0,OUT045,Tier 2,High,Supermarket Type1,0.076915,19.35,114.8518,4.3
Regular,FDE36,Baking Goods,2020.0,OUT017,Tier 2,High,Supermarket Type1,0.042009,5.26,162.6868,4.3
Regular,FDM24,Baking Goods,2020.0,OUT017,Tier 2,High,Supermarket Type1,0.079776,6.135,152.8366,4.3
Regular,FDY11,Baking Goods,2020.0,OUT017,Tier 2,High,Supermarket Type1,0.029728,6.71,66.6142,4.3
Regular,FDZ35,Breads,2020.0,OUT017,Tier 2,High,Supermarket Type1,0.022404,9.6,102.499,4.3
Regular,FDY49,Canned,2020.0,OUT017,Tier 2,High,Supermarket Type1,0.01208,17.2,164.4184,4.3
Regular,FDE51,Dairy,2020.0,OUT017,Tier 2,High,Supermarket Type1,0.097013,5.925,42.9086,4.3
Regular,FDC03,Dairy,2020.0,OUT017,Tier 2,High,Supermarket Type1,0.072253,8.575,196.5794,4.3
Regular,FDC51,Dairy,2020.0,OUT017,Tier 2,High,Supermarket Type1,0.009676,10.895,122.873,4.3
Regular,FDY38,Dairy,2020.0,OUT017,Tier 2,High,Supermarket Type1,0.119851,13.6,234.53,4.3
Regular,FDS28,Frozen Foods,2020.0,OUT017,Tier 2,High,Supermarket Type1,0.082868,8.18,58.5588,4.3
Regular,FDE41,Frozen Foods,2020.0,OUT017,Tier 2,High,Supermarket Type1,0.064376,9.195,83.1566,4.3
Regular,FDW52,Frozen Foods,2020.0,OUT017,Tier 2,High,Supermarket Type1,0.037735,14.0,166.4526,4.3
Regular,FDV44,Fruits and Vegetables,2020.0,OUT017,Tier 2,Medium,Supermarket Type1,0.04007,8.365,190.7188,4.3
Regular,FDH20,Fruits and Vegetables,2020.0,OUT017,Tier 2,Medium,Supermarket Type1,0.0,16.1,98.441,4.3
Regular,FDJ27,Meat,2020.0,OUT017,Tier 2,Medium,Supermarket Type1,0.122565,17.7,103.8674,4.3
Regular,FDS45,Snack Foods,2020.0,OUT017,Tier 2,Medium,Supermarket Type1,0.029663,5.175,105.2622,4.3
Regular,FDP21,Snack Foods,2020.0,OUT017,Tier 2,Medium,Supermarket Type1,0.025886,7.42,189.1872,4.3
Regular,FDZ57,Snack Foods,2020.0,OUT017,Tier 2,Medium,Supermarket Type1,0.037978,10.0,128.6994,4.3
Regular,FDU46,Snack Foods,2020.0,OUT017,Tier 2,Medium,Supermarket Type1,0.011189,10.3,86.654,4.3
Regular,FDB58,Snack Foods,2020.0,OUT017,Tier 2,Medium,Supermarket Type1,0.013573,10.5,143.2154,4.3
Regular,FDU21,Snack Foods,2020.0,OUT017,Tier 2,Medium,Supermarket Type1,0.077154,11.8,35.7558,4.3
Regular,FDW09,Snack Foods,2020.0,OUT017,Tier 2,Medium,Supermarket Type1,0.026067,13.65,78.8302,4.3
Regular,FDJ58,Snack Foods,2020.0,OUT017,Tier 2,Medium,Supermarket Type1,0.105892,15.6,172.6764,4.3
Regular,FDD10,Snack Foods,2020.0,OUT017,Tier 2,Medium,Supermarket Type1,0.046281,20.6,177.4344,4.3
Low Fat,FDG26,Canned,2015.0,OUT045,Tier 2,Medium,Supermarket Type1,0.042736,18.85,255.933,4.3
Low Fat,FDI19,Meat,2015.0,OUT045,Tier 2,Medium,Supermarket Type1,0.0,15.1,244.2512,4.3
Regular,FDB26,Canned,2020.0,OUT017,Tier 2,Medium,Supermarket Type1,0.031444,14.0,53.764,4.3
Low Fat,FDQ13,Canned,2017.0,OUT035,Tier 2,Small,Supermarket Type1,0.01064,11.1,84.1908,4.3
Low Fat,FDV59,Breads,2017.0,OUT035,Tier 2,Small,Supermarket Type1,0.048018,13.35,219.6166,4.3
Low Fat,FDV47,Breads,2017.0,OUT035,Tier 2,Small,Supermarket Type1,0.054197,17.1,83.5566,4.3
Low Fat,FDW49,Canned,2017.0,OUT035,Tier 2,Small,Supermarket Type1,0.082537,19.5,177.2002,4.3
Low Fat,FDY50,Dairy,2017.0,OUT035,Tier 2,Small,Supermarket Type1,0.130931,5.8,89.9172,4.3
Low Fat,DRG15,Dairy,2017.0,OUT035,Tier 2,Small,Supermarket Type1,0.076721,6.13,59.4536,4.3
Low Fat,FDB15,Dairy,2017.0,OUT035,Tier 2,Small,Supermarket Type1,0.136785,10.895,265.2568,4.3
Low Fat,FDW50,Dairy,2017.0,OUT035,Tier 2,Small,Supermarket Type1,0.075564,13.1,168.1158,4.3
Low Fat,FDA50,Dairy,2017.0,OUT035,Tier 2,Small,Supermarket Type1,0.087159,16.25,95.141,4.3
Low Fat,FDN40,Frozen Foods,2017.0,OUT035,Tier 2,Small,Supermarket Type1,0.08644,5.88,155.3998,4.3
Low Fat,FDS52,Frozen Foods,2017.0,OUT035,Tier 2,Small,Supermarket Type1,0.005473,8.89,100.5016,4.3
Low Fat,FDB08,Fruits and Vegetables,2017.0,OUT035,Tier 2,Small,Supermarket Type1,0.0,6.055,162.3578,4.3
Low Fat,FDO32,Fruits and Vegetables,2017.0,OUT035,Tier 2,Small,Supermarket Type1,0.120521,6.36,45.906,4.3
Low Fat,FDC56,Fruits and Vegetables,2017.0,OUT035,Tier 2,Small,Supermarket Type1,0.121498,7.72,119.744,4.3
Low Fat,FDD08,Fruits and Vegetables,2017.0,OUT035,Tier 2,Small,Supermarket Type1,0.035348,8.3,38.0506,4.3
Low Fat,FDC20,Fruits and Vegetables,2017.0,OUT035,Tier 2,Small,Supermarket Type1,0.0,10.65,57.1272,4.3
Low Fat,FDL08,Fruits and Vegetables,2017.0,OUT035,Tier 2,Small,Supermarket Type1,0.04971,10.8,246.8144,4.3
Low Fat,FDS43,Fruits and Vegetables,2017.0,OUT035,Tier 2,Small,Supermarket Type1,0.040507,11.65,186.924,4.3
Low Fat,FDT08,Fruits and Vegetables,2017.0,OUT035,Tier 2,Small,Supermarket Type1,0.049209,13.65,150.005,4.3
Low Fat,DRQ35,Hard Drinks,2017.0,OUT035,Tier 2,Small,Supermarket Type1,0.042283,9.3,125.4388,4.3
Low Fat,DRP35,Hard Drinks,2017.0,OUT035,Tier 2,Small,Supermarket Type1,0.09085,18.85,126.6336,4.3
Low Fat,NCM05,Health and Hygiene,2017.0,OUT035,Tier 2,Small,Supermarket Type1,0.059836,6.825,264.3226,4.3
Low Fat,NCX05,Health and Hygiene,2017.0,OUT035,Tier 2,Small,Supermarket Type1,0.097044,15.2,116.8492,4.3
Low Fat,NCW41,Health and Hygiene,2017.0,OUT035,Tier 2,Small,Supermarket Type1,0.015447,18.0,159.2604,4.3
Low Fat,NCV18,Household,2017.0,OUT035,Tier 2,Small,Supermarket Type1,0.105226,6.775,84.225,4.3
Low Fat,NCS06,Household,2017.0,OUT035,Tier 2,Small,Supermarket Type1,0.031731,7.935,261.091,4.3
Low Fat,NCN18,Household,2017.0,OUT035,Tier 2,Small,Supermarket Type1,0.0,8.895,111.9544,4.3
Low Fat,NCU42,Household,2017.0,OUT035,Tier 2,Small,Supermarket Type1,0.019503,9.0,169.4474,4.3
Low Fat,NCN30,Household,2017.0,OUT035,Tier 2,Small,Supermarket Type1,0.01699,16.35,98.541,4.3
Low Fat,NCL18,Household,2017.0,OUT035,Tier 2,Small,Supermarket Type1,0.167552,18.85,193.1136,4.3
Low Fat,FDK55,Meat,2017.0,OUT035,Tier 2,Small,Supermarket Type1,0.025757,18.5,87.2172,4.3
Low Fat,FDN27,Meat,2017.0,OUT035,Tier 2,Small,Supermarket Type1,0.039555,20.85,116.8808,4.3
Low Fat,FDJ45,Seafood,2017.0,OUT035,Tier 2,Small,Supermarket Type1,0.073397,17.75,35.1216,4.3
Low Fat,FDT21,Snack Foods,2017.0,OUT035,Tier 2,Small,Supermarket Type1,0.020388,7.42,247.1092,4.3
Low Fat,FDC58,Snack Foods,2017.0,OUT035,Tier 2,Small,Supermarket Type1,0.041934,10.195,44.6428,4.3
Low Fat,FDH33,Snack Foods,2017.0,OUT035,Tier 2,Small,Supermarket Type1,0.121702,12.85,42.7428,4.3
Low Fat,FDE46,Snack Foods,2017.0,OUT035,Tier 2,Small,Supermarket Type1,0.015767,18.6,152.9366,4.3
Low Fat,FDO58,Snack Foods,2017.0,OUT035,Tier 2,Small,Supermarket Type1,0.03957,19.6,165.9526,4.3
Low Fat,DRJ13,Soft Drinks,2017.0,OUT035,Tier 2,Small,Supermarket Type1,0.062878,12.65,160.9578,4.3
Low Fat,DRI49,Soft Drinks,2017.0,OUT035,Tier 2,Small,Supermarket Type1,0.183473,14.15,82.0276,4.3
Low Fat,DRH25,Soft Drinks,2017.0,OUT035,Tier 2,Small,Supermarket Type1,0.0,18.7,52.2324,4.3
Regular,FDY24,Baking Goods,2017.0,OUT035,Tier 2,Small,Supermarket Type1,0.0,4.88,53.1298,4.3
Regular,FDP01,Breakfast,2017.0,OUT035,Tier 2,Small,Supermarket Type1,0.063314,20.75,153.7682,4.3
Regular,FDI50,Canned,2017.0,OUT035,Tier 2,Small,Supermarket Type1,0.0,8.42,229.0352,4.3
Regular,FDB02,Canned,2017.0,OUT035,Tier 2,Small,Supermarket Type1,0.029159,9.695,174.537,4.3
Regular,FDH50,Canned,2017.0,OUT035,Tier 2,Small,Supermarket Type1,0.161405,15.0,185.8266,4.3
Regular,FDW38,Dairy,2017.0,OUT035,Tier 2,Small,Supermarket Type1,0.0,5.325,55.8298,4.3
Regular,FDQ26,Dairy,2017.0,OUT035,Tier 2,Small,Supermarket Type1,0.06786,13.5,60.1562,4.3
Regular,FDB03,Dairy,2017.0,OUT035,Tier 2,Small,Supermarket Type1,0.156802,17.75,242.1538,4.3
Regular,FDV16,Frozen Foods,2017.0,OUT035,Tier 2,Small,Supermarket Type1,0.082915,7.75,34.9558,4.3
Regular,FDC29,Frozen Foods,2017.0,OUT035,Tier 2,Small,Supermarket Type1,0.024202,8.39,112.6176,4.3
Regular,FDG41,Frozen Foods,2017.0,OUT035,Tier 2,Small,Supermarket Type1,0.076548,8.84,109.5228,4.3
Regular,FDN04,Frozen Foods,2017.0,OUT035,Tier 2,Small,Supermarket Type1,0.0,11.8,179.2344,4.3
Regular,FDH17,Frozen Foods,2017.0,OUT035,Tier 2,Small,Supermarket Type1,0.01665,16.2,97.4726,4.3
Regular,FDZ16,Frozen Foods,2017.0,OUT035,Tier 2,Small,Supermarket Type1,0.159826,16.85,195.5478,4.3
Regular,FDD21,Fruits and Vegetables,2017.0,OUT035,Tier 2,Small,Supermarket Type1,0.030563,10.3,114.4176,4.3
Regular,FDT55,Fruits and Vegetables,2017.0,OUT035,Tier 2,Small,Supermarket Type1,0.043647,13.6,155.7946,4.3
Regular,FDO19,Fruits and Vegetables,2017.0,OUT035,Tier 2,Small,Supermarket Type1,0.016594,17.7,46.9034,4.3
Regular,FDS32,Fruits and Vegetables,2017.0,OUT035,Tier 2,Small,Supermarket Type1,0.029648,17.75,142.4838,4.3
Regular,FDN39,Meat,2017.0,OUT035,Tier 2,Small,Supermarket Type1,0.065508,19.35,168.9816,4.3
Regular,FDU33,Snack Foods,2017.0,OUT035,Tier 2,Small,Supermarket Type1,0.134684,7.63,47.0402,4.3
Regular,FDM57,Snack Foods,2017.0,OUT035,Tier 2,Small,Supermarket Type1,0.075835,11.65,82.9908,4.3
Regular,FDW46,Snack Foods,2017.0,OUT035,Tier 2,Small,Supermarket Type1,0.070288,13.0,64.3484,4.3
Regular,FDL09,Snack Foods,2017.0,OUT035,Tier 2,Small,Supermarket Type1,0.128012,19.6,166.8816,4.3
Regular,FDD10,Snack Foods,2017.0,OUT035,Tier 2,Small,Supermarket Type1,0.0,20.6,178.1344,4.3
Regular,DRB13,Soft Drinks,2017.0,OUT035,Tier 2,Small,Supermarket Type1,0.007043,6.115,190.353,4.3
Low Fat,DRN37,Soft Drinks,2017.0,OUT035,Tier 2,Small,Supermarket Type1,0.096279,9.6,167.3158,4.3
Regular,FDC10,Snack Foods,2017.0,OUT035,Tier 2,Small,Supermarket Type1,0.072864,9.8,118.6098,4.3
Low Fat,DRH59,Hard Drinks,2011.0,OUT010,Tier 3,Medium,Grocery Store,0.097806,10.8,73.938,4.3
Low Fat,FDN12,Baking Goods,2011.0,OUT010,Tier 3,Medium,Grocery Store,0.135751,15.6,111.5544,4.3
Low Fat,FDO60,Baking Goods,2011.0,OUT010,Tier 3,Medium,Grocery Store,0.057528,20.0,43.1086,4.3
Low Fat,FDP11,Breads,2011.0,OUT010,Tier 3,Medium,Grocery Store,0.11566,15.85,218.3166,4.3
Low Fat,FDT04,Frozen Foods,2011.0,OUT010,Tier 3,Medium,Grocery Store,0.0,17.25,37.5822,4.3
Low Fat,FDG45,Fruits and Vegetables,2011.0,OUT010,Tier 3,Medium,Grocery Store,0.214306,8.1,213.9902,4.3
Low Fat,FDA32,Fruits and Vegetables,2011.0,OUT010,Tier 3,Medium,Grocery Store,0.050372,14.0,214.7192,4.3
Low Fat,FDR43,Fruits and Vegetables,2011.0,OUT010,Tier 3,Medium,Grocery Store,0.2703,18.2,38.319,4.3
Low Fat,FDB32,Fruits and Vegetables,2011.0,OUT010,Tier 3,Medium,Grocery Store,0.039255,20.6,94.4778,4.3
Low Fat,DRG11,Hard Drinks,2011.0,OUT010,Tier 3,Medium,Grocery Store,0.140328,6.385,109.1596,4.3
Low Fat,NCN41,Health and Hygiene,2011.0,OUT010,Tier 3,Medium,Grocery Store,0.087388,17.0,125.073,4.3
Low Fat,NCP02,Household,2011.0,OUT010,Tier 3,Medium,Grocery Store,0.075001,7.105,61.0562,4.3
Low Fat,NCT30,Household,2011.0,OUT010,Tier 3,Medium,Grocery Store,0.134394,9.1,48.0718,4.3
Low Fat,NCR42,Household,2011.0,OUT010,Tier 3,Medium,Grocery Store,0.064411,9.105,33.39,4.3
Low Fat,NCE43,Household,2011.0,OUT010,Tier 3,Medium,Grocery Store,0.173141,12.5,168.4448,4.3
Low Fat,NCD55,Household,2011.0,OUT010,Tier 3,Medium,Grocery Store,0.040725,14.0,43.4454,4.3
Low Fat,FDR46,Snack Foods,2011.0,OUT010,Tier 3,High,Grocery Store,0.233357,16.85,146.576,4.3
Low Fat,FDH35,Starchy Foods,2011.0,OUT010,Tier 3,High,Grocery Store,0.100844,18.25,166.3526,4.3
Regular,FDB49,Baking Goods,2011.0,OUT010,Tier 3,High,Grocery Store,0.050467,8.3,97.6384,4.3
Regular,FDY12,Baking Goods,2011.0,OUT010,Tier 3,High,Grocery Store,0.235354,9.8,50.8008,4.3
Regular,FDT11,Breads,2011.0,OUT010,Tier 3,High,Grocery Store,0.049163,5.94,186.4556,4.3
Regular,FDR59,Breads,2011.0,OUT010,Tier 3,High,Grocery Store,0.106894,14.5,260.4594,4.3
Regular,FDG38,Canned,2011.0,OUT010,Tier 3,High,Grocery Store,0.088258,8.975,84.1224,4.3
Regular,FDW26,Dairy,2011.0,OUT010,Tier 3,High,Grocery Store,0.179192,11.8,224.2772,4.3
Regular,FDK03,Dairy,2011.0,OUT010,Tier 3,High,Grocery Store,0.123728,12.6,253.0356,4.3
Regular,FDQ40,Frozen Foods,2011.0,OUT010,Tier 3,High,Grocery Store,0.060303,11.1,175.8712,4.3
Regular,FDR52,Frozen Foods,2011.0,OUT010,Tier 3,High,Grocery Store,0.127283,12.65,191.7846,4.3
Regular,FDO08,Fruits and Vegetables,2011.0,OUT010,Tier 3,High,Grocery Store,0.090009,11.1,164.0526,4.3
Regular,FDW55,Fruits and Vegetables,2011.0,OUT010,Tier 3,High,Grocery Store,0.036773,12.6,250.3092,4.3
Regular,FDC09,Fruits and Vegetables,2011.0,OUT010,Tier 3,High,Grocery Store,0.044024,15.5,102.0332,4.3
Regular,FDS32,Fruits and Vegetables,2011.0,OUT010,Tier 3,High,Grocery Store,0.049635,17.75,140.2838,4.3
Regular,FDV20,Fruits and Vegetables,2011.0,OUT010,Tier 3,High,Grocery Store,0.100095,20.2,125.2678,4.3
Regular,FDS15,Meat,2011.0,OUT010,Tier 3,High,Grocery Store,0.130657,9.195,106.4596,4.3
Regular,FDZ51,Meat,2011.0,OUT010,Tier 3,High,Grocery Store,0.09131,11.3,96.9094,4.3
Regular,FDU58,Snack Foods,2011.0,OUT010,Tier 3,High,Grocery Store,0.04856,6.61,188.4898,4.3
Regular,FDQ45,Snack Foods,2011.0,OUT010,Tier 3,High,Grocery Store,0.0,9.5,182.3608,4.3
Regular,FDU46,Snack Foods,2011.0,OUT010,Tier 3,High,Grocery Store,0.018623,10.3,87.854,4.3
Low Fat,FDR48,Baking Goods,2014.0,OUT013,Tier 3,High,Supermarket Type1,0.131395,11.65,151.9024,4.3
Low Fat,FDW47,Breads,2014.0,OUT013,Tier 3,High,Supermarket Type1,0.046337,15.0,120.0414,4.3
Low Fat,FDP37,Breakfast,2014.0,OUT013,Tier 3,High,Supermarket Type1,0.142987,15.6,130.3994,4.3
Low Fat,FDG50,Canned,2014.0,OUT013,Tier 3,High,Supermarket Type1,0.015259,7.405,91.0146,4.3
Low Fat,FDT37,Canned,2014.0,OUT013,Tier 3,High,Supermarket Type1,0.035241,14.15,255.5014,4.3
Low Fat,FDA13,Canned,2014.0,OUT013,Tier 3,High,Supermarket Type1,0.07849,15.85,39.9506,4.3
Low Fat,FDP26,Dairy,2014.0,OUT013,Tier 3,High,Supermarket Type1,0.139437,7.785,103.0306,4.3
Low Fat,FDZ15,Dairy,2014.0,OUT013,Tier 3,High,Supermarket Type1,0.020853,13.1,117.4782,4.3
Low Fat,FDD03,Dairy,2014.0,OUT013,Tier 3,High,Supermarket Type1,0.07974,13.3,233.03,4.3
Low Fat,DRF03,Dairy,2014.0,OUT013,Tier 3,High,Supermarket Type1,0.04527,19.1,38.8138,4.3
Low Fat,FDH16,Frozen Foods,2014.0,OUT013,Tier 3,High,Supermarket Type1,0.052512,10.5,90.783,4.3
Low Fat,FDD29,Frozen Foods,2014.0,OUT013,Tier 3,High,Supermarket Type1,0.018395,12.15,251.6698,4.3
Low Fat,FDL40,Frozen Foods,2014.0,OUT013,Tier 3,High,Supermarket Type1,0.011603,17.7,97.741,4.3
Low Fat,FDY31,Fruits and Vegetables,2014.0,OUT013,Tier 3,High,Supermarket Type1,0.043527,5.98,148.4418,4.3
Low Fat,FDO32,Fruits and Vegetables,2014.0,OUT013,Tier 3,High,Supermarket Type1,0.120443,6.36,45.406,4.3
Low Fat,FDG32,Fruits and Vegetables,2014.0,OUT013,Tier 3,High,Supermarket Type1,0.175849,19.85,222.0772,4.3
Low Fat,NCP29,Health and Hygiene,2014.0,OUT013,Tier 3,High,Supermarket Type1,0.112178,8.42,65.9168,4.3
Low Fat,NCS29,Health and Hygiene,2014.0,OUT013,Tier 3,High,Supermarket Type1,0.069488,9.0,266.6884,4.3
Low Fat,NCB06,Health and Hygiene,2014.0,OUT013,Tier 3,High,Supermarket Type1,0.082264,17.6,160.492,4.3
Low Fat,NCQ53,Health and Hygiene,2014.0,OUT013,Tier 3,High,Supermarket Type1,0.01889,17.6,236.259,4.3
Low Fat,NCW53,Health and Hygiene,2014.0,OUT013,Tier 3,High,Supermarket Type1,0.03047,18.35,191.3162,4.3
Low Fat,NCZ30,Household,2014.0,OUT013,Tier 3,High,Supermarket Type1,0.026163,6.59,121.5098,4.3
Low Fat,NCA29,Household,2014.0,OUT013,Tier 3,High,Supermarket Type1,0.027254,10.5,170.9106,4.3
Low Fat,NCN26,Household,2014.0,OUT013,Tier 3,High,Supermarket Type1,0.0,10.85,119.0808,4.3
Low Fat,NCJ18,Household,2014.0,OUT013,Tier 3,High,Supermarket Type1,0.163806,12.35,117.6124,4.3
Low Fat,NCS18,Household,2014.0,OUT013,Tier 3,High,Supermarket Type1,0.042176,12.65,106.4938,4.3
Low Fat,NCG06,Household,2014.0,OUT013,Tier 3,High,Supermarket Type1,0.029421,16.35,256.9646,4.3
Low Fat,NCX30,Household,2014.0,OUT013,Tier 3,High,Supermarket Type1,0.026598,16.7,245.8776,4.3
Low Fat,NCT06,Household,2014.0,OUT013,Tier 3,High,Supermarket Type1,0.038705,17.1,165.0842,4.3
Low Fat,NCF18,Household,2014.0,OUT013,Tier 3,High,Supermarket Type1,0.088909,18.35,192.8504,4.3
Low Fat,NCB18,Household,2014.0,OUT013,Tier 3,High,Supermarket Type1,0.041257,19.6,88.8514,4.3
Low Fat,NCJ06,Household,2014.0,OUT013,Tier 3,High,Supermarket Type1,0.034624,20.1,118.9782,4.3
Low Fat,NCA06,Household,2014.0,OUT013,Tier 3,High,Supermarket Type1,0.143164,20.5,34.919,4.3
Low Fat,NCE42,Household,2014.0,OUT013,Tier 3,High,Supermarket Type1,0.010593,21.1,234.2958,4.3
Low Fat,NCP55,Others,2014.0,OUT013,Tier 3,High,Supermarket Type1,0.011181,14.65,53.8614,4.3
Low Fat,FDI57,Seafood,2014.0,OUT013,Tier 3,High,Supermarket Type1,0.053981,19.85,196.8768,4.3
Low Fat,FDZ33,Snack Foods,2014.0,OUT013,Tier 3,High,Supermarket Type1,0.107308,10.195,149.8076,4.3
Low Fat,FDT45,Snack Foods,2014.0,OUT013,Tier 3,High,Supermarket Type1,0.0,15.85,55.1956,4.3
Low Fat,FDV46,Snack Foods,2014.0,OUT013,Tier 3,High,Supermarket Type1,0.012597,18.2,141.218,4.3
Low Fat,FDM10,Snack Foods,2014.0,OUT013,Tier 3,High,Supermarket Type1,0.075908,18.25,213.4218,4.3
Low Fat,DRD37,Soft Drinks,2014.0,OUT013,Tier 3,High,Supermarket Type1,0.01383,9.8,45.306,4.3
Low Fat,DRG01,Soft Drinks,2014.0,OUT013,Tier 3,High,Supermarket Type1,0.044841,14.8,78.367,4.3
Low Fat,FDF35,Starchy Foods,2014.0,OUT013,Tier 3,High,Supermarket Type1,0.153861,15.0,108.5938,4.3
Regular,FDT12,Baking Goods,2014.0,OUT013,Tier 3,High,Supermarket Type1,0.04958,6.215,227.4062,4.3
Regular,FDZ59,Baking Goods,2014.0,OUT013,Tier 3,High,Supermarket Type1,0.103935,6.63,166.85,4.3
Regular,FDY11,Baking Goods,2014.0,OUT013,Tier 3,High,Supermarket Type1,0.029536,6.71,67.5142,4.3
Regular,FDI48,Baking Goods,2014.0,OUT013,Tier 3,High,Supermarket Type1,0.055672,11.85,50.5666,4.3
Regular,FDY47,Breads,2014.0,OUT013,Tier 3,High,Supermarket Type1,0.054439,8.6,128.831,4.3
Regular,FDR59,Breads,2014.0,OUT013,Tier 3,High,Supermarket Type1,0.06381,14.5,263.2594,4.3
Regular,FDY01,Canned,2014.0,OUT013,Tier 3,High,Supermarket Type1,0.170142,11.8,116.7834,4.3
Regular,FDV04,Frozen Foods,2014.0,OUT013,Tier 3,High,Supermarket Type1,0.14989,7.825,159.0288,4.3
Regular,FDR52,Frozen Foods,2014.0,OUT013,Tier 3,High,Supermarket Type1,0.075981,12.65,192.3846,4.3
Regular,FDH17,Frozen Foods,2014.0,OUT013,Tier 3,High,Supermarket Type1,0.016639,16.2,95.8726,4.3
Regular,FDE17,Frozen Foods,2014.0,OUT013,Tier 3,High,Supermarket Type1,0.05441,20.1,151.3366,4.3
Regular,FDA07,Fruits and Vegetables,2014.0,OUT013,Tier 3,High,Supermarket Type1,0.030919,7.55,123.9072,4.3
Regular,FDE20,Fruits and Vegetables,2014.0,OUT013,Tier 3,High,Supermarket Type1,0.005526,11.35,168.279,4.3
Regular,FDK20,Fruits and Vegetables,2014.0,OUT013,Tier 3,High,Supermarket Type1,0.041523,12.6,124.3072,4.3
Regular,FDA55,Fruits and Vegetables,2014.0,OUT013,Tier 3,High,Supermarket Type1,0.056942,17.2,222.5088,4.3
Regular,FDW07,Fruits and Vegetables,2014.0,OUT013,Tier 3,High,Supermarket Type1,0.14257,18.0,88.2514,4.3
Regular,FDW32,Fruits and Vegetables,2014.0,OUT013,Tier 3,High,Supermarket Type1,0.094218,18.35,83.9882,4.3
Regular,FDC08,Fruits and Vegetables,2014.0,OUT013,Tier 3,High,Supermarket Type1,0.103364,19.0,226.172,4.3
Regular,FDM51,Meat,2014.0,OUT013,Tier 3,High,Supermarket Type1,0.025905,11.8,102.4674,4.3
Regular,FDR27,Meat,2014.0,OUT013,Tier 3,High,Supermarket Type1,0.09602,15.1,133.7942,4.3
Regular,FDJ10,Snack Foods,2014.0,OUT013,Tier 3,High,Supermarket Type1,0.129396,5.095,140.3838,4.3
Regular,FDK10,Snack Foods,2014.0,OUT013,Tier 3,High,Supermarket Type1,0.040325,5.785,180.466,4.3
Regular,FDL57,Snack Foods,2014.0,OUT013,Tier 3,High,Supermarket Type1,0.067021,15.1,260.3304,4.3
Regular,FDN34,Snack Foods,2014.0,OUT013,Tier 3,High,Supermarket Type1,0.0,15.6,170.6132,4.3
Regular,FDC34,Snack Foods,2014.0,OUT013,Tier 3,High,Supermarket Type1,0.172615,16.0,154.5972,4.3
Regular,DRB13,Soft Drinks,2014.0,OUT013,Tier 3,High,Supermarket Type1,0.007038,6.115,189.253,4.3
Regular,DRZ11,Soft Drinks,2014.0,OUT013,Tier 3,High,Supermarket Type1,0.112571,8.85,122.0388,4.3
Regular,DRL01,Soft Drinks,2014.0,OUT013,Tier 3,High,Supermarket Type1,0.077108,19.5,232.8958,4.3
Low Fat,FDN09,Snack Foods,2022.0,OUT018,Tier 3,Medium,Supermarket Type2,0.035017,14.15,245.3828,4.3
Low Fat,DRD25,Soft Drinks,2022.0,OUT018,Tier 3,Medium,Supermarket Type2,0.079294,6.135,111.286,4.3
Low Fat,FDH48,Baking Goods,2022.0,OUT018,Tier 3,Medium,Supermarket Type2,0.0,13.5,84.554,4.3
Low Fat,FDL36,Baking Goods,2022.0,OUT018,Tier 3,Medium,Supermarket Type2,0.076385,15.1,88.483,4.3
Low Fat,FDZ48,Baking Goods,2022.0,OUT018,Tier 3,Medium,Supermarket Type2,0.076269,17.75,113.1544,4.3
Low Fat,FDO60,Baking Goods,2022.0,OUT018,Tier 3,Medium,Supermarket Type2,0.0,20.0,43.4086,4.3
Low Fat,FDK38,Canned,2022.0,OUT018,Tier 3,Medium,Supermarket Type2,0.053507,6.65,150.0734,4.3
Low Fat,DRG27,Dairy,2022.0,OUT018,Tier 3,Medium,Supermarket Type2,0.0,8.895,42.0138,4.3
Low Fat,DRF27,Dairy,2022.0,OUT018,Tier 3,Medium,Supermarket Type2,0.028533,8.93,151.434,4.3
Low Fat,FDB15,Dairy,2022.0,OUT018,Tier 3,Medium,Supermarket Type2,0.137368,10.895,264.3568,4.3
Low Fat,DRE03,Dairy,2022.0,OUT018,Tier 3,Medium,Supermarket Type2,0.024326,19.6,48.5718,4.3
Low Fat,FDL16,Frozen Foods,2022.0,OUT018,Tier 3,Medium,Supermarket Type2,0.169139,12.85,46.406,4.3
Low Fat,FDF05,Frozen Foods,2022.0,OUT018,Tier 3,Medium,Supermarket Type2,0.02698,17.5,262.591,4.3
Low Fat,FDB21,Fruits and Vegetables,2022.0,OUT018,Tier 3,Medium,Supermarket Type2,0.149126,7.475,241.6854,4.3
Low Fat,FDD09,Fruits and Vegetables,2022.0,OUT018,Tier 3,Medium,Supermarket Type2,0.021584,13.5,179.5976,4.3
Low Fat,FDG57,Fruits and Vegetables,2022.0,OUT018,Tier 3,Medium,Supermarket Type2,0.072593,14.7,48.5034,4.3
Low Fat,FDX19,Fruits and Vegetables,2022.0,OUT018,Tier 3,Medium,Supermarket Type2,0.097128,19.1,234.4958,4.3
Low Fat,DRQ35,Hard Drinks,2022.0,OUT018,Tier 3,Medium,Supermarket Type2,0.042464,9.3,121.9388,4.3
Low Fat,NCP29,Health and Hygiene,2022.0,OUT018,Tier 3,Medium,Supermarket Type2,0.112728,8.42,65.8168,4.3
Low Fat,NCR53,Health and Hygiene,2022.0,OUT018,Tier 3,Medium,Supermarket Type2,0.0,12.15,224.4404,4.3
Low Fat,NCQ53,Health and Hygiene,2022.0,OUT018,Tier 3,Medium,Supermarket Type2,0.018982,17.6,237.059,4.3
Low Fat,NCT42,Household,2022.0,OUT018,Tier 3,Medium,Supermarket Type2,0.024989,5.88,150.3392,4.3
Low Fat,NCT30,Household,2022.0,OUT018,Tier 3,Medium,Supermarket Type2,0.08062,9.1,47.4718,4.3
Low Fat,NCI06,Household,2022.0,OUT018,Tier 3,Medium,Supermarket Type2,0.047912,11.3,179.866,4.3
Low Fat,NCK30,Household,2022.0,OUT018,Tier 3,Medium,Supermarket Type2,0.061227,14.85,253.0698,4.3
Low Fat,NCW06,Household,2022.0,OUT018,Tier 3,Medium,Supermarket Type2,0.050546,16.2,191.6162,4.3
Low Fat,NCI42,Household,2022.0,OUT018,Tier 3,Medium,Supermarket Type2,0.010408,18.75,209.4954,4.3
Low Fat,NCV30,Household,2022.0,OUT018,Tier 3,Medium,Supermarket Type2,0.066201,20.2,61.451,4.3
Low Fat,NCP06,Household,2022.0,OUT018,Tier 3,Medium,Supermarket Type2,0.039406,20.7,149.8366,4.3
Low Fat,FDN15,Meat,2022.0,OUT018,Tier 3,Medium,Supermarket Type2,0.016802,17.5,138.518,4.3
Low Fat,NCN19,Others,2022.0,OUT018,Tier 3,Medium,Supermarket Type2,0.012149,13.1,191.353,4.3
Low Fat,FDX21,Snack Foods,2022.0,OUT018,Tier 3,Medium,Supermarket Type2,0.085312,7.05,107.4912,4.3
Low Fat,FDT58,Snack Foods,2022.0,OUT018,Tier 3,Medium,Supermarket Type2,0.086305,9.0,168.0816,4.3
Low Fat,FDT22,Snack Foods,2022.0,OUT018,Tier 3,Medium,Supermarket Type2,0.112554,10.395,59.022,4.3
Low Fat,FDY45,Snack Foods,2022.0,OUT018,Tier 3,Medium,Supermarket Type2,0.026249,17.5,255.1356,4.3
Low Fat,FDU34,Snack Foods,2022.0,OUT018,Tier 3,Medium,Supermarket Type2,0.075501,18.25,123.1046,4.3
Low Fat,FDN21,Snack Foods,2022.0,OUT018,Tier 3,Medium,Supermarket Type2,0.077169,18.6,160.6236,4.3
Low Fat,FDO58,Snack Foods,2022.0,OUT018,Tier 3,Medium,Supermarket Type2,0.039738,19.6,163.7526,4.3
Low Fat,DRG49,Soft Drinks,2022.0,OUT018,Tier 3,Medium,Supermarket Type2,0.06773,7.81,242.6486,4.3
Low Fat,DRE48,Soft Drinks,2022.0,OUT018,Tier 3,Medium,Supermarket Type2,0.017396,8.43,196.0768,4.3
Low Fat,DRI49,Soft Drinks,2022.0,OUT018,Tier 3,Medium,Supermarket Type2,0.184255,14.15,82.4276,4.3
Low Fat,DRD13,Soft Drinks,2022.0,OUT018,Tier 3,Medium,Supermarket Type2,0.049279,15.0,65.7168,4.3
Low Fat,DRI37,Soft Drinks,2022.0,OUT018,Tier 3,Medium,Supermarket Type2,0.108036,15.85,57.3904,4.3
Low Fat,DRG13,Soft Drinks,2022.0,OUT018,Tier 3,Medium,Supermarket Type2,0.037338,17.25,163.7526,4.3
Regular,FDX48,Baking Goods,2022.0,OUT018,Tier 3,Medium,Supermarket Type2,0.038042,17.75,154.2656,4.3
Regular,FDX47,Breads,2022.0,OUT018,Tier 3,Medium,Supermarket Type2,0.034745,6.55,158.8288,4.3
Regular,FDL13,Breakfast,2022.0,OUT018,Tier 3,Medium,Supermarket Type2,0.056548,13.85,232.73,4.3
Regular,FDA37,Canned,2022.0,OUT018,Tier 3,Medium,Supermarket Type2,0.055452,7.81,122.6046,4.3
Regular,FDP13,Canned,2022.0,OUT018,Tier 3,Medium,Supermarket Type2,0.134871,8.1,41.948,4.3
Regular,FDQ25,Canned,2022.0,OUT018,Tier 3,Medium,Supermarket Type2,0.028392,8.63,173.9422,4.3
Regular,FDE14,Canned,2022.0,OUT018,Tier 3,Medium,Supermarket Type2,0.031573,13.65,99.47,4.3
Regular,FDA01,Canned,2022.0,OUT018,Tier 3,Medium,Supermarket Type2,0.0546,15.0,59.4904,4.3
Regular,FDW38,Dairy,2022.0,OUT018,Tier 3,Medium,Supermarket Type2,0.139245,5.325,53.0298,4.3
Regular,FDJ03,Dairy,2022.0,OUT018,Tier 3,Medium,Supermarket Type2,0.07269,12.35,48.7692,4.3
Regular,FDK03,Dairy,2022.0,OUT018,Tier 3,Medium,Supermarket Type2,0.074222,12.6,255.9356,4.3
Regular,FDC40,Dairy,2022.0,OUT018,Tier 3,Medium,Supermarket Type2,0.065329,16.0,78.4986,4.3
Regular,FDT26,Dairy,2022.0,OUT018,Tier 3,Medium,Supermarket Type2,0.06823,18.85,121.044,4.3
Regular,FDM16,Frozen Foods,2022.0,OUT018,Tier 3,Medium,Supermarket Type2,0.033692,8.155,76.2354,4.3
Regular,FDH05,Frozen Foods,2022.0,OUT018,Tier 3,Medium,Supermarket Type2,0.091284,14.35,232.6984,4.3
Regular,FDO31,Fruits and Vegetables,2022.0,OUT018,Tier 3,Medium,Supermarket Type2,0.029101,6.76,80.696,4.3
Regular,FDN08,Fruits and Vegetables,2022.0,OUT018,Tier 3,Medium,Supermarket Type2,0.0,7.72,117.7466,4.3
Regular,FDC33,Fruits and Vegetables,2022.0,OUT018,Tier 3,Medium,Supermarket Type2,0.069219,8.96,196.5768,4.3
Regular,FDO08,Fruits and Vegetables,2022.0,OUT018,Tier 3,Medium,Supermarket Type2,0.0,11.1,165.5526,4.3
Regular,FDW19,Fruits and Vegetables,2022.0,OUT018,Tier 3,Medium,Supermarket Type2,0.038657,12.35,110.257,4.3
Regular,FDY20,Fruits and Vegetables,2022.0,OUT018,Tier 3,Medium,Supermarket Type2,0.082086,12.5,92.2488,4.3
Regular,FDV19,Fruits and Vegetables,2022.0,OUT018,Tier 3,Medium,Supermarket Type2,0.035401,14.85,161.9578,4.3
Regular,FDF45,Fruits and Vegetables,2022.0,OUT018,Tier 3,Medium,Supermarket Type2,0.012254,18.2,59.9904,4.3
Regular,FDQ27,Meat,2022.0,OUT018,Tier 3,Medium,Supermarket Type2,0.044433,5.19,102.899,4.3
Regular,FDY39,Meat,2022.0,OUT018,Tier 3,Medium,Supermarket Type2,0.04722,5.305,181.9608,4.3
Regular,FDM27,Meat,2022.0,OUT018,Tier 3,Medium,Supermarket Type2,0.159115,12.35,158.1946,4.3
Regular,FDU51,Meat,2022.0,OUT018,Tier 3,Medium,Supermarket Type2,0.096907,20.2,175.5028,4.3
Regular,FDS45,Snack Foods,2022.0,OUT018,Tier 3,Medium,Supermarket Type2,0.029616,5.175,107.7622,4.3
Regular,FDK10,Snack Foods,2022.0,OUT018,Tier 3,Medium,Supermarket Type2,0.040523,5.785,177.866,4.3
Regular,FDO46,Snack Foods,2022.0,OUT018,Tier 3,Medium,Supermarket Type2,0.01427,9.6,187.3872,4.3
Regular,FDL57,Snack Foods,2022.0,OUT018,Tier 3,Medium,Supermarket Type2,0.06735,15.1,257.3304,4.3
Regular,FDS46,Snack Foods,2022.0,OUT018,Tier 3,Medium,Supermarket Type2,0.04745,17.6,118.1782,4.3
Regular,DRC13,Soft Drinks,2022.0,OUT018,Tier 3,Medium,Supermarket Type2,0.032574,8.26,125.073,4.3
Regular,FDE23,Starchy Foods,2022.0,OUT018,Tier 3,Medium,Supermarket Type2,0.053398,17.6,46.706,4.3
Low Fat,DRJ01,Soft Drinks,2022.0,OUT018,Tier 3,Medium,Supermarket Type2,0.115501,6.135,161.1236,4.3
Regular,FDA04,Frozen Foods,2022.0,OUT018,Tier 3,Medium,Supermarket Type2,0.067002,11.3,259.1962,4.3
Regular,FDS31,Fruits and Vegetables,2022.0,OUT018,Tier 3,Medium,Supermarket Type2,0.044372,13.1,180.3318,4.3
Low Fat,FDX60,Baking Goods,2018.0,OUT027,Tier 3,Medium,Supermarket Type3,0.080204,12.6,77.996,4.3
Low Fat,FDM20,Fruits and Vegetables,2018.0,OUT027,Tier 3,Medium,Supermarket Type3,0.0,12.6,245.0144,4.3
Low Fat,FDW08,Fruits and Vegetables,2018.0,OUT027,Tier 3,Medium,Supermarket Type3,0.147663,12.6,106.028,4.3
Low Fat,NCR50,Household,2018.0,OUT027,Tier 3,Medium,Supermarket Type3,0.011763,12.6,153.534,4.3
Low Fat,FDE24,Baking Goods,2018.0,OUT027,Tier 3,Medium,Supermarket Type3,0.09301,12.6,143.0812,4.3
Low Fat,FDJ48,Baking Goods,2018.0,OUT027,Tier 3,Medium,Supermarket Type3,0.056162,12.6,246.9118,4.3
Low Fat,FDO60,Baking Goods,2018.0,OUT027,Tier 3,Medium,Supermarket Type3,0.034203,12.6,43.3086,4.3
Low Fat,FDR48,Baking Goods,2018.0,OUT027,Tier 3,Medium,Supermarket Type3,0.130867,12.6,150.8024,4.3
Low Fat,FDA13,Canned,2018.0,OUT027,Tier 3,Medium,Supermarket Type3,0.078175,12.6,39.9506,4.3
Low Fat,FDF50,Canned,2018.0,OUT027,Tier 3,Medium,Supermarket Type3,0.116762,12.6,198.9768,4.3
Low Fat,FDN02,Canned,2018.0,OUT027,Tier 3,Medium,Supermarket Type3,0.07347,12.6,205.3638,4.3
Low Fat,DRE15,Dairy,2018.0,OUT027,Tier 3,Medium,Supermarket Type3,0.017699,12.6,74.2012,4.3
Low Fat,DRF27,Dairy,2018.0,OUT027,Tier 3,Medium,Supermarket Type3,0.02828,12.6,152.234,4.3
Low Fat,FDC17,Frozen Foods,2018.0,OUT027,Tier 3,Medium,Supermarket Type3,0.015386,12.6,208.9928,4.3
Low Fat,FDH41,Frozen Foods,2018.0,OUT027,Tier 3,Medium,Supermarket Type3,0.081614,12.6,214.7534,4.3
Low Fat,FDX28,Frozen Foods,2018.0,OUT027,Tier 3,Medium,Supermarket Type3,0.0,12.6,100.7042,4.3
Low Fat,FDB08,Fruits and Vegetables,2018.0,OUT027,Tier 3,Medium,Supermarket Type3,0.030953,12.6,160.1578,4.3
Low Fat,FDC32,Fruits and Vegetables,2018.0,OUT027,Tier 3,Medium,Supermarket Type3,0.098629,12.6,90.6462,4.3
Low Fat,FDC44,Fruits and Vegetables,2018.0,OUT027,Tier 3,Medium,Supermarket Type3,0.171761,12.6,115.7518,4.3
Low Fat,FDD08,Fruits and Vegetables,2018.0,OUT027,Tier 3,Medium,Supermarket Type3,0.035183,12.6,37.8506,4.3
Low Fat,FDD20,Fruits and Vegetables,2018.0,OUT027,Tier 3,Medium,Supermarket Type3,0.020614,12.6,126.4046,4.3
Low Fat,FDE08,Fruits and Vegetables,2018.0,OUT027,Tier 3,Medium,Supermarket Type3,0.049081,12.6,147.7734,4.3
Low Fat,FDE57,Fruits and Vegetables,2018.0,OUT027,Tier 3,Medium,Supermarket Type3,0.036109,12.6,140.6154,4.3
Low Fat,FDL20,Fruits and Vegetables,2018.0,OUT027,Tier 3,Medium,Supermarket Type3,0.127793,12.6,111.1886,4.3
Low Fat,FDN20,Fruits and Vegetables,2018.0,OUT027,Tier 3,Medium,Supermarket Type3,0.026055,12.6,169.5474,4.3
Low Fat,DRK59,Hard Drinks,2018.0,OUT027,Tier 3,Medium,Supermarket Type3,0.075084,12.6,233.9616,4.3
Low Fat,NCQ17,Health and Hygiene,2018.0,OUT027,Tier 3,Medium,Supermarket Type3,0.116366,12.6,158.363,4.3
Low Fat,NCQ41,Health and Hygiene,2018.0,OUT027,Tier 3,Medium,Supermarket Type3,0.019386,12.6,194.5794,4.3
Low Fat,NCC18,Household,2018.0,OUT027,Tier 3,Medium,Supermarket Type3,0.176412,12.6,173.2422,4.3
Low Fat,NCH55,Household,2018.0,OUT027,Tier 3,Medium,Supermarket Type3,0.034504,12.6,125.202,4.3
Low Fat,NCL54,Household,2018.0,OUT027,Tier 3,Medium,Supermarket Type3,0.082353,12.6,176.9054,4.3
Low Fat,NCO14,Household,2018.0,OUT027,Tier 3,Medium,Supermarket Type3,0.0295,12.6,46.2086,4.3
Low Fat,NCX54,Household,2018.0,OUT027,Tier 3,Medium,Supermarket Type3,0.047827,12.6,105.3622,4.3
Low Fat,FDI19,Meat,2018.0,OUT027,Tier 3,Medium,Supermarket Type3,0.052086,12.6,242.8512,4.3
Low Fat,FDL43,Meat,2018.0,OUT027,Tier 3,Medium,Supermarket Type3,0.026933,12.6,78.467,4.3
Low Fat,FDN15,Meat,2018.0,OUT027,Tier 3,Medium,Supermarket Type3,0.016653,12.6,139.518,4.3
Low Fat,FDP15,Meat,2018.0,OUT027,Tier 3,Medium,Supermarket Type3,0.083536,12.6,255.433,4.3
Low Fat,FDQ39,Meat,2018.0,OUT027,Tier 3,Medium,Supermarket Type3,0.08065,12.6,189.9846,4.3
Low Fat,FDT03,Meat,2018.0,OUT027,Tier 3,Medium,Supermarket Type3,0.00995,12.6,185.5608,4.3
Low Fat,FDV51,Meat,2018.0,OUT027,Tier 3,Medium,Supermarket Type3,0.032381,12.6,166.1842,4.3
Low Fat,FDY51,Meat,2018.0,OUT027,Tier 3,Medium,Supermarket Type3,0.080742,12.6,220.8798,4.3
Low Fat,NCM43,Others,2018.0,OUT027,Tier 3,Medium,Supermarket Type3,0.019381,12.6,164.321,4.3
Low Fat,FDP33,Snack Foods,2018.0,OUT027,Tier 3,Medium,Supermarket Type3,0.08884,12.6,254.2672,4.3
Low Fat,FDV21,Snack Foods,2018.0,OUT027,Tier 3,Medium,Supermarket Type3,0.170254,12.6,124.8704,4.3
Low Fat,DRD25,Soft Drinks,2018.0,OUT027,Tier 3,Medium,Supermarket Type3,0.07859,12.6,113.286,4.3
Low Fat,DRE25,Soft Drinks,2018.0,OUT027,Tier 3,Medium,Supermarket Type3,0.072928,12.6,94.412,4.3
Low Fat,DRF36,Soft Drinks,2018.0,OUT027,Tier 3,Medium,Supermarket Type3,0.023463,12.6,190.6846,4.3
Low Fat,DRG13,Soft Drinks,2018.0,OUT027,Tier 3,Medium,Supermarket Type3,0.037006,12.6,164.7526,4.3
Low Fat,DRK13,Soft Drinks,2018.0,OUT027,Tier 3,Medium,Supermarket Type3,0.11461,12.6,197.0084,4.3
Regular,FDN23,Breads,2018.0,OUT027,Tier 3,Medium,Supermarket Type3,0.075142,12.6,145.8444,4.3
Regular,FDS59,Breads,2018.0,OUT027,Tier 3,Medium,Supermarket Type3,0.043681,12.6,110.157,4.3
Regular,FDZ35,Breads,2018.0,OUT027,Tier 3,Medium,Supermarket Type3,0.022171,12.6,105.199,4.3
Regular,FDD38,Canned,2018.0,OUT027,Tier 3,Medium,Supermarket Type3,0.0,12.6,100.3674,4.3
Regular,FDU01,Canned,2018.0,OUT027,Tier 3,Medium,Supermarket Type3,0.011937,12.6,184.7924,4.3
Regular,FDC29,Frozen Foods,2018.0,OUT027,Tier 3,Medium,Supermarket Type3,0.024088,12.6,112.7176,4.3
Regular,FDD41,Frozen Foods,2018.0,OUT027,Tier 3,Medium,Supermarket Type3,0.086838,12.6,106.2306,4.3
Regular,FDA08,Fruits and Vegetables,2018.0,OUT027,Tier 3,Medium,Supermarket Type3,0.049843,12.6,164.2526,4.3
Regular,FDQ07,Fruits and Vegetables,2018.0,OUT027,Tier 3,Medium,Supermarket Type3,0.086984,12.6,219.8456,4.3
Regular,FDQ31,Fruits and Vegetables,2018.0,OUT027,Tier 3,Medium,Supermarket Type3,0.053586,12.6,89.7856,4.3
Regular,FDL03,Meat,2018.0,OUT027,Tier 3,Medium,Supermarket Type3,0.026949,12.6,197.711,4.3
Regular,FDO27,Meat,2018.0,OUT027,Tier 3,Medium,Supermarket Type3,0.17821,12.6,95.7752,4.3
Regular,FDJ33,Snack Foods,2018.0,OUT027,Tier 3,Medium,Supermarket Type3,0.087894,12.6,121.173,4.3
Regular,FDW09,Snack Foods,2018.0,OUT027,Tier 3,Medium,Supermarket Type3,0.025795,12.6,80.2302,4.3
Regular,FDZ21,Snack Foods,2018.0,OUT027,Tier 3,Medium,Supermarket Type3,0.039032,12.6,95.641,4.3
Regular,DRZ11,Soft Drinks,2018.0,OUT027,Tier 3,Medium,Supermarket Type3,0.112119,12.6,123.0388,4.3
Low Fat,FDF32,Fruits and Vegetables,2014.0,OUT013,Tier 3,High,Supermarket Type1,0.068024,16.35,196.4426,4.2
Regular,FDN22,Snack Foods,2014.0,OUT013,Tier 3,High,Supermarket Type1,0.13819,18.85,250.8724,4.2
Low Fat,NCS17,Health and Hygiene,2022.0,OUT018,Tier 3,Medium,Supermarket Type2,0.080829,18.6,96.4436,4.2
Low Fat,FDK43,Meat,2014.0,OUT013,Tier 3,High,Supermarket Type1,0.026818,9.8,126.002,4.2
Low Fat,FDM40,Frozen Foods,2014.0,OUT013,Tier 3,High,Supermarket Type1,0.159804,10.195,141.5154,4.2
Regular,FDN33,Snack Foods,2016.0,OUT046,Tier 1,Small,Supermarket Type1,0.123116,6.305,95.6436,4.2
Regular,FDW39,Meat,2018.0,OUT019,Tier 1,Small,Grocery Store,0.064625,12.6,176.937,4.2
Low Fat,DRJ13,Soft Drinks,2015.0,OUT045,Tier 2,Small,Supermarket Type1,0.063018,12.65,159.0578,4.2
Low Fat,DRI49,Soft Drinks,2016.0,OUT046,Tier 1,Small,Supermarket Type1,0.183507,14.15,82.4276,4.2
Low Fat,FDS52,Frozen Foods,2011.0,OUT010,Tier 3,Small,Grocery Store,0.009163,8.89,101.7016,4.2
Low Fat,NCX54,Household,2020.0,OUT017,Tier 2,Small,Supermarket Type1,0.048332,9.195,105.1622,4.2
Regular,FDI16,Frozen Foods,2017.0,OUT035,Tier 2,Small,Supermarket Type1,0.0,14.0,53.064,4.2
Regular,FDM22,Snack Foods,2014.0,OUT013,Tier 3,High,Supermarket Type1,0.041923,14.0,54.764,4.2
Low Fat,NCO17,Health and Hygiene,2018.0,OUT019,Tier 1,Small,Grocery Store,0.128478,12.6,117.944,4.2
Regular,FDK58,Snack Foods,2022.0,OUT018,Tier 3,Medium,Supermarket Type2,0.045166,11.35,100.0016,4.2
Regular,FDA08,Fruits and Vegetables,2015.0,OUT045,Tier 2,Small,Supermarket Type1,0.050187,11.85,164.1526,4.2
Low Fat,DRC27,Dairy,2017.0,OUT035,Tier 2,Small,Supermarket Type1,0.058091,13.8,245.1802,4.2
Regular,FDL58,Snack Foods,2020.0,OUT017,Tier 2,Small,Supermarket Type1,0.0,5.78,263.7568,4.2
Low Fat,DRJ51,Dairy,2017.0,OUT035,Tier 2,Small,Supermarket Type1,0.087977,14.1,229.0668,4.2
Regular,FDY03,Meat,2015.0,OUT045,Tier 2,Small,Supermarket Type1,0.076276,17.6,110.9202,4.2
Low Fat,FDG29,Frozen Foods,2014.0,OUT013,Tier 3,High,Supermarket Type1,0.056245,17.6,43.3454,4.2
Low Fat,DRP47,Hard Drinks,2020.0,OUT017,Tier 2,Small,Supermarket Type1,0.141399,15.75,250.5382,4.2
Low Fat,FDB53,Frozen Foods,2015.0,OUT045,Tier 2,Small,Supermarket Type1,0.139735,13.35,147.5392,4.2
Regular,FDM01,Breakfast,2020.0,OUT017,Tier 2,Small,Supermarket Type1,0.095102,7.895,104.4332,4.2
Low Fat,FDJ22,Snack Foods,2018.0,OUT019,Tier 1,Small,Grocery Store,0.092464,12.6,190.9504,4.2
Regular,FDR59,Breads,2015.0,OUT045,Tier 2,Small,Supermarket Type1,0.063993,14.5,260.4594,4.2
Low Fat,FDH27,Dairy,2016.0,OUT046,Tier 1,Small,Supermarket Type1,0.058347,7.075,142.2128,4.2
Low Fat,NCW53,Health and Hygiene,2018.0,OUT019,Tier 1,Small,Grocery Store,0.053393,12.6,193.8162,4.2
Low Fat,FDW24,Baking Goods,2018.0,OUT019,Tier 1,Small,Grocery Store,0.065652,12.6,48.9034,4.2
Regular,FDF11,Starchy Foods,2017.0,OUT035,Tier 2,Small,Supermarket Type1,0.017628,10.195,239.6538,4.2
Low Fat,FDZ27,Dairy,2015.0,OUT045,Tier 2,Small,Supermarket Type1,0.017191,7.935,51.535,4.2
Regular,FDL51,Dairy,2012.0,OUT049,Tier 1,Medium,Supermarket Type1,0.047565,20.7,213.4876,4.2
Low Fat,FDX08,Fruits and Vegetables,2016.0,OUT046,Tier 1,Small,Supermarket Type1,0.022604,12.85,181.4318,4.2
Low Fat,DRH15,Dairy,2014.0,OUT013,Tier 3,High,Supermarket Type1,0.0,8.775,45.9428,4.2
Low Fat,FDS26,Dairy,2018.0,OUT027,Tier 3,Medium,Supermarket Type3,0.089036,12.6,260.5594,4.2
Regular,FDT09,Snack Foods,2012.0,OUT049,Tier 1,Medium,Supermarket Type1,0.012282,15.15,132.5284,4.2
Low Fat,FDK41,Frozen Foods,2016.0,OUT046,Tier 1,Small,Supermarket Type1,0.127542,14.3,84.9224,4.2
Low Fat,FDN09,Snack Foods,2011.0,OUT010,Tier 3,Small,Grocery Store,0.058373,14.15,243.9828,4.2
Low Fat,FDK24,Baking Goods,2022.0,OUT018,Tier 3,Medium,Supermarket Type2,0.0,9.195,43.6744,4.2
Regular,FDW31,Fruits and Vegetables,2022.0,OUT018,Tier 3,Medium,Supermarket Type2,0.043334,11.35,201.0742,4.2
Regular,FDL48,Baking Goods,2014.0,OUT013,Tier 3,High,Supermarket Type1,0.082198,19.35,49.2034,4.2
Regular,FDB38,Canned,2018.0,OUT019,Tier 1,Small,Grocery Store,0.0,12.6,160.692,4.2
Regular,FDW44,Fruits and Vegetables,2012.0,OUT049,Tier 1,Medium,Supermarket Type1,0.035206,9.5,171.3448,4.2
Low Fat,FDE22,Snack Foods,2018.0,OUT019,Tier 1,Small,Grocery Store,0.051778,12.6,157.892,4.2
Low Fat,NCU41,Health and Hygiene,2016.0,OUT046,Tier 1,Small,Supermarket Type1,0.052055,18.85,189.1846,4.2
Low Fat,FDL46,Snack Foods,2018.0,OUT027,Tier 3,Medium,Supermarket Type3,0.053795,12.6,117.7466,4.2
Low Fat,FDB21,Fruits and Vegetables,2017.0,OUT035,Tier 2,Small,Supermarket Type1,0.148493,7.475,240.6854,4.2
Low Fat,NCJ42,Household,2016.0,OUT046,Tier 1,Small,Supermarket Type1,0.014301,19.75,103.0332,4.2
Low Fat,FDJ08,Fruits and Vegetables,2020.0,OUT017,Tier 2,Medium,Supermarket Type1,0.111298,11.1,191.7846,4.2
Low Fat,FDB16,Dairy,2012.0,OUT049,Tier 1,Medium,Supermarket Type1,0.044996,8.21,89.2198,4.2
Regular,FDJ55,Meat,2012.0,OUT049,Tier 1,Medium,Supermarket Type1,0.023568,12.8,226.8404,4.2
Low Fat,NCZ06,Household,2018.0,OUT019,Tier 1,Small,Grocery Store,0.164865,12.6,255.2698,4.2
Low Fat,FDM14,Canned,2016.0,OUT046,Tier 1,Small,Supermarket Type1,0.013264,13.8,106.9254,4.2
Low Fat,FDA23,Baking Goods,2016.0,OUT046,Tier 1,Small,Supermarket Type1,0.047187,9.8,100.6016,4.2
Low Fat,FDW49,Canned,2016.0,OUT046,Tier 1,Small,Supermarket Type1,0.082552,19.5,179.8002,4.2
Low Fat,DRK23,Hard Drinks,2012.0,OUT049,Tier 1,Medium,Supermarket Type1,0.072089,8.395,253.704,4.2
Regular,FDV56,Fruits and Vegetables,2018.0,OUT027,Tier 3,Medium,Supermarket Type3,0.01353,12.6,106.2596,4.2
Low Fat,DRK39,Dairy,2014.0,OUT013,Tier 3,High,Supermarket Type1,0.049824,7.02,82.225,4.2
Low Fat,FDM52,Frozen Foods,2015.0,OUT045,Tier 2,Medium,Supermarket Type1,0.026046,15.1,147.2076,4.2
Low Fat,FDH58,Snack Foods,2015.0,OUT045,Tier 2,Medium,Supermarket Type1,0.037015,12.3,115.1834,4.2
Regular,FDL24,Baking Goods,2018.0,OUT027,Tier 3,Medium,Supermarket Type3,0.024776,12.6,172.3422,4.2
Low Fat,FDF46,Snack Foods,2017.0,OUT035,Tier 2,Small,Supermarket Type1,0.093653,7.07,113.3834,4.2
Low Fat,NCO54,Household,2015.0,OUT045,Tier 2,Medium,Supermarket Type1,0.014303,19.5,57.2614,4.2
Low Fat,NCR17,Health and Hygiene,2022.0,OUT018,Tier 3,Medium,Supermarket Type2,0.024483,9.8,116.2492,4.2
Regular,FDU44,Fruits and Vegetables,2018.0,OUT027,Tier 3,Medium,Supermarket Type3,0.058143,12.6,162.1552,4.2
Regular,FDJ03,Dairy,2014.0,OUT013,Tier 3,High,Supermarket Type1,0.072335,12.35,49.1692,4.2
Regular,FDZ08,Fruits and Vegetables,2018.0,OUT027,Tier 3,Medium,Supermarket Type3,0.10946,12.6,84.1592,4.2
Low Fat,NCK42,Household,2016.0,OUT046,Tier 1,Small,Supermarket Type1,0.01312,7.475,217.6192,4.2
Low Fat,DRK12,Soft Drinks,2011.0,OUT010,Tier 3,Medium,Grocery Store,0.0,9.5,32.89,4.2
Low Fat,NCR30,Household,2022.0,OUT018,Tier 3,Medium,Supermarket Type2,0.071282,20.6,74.4696,4.2
Low Fat,NCZ41,Health and Hygiene,2014.0,OUT013,Tier 3,High,Supermarket Type1,0.064368,19.85,126.1704,4.2
Regular,FDN52,Frozen Foods,2018.0,OUT027,Tier 3,Medium,Supermarket Type3,0.130933,12.6,86.9198,4.2
Low Fat,FDA43,Fruits and Vegetables,2014.0,OUT013,Tier 3,High,Supermarket Type1,0.064622,10.895,196.6794,4.2
Low Fat,NCO18,Household,2015.0,OUT045,Tier 2,Medium,Supermarket Type1,0.024701,13.15,176.8686,4.2
Low Fat,FDZ33,Snack Foods,2017.0,OUT035,Tier 2,Small,Supermarket Type1,0.107377,10.195,147.6076,4.2
Low Fat,NCY05,Health and Hygiene,2016.0,OUT046,Tier 1,Small,Supermarket Type1,0.05499,13.5,35.2874,4.2
Low Fat,FDO34,Snack Foods,2011.0,OUT010,Tier 3,Medium,Grocery Store,0.050112,17.7,165.9816,4.2
Low Fat,FDX20,Fruits and Vegetables,2012.0,OUT049,Tier 1,Medium,Supermarket Type1,0.042626,7.365,227.072,4.2
Low Fat,NCD19,Household,2012.0,OUT049,Tier 1,Medium,Supermarket Type1,0.0,8.93,53.2614,4.2
Low Fat,FDZ12,Baking Goods,2012.0,OUT049,Tier 1,Medium,Supermarket Type1,0.103139,9.17,141.747,4.2
Low Fat,FDA23,Baking Goods,2012.0,OUT049,Tier 1,Medium,Supermarket Type1,0.04726,9.8,102.8016,4.2
Low Fat,FDO12,Baking Goods,2012.0,OUT049,Tier 1,Medium,Supermarket Type1,0.055016,15.75,194.3452,4.2
Low Fat,FDH24,Baking Goods,2012.0,OUT049,Tier 1,Medium,Supermarket Type1,0.021464,20.7,156.6288,4.2
Low Fat,FDW47,Breads,2012.0,OUT049,Tier 1,Medium,Supermarket Type1,0.046447,15.0,121.5414,4.2
Low Fat,FDW25,Canned,2012.0,OUT049,Tier 1,Medium,Supermarket Type1,0.037457,5.175,83.4224,4.2
Low Fat,FDC38,Canned,2012.0,OUT049,Tier 1,Medium,Supermarket Type1,0.122684,15.7,132.2942,4.2
Low Fat,FDB15,Dairy,2012.0,OUT049,Tier 1,Medium,Supermarket Type1,0.137023,10.895,263.7568,4.2
Low Fat,DRC27,Dairy,2012.0,OUT049,Tier 1,Medium,Supermarket Type1,0.058193,13.8,246.9802,4.2
Low Fat,FDS50,Dairy,2012.0,OUT049,Tier 1,Medium,Supermarket Type1,0.05552,17.0,219.8114,4.2
Low Fat,DRH51,Dairy,2012.0,OUT049,Tier 1,Medium,Supermarket Type1,0.097368,17.6,89.3856,4.2
Low Fat,FDB05,Frozen Foods,2012.0,OUT049,Tier 1,Medium,Supermarket Type1,0.083328,5.155,247.2776,4.2
Low Fat,FDO16,Frozen Foods,2012.0,OUT049,Tier 1,Medium,Supermarket Type1,0.015132,5.48,83.025,4.2
Low Fat,FDZ04,Frozen Foods,2012.0,OUT049,Tier 1,Medium,Supermarket Type1,0.038014,9.31,62.351,4.2
Low Fat,FDH16,Frozen Foods,2012.0,OUT049,Tier 1,Medium,Supermarket Type1,0.052637,10.5,88.583,4.2
Low Fat,FDL16,Frozen Foods,2012.0,OUT049,Tier 1,Medium,Supermarket Type1,0.168715,12.85,47.306,4.2
Low Fat,FDD08,Fruits and Vegetables,2012.0,OUT049,Tier 1,Medium,Supermarket Type1,0.035409,8.3,36.2506,4.2
Low Fat,FDN31,Fruits and Vegetables,2012.0,OUT049,Tier 1,Medium,Supermarket Type1,0.072995,11.5,189.253,4.2
Low Fat,FDV43,Fruits and Vegetables,2012.0,OUT049,Tier 1,Medium,Supermarket Type1,0.076975,16.0,46.2086,4.2
Low Fat,FDI32,Fruits and Vegetables,2012.0,OUT049,Tier 1,Medium,Supermarket Type1,0.174645,17.7,113.2834,4.2
Low Fat,FDE08,Fruits and Vegetables,2012.0,OUT049,Tier 1,Medium,Supermarket Type1,0.049396,18.2,146.4734,4.2
Low Fat,DRK11,Hard Drinks,2012.0,OUT049,Tier 1,Medium,Supermarket Type1,0.010781,8.21,149.9392,4.2
Low Fat,DRP47,Hard Drinks,2012.0,OUT049,Tier 1,Medium,Supermarket Type1,0.140822,15.75,252.9382,4.2
Low Fat,NCM53,Health and Hygiene,2012.0,OUT049,Tier 1,Medium,Supermarket Type1,0.052122,18.75,104.828,4.2
Low Fat,NCV54,Household,2012.0,OUT049,Tier 1,Medium,Supermarket Type1,0.03316,11.1,119.6124,4.2
Low Fat,NCG42,Household,2012.0,OUT049,Tier 1,Medium,Supermarket Type1,0.041292,19.2,130.131,4.2
Low Fat,FDV03,Meat,2012.0,OUT049,Tier 1,Medium,Supermarket Type1,0.058182,17.6,154.4314,4.2
Low Fat,FDL15,Meat,2012.0,OUT049,Tier 1,Medium,Supermarket Type1,0.046707,17.85,152.6682,4.2
Low Fat,FDL10,Snack Foods,2012.0,OUT049,Tier 1,Medium,Supermarket Type1,0.039554,8.395,99.1042,4.2
Low Fat,FDX09,Snack Foods,2012.0,OUT049,Tier 1,Medium,Supermarket Type1,0.065351,9.0,175.437,4.2
Low Fat,FDI46,Snack Foods,2012.0,OUT049,Tier 1,Medium,Supermarket Type1,0.074461,9.5,253.6724,4.2
Low Fat,FDZ33,Snack Foods,2012.0,OUT049,Tier 1,Medium,Supermarket Type1,0.107564,10.195,149.0076,4.2
Low Fat,FDQ22,Snack Foods,2012.0,OUT049,Tier 1,Medium,Supermarket Type1,0.029786,16.75,38.9822,4.2
Low Fat,FDV45,Snack Foods,2012.0,OUT049,Tier 1,Medium,Supermarket Type1,0.045117,16.75,187.9556,4.2
Low Fat,FDU34,Snack Foods,2012.0,OUT049,Tier 1,Medium,Supermarket Type1,0.075312,18.25,122.6046,4.2
Low Fat,FDY46,Snack Foods,2012.0,OUT049,Tier 1,Medium,Supermarket Type1,0.047964,18.6,185.0898,4.2
Low Fat,FDP10,Snack Foods,2012.0,OUT049,Tier 1,Medium,Supermarket Type1,0.128289,19.0,104.9622,4.2
Low Fat,FDR21,Snack Foods,2012.0,OUT049,Tier 1,Medium,Supermarket Type1,0.06704,19.7,178.337,4.2
Low Fat,DRK49,Soft Drinks,2012.0,OUT049,Tier 1,Medium,Supermarket Type1,0.036,14.15,41.5138,4.2
Low Fat,DRE25,Soft Drinks,2012.0,OUT049,Tier 1,Medium,Supermarket Type1,0.073397,15.35,91.912,4.2
Regular,FDB49,Baking Goods,2012.0,OUT049,Tier 1,Medium,Supermarket Type1,0.030198,8.3,98.2384,4.2
Regular,FDV11,Breads,2012.0,OUT049,Tier 1,Medium,Supermarket Type1,0.081795,9.1,173.6054,4.2
Regular,FDR59,Breads,2012.0,OUT049,Tier 1,Medium,Supermarket Type1,0.063963,14.5,263.1594,4.2
Regular,FDV13,Canned,2012.0,OUT049,Tier 1,Medium,Supermarket Type1,0.027654,17.35,88.0856,4.2
Regular,FDU26,Dairy,2012.0,OUT049,Tier 1,Medium,Supermarket Type1,0.042685,16.7,120.7782,4.2
Regular,FDA03,Dairy,2012.0,OUT049,Tier 1,Medium,Supermarket Type1,0.045534,18.5,146.3102,4.2
Regular,FDN28,Frozen Foods,2012.0,OUT049,Tier 1,Medium,Supermarket Type1,0.030295,5.88,104.099,4.2
Regular,FDI53,Frozen Foods,2012.0,OUT049,Tier 1,Medium,Supermarket Type1,0.137859,8.895,162.1236,4.2
Regular,FDR28,Frozen Foods,2012.0,OUT049,Tier 1,Medium,Supermarket Type1,0.025937,13.85,164.921,4.2
Regular,FDF29,Frozen Foods,2012.0,OUT049,Tier 1,Medium,Supermarket Type1,0.019965,15.1,130.531,4.2
Regular,FDY04,Frozen Foods,2012.0,OUT049,Tier 1,Medium,Supermarket Type1,0.042542,17.7,161.921,4.2
Regular,FDV19,Fruits and Vegetables,2012.0,OUT049,Tier 1,Medium,Supermarket Type1,0.035312,14.85,160.9578,4.2
Regular,FDH20,Fruits and Vegetables,2012.0,OUT049,Tier 1,Medium,Supermarket Type1,0.024988,16.1,97.341,4.2
Regular,FDO19,Fruits and Vegetables,2012.0,OUT049,Tier 1,Medium,Supermarket Type1,0.016622,17.7,50.2034,4.2
Regular,FDU20,Fruits and Vegetables,2012.0,OUT049,Tier 1,Medium,Supermarket Type1,0.021491,19.35,122.1098,4.2
Regular,FDR20,Fruits and Vegetables,2012.0,OUT049,Tier 1,Medium,Supermarket Type1,0.028167,20.0,45.5744,4.2
Regular,FDV20,Fruits and Vegetables,2012.0,OUT049,Tier 1,Medium,Supermarket Type1,0.059894,20.2,125.9678,4.2
Regular,FDO27,Meat,2012.0,OUT049,Tier 1,Medium,Supermarket Type1,0.179356,6.175,94.1752,4.2
Regular,FDX51,Meat,2012.0,OUT049,Tier 1,Medium,Supermarket Type1,0.022093,9.5,195.9452,4.2
Regular,FDR27,Meat,2012.0,OUT049,Tier 1,Medium,Supermarket Type1,0.09625,15.1,134.4942,4.2
Regular,FDU33,Snack Foods,2012.0,OUT049,Tier 1,Medium,Supermarket Type1,0.134919,7.63,46.9402,4.2
Regular,FDC10,Snack Foods,2012.0,OUT049,Tier 1,Medium,Supermarket Type1,0.072991,9.8,121.6098,4.2
Regular,FDF11,Starchy Foods,2012.0,OUT049,Tier 1,Medium,Supermarket Type1,0.017659,10.195,240.1538,4.2
Regular,FDE11,Starchy Foods,2012.0,OUT049,Tier 1,Medium,Supermarket Type1,0.135306,17.7,183.7924,4.2
Low Fat,FDO24,Baking Goods,2012.0,OUT049,Tier 1,Medium,Supermarket Type1,0.0,11.1,156.4604,4.2
Low Fat,NCD54,Household,2012.0,OUT049,Tier 1,Medium,Supermarket Type1,0.029054,21.1,144.6786,4.2
Low Fat,FDH33,Snack Foods,2018.0,OUT019,Tier 1,Small,Grocery Store,0.213125,12.6,44.9428,4.2
Low Fat,FDK24,Baking Goods,2018.0,OUT019,Tier 1,Small,Grocery Store,0.177354,12.6,46.6744,4.2
Low Fat,FDN60,Baking Goods,2018.0,OUT019,Tier 1,Small,Grocery Store,0.16661,12.6,157.6604,4.2
Low Fat,FDW36,Baking Goods,2018.0,OUT019,Tier 1,Small,Grocery Store,0.099682,12.6,107.4622,4.2
Low Fat,FDR23,Breads,2018.0,OUT019,Tier 1,Small,Grocery Store,0.143199,12.6,175.837,4.2
Low Fat,FDA13,Canned,2018.0,OUT019,Tier 1,Small,Grocery Store,0.13754,12.6,38.8506,4.2
Low Fat,FDH38,Canned,2018.0,OUT019,Tier 1,Small,Grocery Store,0.018276,12.6,115.2808,4.2
Low Fat,FDS01,Canned,2018.0,OUT019,Tier 1,Small,Grocery Store,0.031069,12.6,179.6686,4.2
Low Fat,FDY13,Canned,2018.0,OUT019,Tier 1,Small,Grocery Store,0.052749,12.6,74.967,4.2
Low Fat,FDL40,Frozen Foods,2018.0,OUT019,Tier 1,Small,Grocery Store,0.0,12.6,98.241,4.2
Low Fat,NCK05,Health and Hygiene,2018.0,OUT019,Tier 1,Small,Grocery Store,0.135612,12.6,61.1536,4.2
Low Fat,NCM05,Health and Hygiene,2018.0,OUT019,Tier 1,Small,Grocery Store,0.104784,12.6,266.0226,4.2
Low Fat,NCY29,Health and Hygiene,2018.0,OUT019,Tier 1,Small,Grocery Store,0.135227,12.6,56.293,4.2
Low Fat,NCG30,Household,2018.0,OUT019,Tier 1,Small,Grocery Store,0.19666,12.6,125.8046,4.2
Low Fat,FDG31,Meat,2018.0,OUT019,Tier 1,Small,Grocery Store,0.066352,12.6,65.0826,4.2
Low Fat,FDV15,Meat,2018.0,OUT019,Tier 1,Small,Grocery Store,0.255929,12.6,103.3648,4.2
Low Fat,FDE46,Snack Foods,2018.0,OUT019,Tier 1,Small,Grocery Store,0.027611,12.6,149.5366,4.2
Low Fat,DRF25,Soft Drinks,2018.0,OUT019,Tier 1,Small,Grocery Store,0.068153,12.6,36.019,4.2
Low Fat,DRF49,Soft Drinks,2018.0,OUT019,Tier 1,Small,Grocery Store,0.124448,12.6,112.0518,4.2
Low Fat,DRH37,Soft Drinks,2018.0,OUT019,Tier 1,Small,Grocery Store,0.072865,12.6,165.2526,4.2
Regular,FDH14,Canned,2018.0,OUT019,Tier 1,Small,Grocery Store,0.081956,12.6,142.0838,4.2
Regular,FDE51,Dairy,2018.0,OUT019,Tier 1,Small,Grocery Store,0.168902,12.6,43.4086,4.2
Regular,FDL52,Frozen Foods,2018.0,OUT019,Tier 1,Small,Grocery Store,0.080698,12.6,39.8506,4.2
Regular,FDY28,Frozen Foods,2018.0,OUT019,Tier 1,Small,Grocery Store,0.266397,12.6,215.6218,4.2
Regular,FDE56,Fruits and Vegetables,2018.0,OUT019,Tier 1,Small,Grocery Store,0.278731,12.6,63.2194,4.2
Regular,FDH45,Fruits and Vegetables,2018.0,OUT019,Tier 1,Small,Grocery Store,0.185009,12.6,42.3796,4.2
Regular,FDH56,Fruits and Vegetables,2018.0,OUT019,Tier 1,Small,Grocery Store,0.111736,12.6,115.9492,4.2
Regular,FDO56,Fruits and Vegetables,2018.0,OUT019,Tier 1,Small,Grocery Store,0.078759,12.6,116.3808,4.2
Regular,FDT55,Fruits and Vegetables,2018.0,OUT019,Tier 1,Small,Grocery Store,0.076435,12.6,155.8946,4.2
Regular,FDY03,Meat,2018.0,OUT019,Tier 1,Small,Grocery Store,0.133279,12.6,112.6202,4.2
Regular,FDS21,Snack Foods,2018.0,OUT019,Tier 1,Small,Grocery Store,0.036551,12.6,62.7194,4.2
Low Fat,FDB50,Canned,2016.0,OUT046,Tier 1,Small,Supermarket Type1,0.153619,13.0,79.6986,4.2
Low Fat,NCN30,Household,2016.0,OUT046,Tier 1,Small,Supermarket Type1,0.016993,16.35,95.741,4.2
Low Fat,FDV15,Meat,2016.0,OUT046,Tier 1,Small,Supermarket Type1,0.146172,10.3,103.3648,4.2
Low Fat,FDZ12,Baking Goods,2016.0,OUT046,Tier 1,Small,Supermarket Type1,0.102979,9.17,144.947,4.2
Low Fat,FDS23,Breads,2016.0,OUT046,Tier 1,Small,Supermarket Type1,0.140889,4.635,127.0994,4.2
Low Fat,FDR35,Breads,2016.0,OUT046,Tier 1,Small,Supermarket Type1,0.020698,12.5,198.8742,4.2
Low Fat,FDX13,Canned,2016.0,OUT046,Tier 1,Small,Supermarket Type1,0.047783,7.725,249.1092,4.2
Low Fat,FDG02,Canned,2016.0,OUT046,Tier 1,Small,Supermarket Type1,0.011261,7.855,189.5188,4.2
Low Fat,FDO50,Canned,2016.0,OUT046,Tier 1,Small,Supermarket Type1,0.078169,16.25,91.3804,4.2
Low Fat,FDC28,Frozen Foods,2016.0,OUT046,Tier 1,Small,Supermarket Type1,0.054987,7.905,108.6254,4.2
Low Fat,FDH41,Frozen Foods,2016.0,OUT046,Tier 1,Small,Supermarket Type1,0.082012,9.0,213.3534,4.2
Low Fat,FDC17,Frozen Foods,2016.0,OUT046,Tier 1,Small,Supermarket Type1,0.015461,12.15,211.8928,4.2
Low Fat,FDG40,Frozen Foods,2016.0,OUT046,Tier 1,Small,Supermarket Type1,0.039824,13.65,32.8558,4.2
Low Fat,FDG29,Frozen Foods,2016.0,OUT046,Tier 1,Small,Supermarket Type1,0.056292,17.6,42.5454,4.2
Low Fat,FDD05,Frozen Foods,2016.0,OUT046,Tier 1,Small,Supermarket Type1,0.016611,19.35,122.0098,4.2
Low Fat,FDO32,Fruits and Vegetables,2016.0,OUT046,Tier 1,Small,Supermarket Type1,0.120544,6.36,45.806,4.2
Low Fat,DRH59,Hard Drinks,2016.0,OUT046,Tier 1,Small,Supermarket Type1,0.058433,10.8,74.738,4.2
Low Fat,NCM17,Health and Hygiene,2016.0,OUT046,Tier 1,Small,Supermarket Type1,0.071136,7.93,42.7086,4.2
Low Fat,NCP29,Health and Hygiene,2016.0,OUT046,Tier 1,Small,Supermarket Type1,0.112271,8.42,63.2168,4.2
Low Fat,NCN41,Health and Hygiene,2016.0,OUT046,Tier 1,Small,Supermarket Type1,0.052209,17.0,122.373,4.2
Low Fat,NCP17,Health and Hygiene,2016.0,OUT046,Tier 1,Small,Supermarket Type1,0.027714,19.35,65.6168,4.2
Low Fat,NCA05,Health and Hygiene,2016.0,OUT046,Tier 1,Small,Supermarket Type1,0.025131,20.75,150.0734,4.2
Low Fat,NCB31,Household,2016.0,OUT046,Tier 1,Small,Supermarket Type1,0.118674,6.235,261.691,4.2
Low Fat,NCE07,Household,2016.0,OUT046,Tier 1,Small,Supermarket Type1,0.01313,8.18,142.6154,4.2
Low Fat,NCD19,Household,2016.0,OUT046,Tier 1,Small,Supermarket Type1,0.013179,8.93,55.1614,4.2
Low Fat,NCP18,Household,2016.0,OUT046,Tier 1,Small,Supermarket Type1,0.028598,12.15,150.4708,4.2
Low Fat,NCG06,Household,2016.0,OUT046,Tier 1,Small,Supermarket Type1,0.029445,16.35,257.6646,4.2
Low Fat,NCC30,Household,2016.0,OUT046,Tier 1,Small,Supermarket Type1,0.027579,16.6,178.7344,4.2
Low Fat,NCI30,Household,2016.0,OUT046,Tier 1,Small,Supermarket Type1,0.058936,20.25,246.646,4.2
Low Fat,FDS03,Meat,2016.0,OUT046,Tier 1,Small,Supermarket Type1,0.079629,7.825,63.4826,4.2
Low Fat,FDL43,Meat,2016.0,OUT046,Tier 1,Small,Supermarket Type1,0.027064,10.1,76.367,4.2
Low Fat,FDV03,Meat,2016.0,OUT046,Tier 1,Small,Supermarket Type1,0.058091,17.6,156.2314,4.2
Low Fat,NCL31,Others,2016.0,OUT046,Tier 1,Small,Supermarket Type1,0.120281,7.39,142.747,4.2
Low Fat,FDR58,Snack Foods,2016.0,OUT046,Tier 1,Small,Supermarket Type1,0.041921,6.675,92.3462,4.2
Low Fat,FDF22,Snack Foods,2016.0,OUT046,Tier 1,Small,Supermarket Type1,0.056831,6.865,214.0218,4.2
Low Fat,FDZ10,Snack Foods,2016.0,OUT046,Tier 1,Small,Supermarket Type1,0.044463,17.85,127.102,4.2
Low Fat,FDW45,Snack Foods,2016.0,OUT046,Tier 1,Small,Supermarket Type1,0.039011,18.0,147.7418,4.2
Low Fat,FDN45,Snack Foods,2016.0,OUT046,Tier 1,Small,Supermarket Type1,0.118103,19.35,224.8088,4.2
Low Fat,DRZ24,Soft Drinks,2016.0,OUT046,Tier 1,Small,Supermarket Type1,0.081788,7.535,120.844,4.2
Regular,FDS36,Baking Goods,2016.0,OUT046,Tier 1,Small,Supermarket Type1,0.046887,8.38,107.957,4.2
Regular,FDJ60,Baking Goods,2016.0,OUT046,Tier 1,Small,Supermarket Type1,0.062528,19.35,166.9184,4.2
Regular,FDB37,Baking Goods,2016.0,OUT046,Tier 1,Small,Supermarket Type1,0.022941,20.25,241.8538,4.2
Regular,FDG38,Canned,2016.0,OUT046,Tier 1,Small,Supermarket Type1,0.052729,8.975,86.4224,4.2
Regular,FDI38,Canned,2016.0,OUT046,Tier 1,Small,Supermarket Type1,0.014627,13.35,207.7638,4.2
Regular,FDI02,Canned,2016.0,OUT046,Tier 1,Small,Supermarket Type1,0.114565,15.7,112.0202,4.2
Regular,FDD38,Canned,2016.0,OUT046,Tier 1,Small,Supermarket Type1,0.008192,16.75,103.5674,4.2
Regular,FDY49,Canned,2016.0,OUT046,Tier 1,Small,Supermarket Type1,0.012012,17.2,163.1184,4.2
Regular,FDE05,Frozen Foods,2016.0,OUT046,Tier 1,Small,Supermarket Type1,0.032454,10.895,144.8102,4.2
Regular,FDQ40,Frozen Foods,2016.0,OUT046,Tier 1,Small,Supermarket Type1,0.036028,11.1,177.2712,4.2
Regular,FDI16,Frozen Foods,2016.0,OUT046,Tier 1,Small,Supermarket Type1,0.135776,14.0,54.564,4.2
Regular,FDV28,Frozen Foods,2016.0,OUT046,Tier 1,Small,Supermarket Type1,0.159728,16.1,34.3558,4.2
Regular,FDZ43,Fruits and Vegetables,2016.0,OUT046,Tier 1,Small,Supermarket Type1,0.057059,11.0,241.7512,4.2
Regular,FDV19,Fruits and Vegetables,2016.0,OUT046,Tier 1,Small,Supermarket Type1,0.035257,14.85,161.2578,4.2
Regular,FDZ31,Fruits and Vegetables,2016.0,OUT046,Tier 1,Small,Supermarket Type1,0.113217,15.35,191.1504,4.2
Regular,FDS32,Fruits and Vegetables,2016.0,OUT046,Tier 1,Small,Supermarket Type1,0.029654,17.75,140.5838,4.2
Regular,FDQ32,Fruits and Vegetables,2016.0,OUT046,Tier 1,Small,Supermarket Type1,0.046608,17.85,122.9388,4.2
Regular,FDS27,Meat,2016.0,OUT046,Tier 1,Small,Supermarket Type1,0.012458,10.195,196.311,4.2
Regular,FDH31,Meat,2016.0,OUT046,Tier 1,Small,Supermarket Type1,0.020411,12.0,98.6042,4.2
Regular,FDL58,Snack Foods,2016.0,OUT046,Tier 1,Small,Supermarket Type1,0.074149,5.78,262.2568,4.2
Regular,FDH46,Snack Foods,2016.0,OUT046,Tier 1,Small,Supermarket Type1,0.041282,6.935,103.5332,4.2
Regular,FDS58,Snack Foods,2016.0,OUT046,Tier 1,Small,Supermarket Type1,0.0,9.285,161.5578,4.2
Regular,FDU46,Snack Foods,2016.0,OUT046,Tier 1,Small,Supermarket Type1,0.011126,10.3,87.254,4.2
Regular,FDY57,Snack Foods,2016.0,OUT046,Tier 1,Small,Supermarket Type1,0.121254,20.2,94.5752,4.2
Regular,FDH47,Starchy Foods,2016.0,OUT046,Tier 1,Small,Supermarket Type1,0.128816,13.5,96.4068,4.2
Regular,FDE11,Starchy Foods,2016.0,OUT046,Tier 1,Small,Supermarket Type1,0.0,17.7,184.3924,4.2
Low Fat,FDV38,Dairy,2015.0,OUT045,Tier 2,Medium,Supermarket Type1,0.10198,19.25,54.3956,4.2
Low Fat,NCM06,Household,2015.0,OUT045,Tier 2,Medium,Supermarket Type1,0.075881,7.475,155.2656,4.2
Low Fat,NCO43,Others,2015.0,OUT045,Tier 2,Medium,Supermarket Type1,0.0,5.5,103.1016,4.2
Low Fat,FDB51,Dairy,2020.0,OUT017,Tier 2,Medium,Supermarket Type1,0.038672,6.92,64.2852,4.2
Low Fat,FDP33,Snack Foods,2020.0,OUT017,Tier 2,Medium,Supermarket Type1,0.089777,18.7,256.4672,4.2
Low Fat,FDK48,Baking Goods,2015.0,OUT045,Tier 2,Medium,Supermarket Type1,0.037709,7.445,74.7354,4.2
Low Fat,FDZ48,Baking Goods,2015.0,OUT045,Tier 2,Medium,Supermarket Type1,0.076114,17.75,111.4544,4.2
Low Fat,FDP24,Baking Goods,2015.0,OUT045,Tier 2,Medium,Supermarket Type1,0.083172,20.6,121.0756,4.2
Low Fat,FDS37,Canned,2015.0,OUT045,Tier 2,Medium,Supermarket Type1,0.03201,7.655,117.2492,4.2
Low Fat,FDU13,Canned,2015.0,OUT045,Tier 2,Medium,Supermarket Type1,0.187939,8.355,146.9418,4.2
Low Fat,FDX01,Canned,2015.0,OUT045,Tier 2,Medium,Supermarket Type1,0.024213,10.1,116.715,4.2
Low Fat,FDA13,Canned,2015.0,OUT045,Tier 2,Medium,Supermarket Type1,0.078714,15.85,37.2506,4.2
Low Fat,FDZ15,Dairy,2015.0,OUT045,Tier 2,Medium,Supermarket Type1,0.020913,13.1,120.1782,4.2
Low Fat,DRF51,Dairy,2015.0,OUT045,Tier 2,Medium,Supermarket Type1,0.166175,15.75,37.4506,4.2
Low Fat,FDD39,Dairy,2015.0,OUT045,Tier 2,Medium,Supermarket Type1,0.070297,16.7,216.385,4.2
Low Fat,FDS50,Dairy,2015.0,OUT045,Tier 2,Medium,Supermarket Type1,0.055546,17.0,220.5114,4.2
Low Fat,FDO16,Frozen Foods,2015.0,OUT045,Tier 2,Medium,Supermarket Type1,0.015139,5.48,81.925,4.2
Low Fat,FDK40,Frozen Foods,2015.0,OUT045,Tier 2,Medium,Supermarket Type1,0.021894,7.035,262.791,4.2
Low Fat,FDC28,Frozen Foods,2015.0,OUT045,Tier 2,Medium,Supermarket Type1,0.055098,7.905,109.2254,4.2
Low Fat,FDE29,Frozen Foods,2015.0,OUT045,Tier 2,Medium,Supermarket Type1,0.143419,8.905,61.4878,4.2
Low Fat,FDH41,Frozen Foods,2015.0,OUT045,Tier 2,Medium,Supermarket Type1,0.082178,9.0,214.1534,4.2
Low Fat,FDX40,Frozen Foods,2015.0,OUT045,Tier 2,Medium,Supermarket Type1,0.099194,12.85,38.1164,4.2
Low Fat,FDS40,Frozen Foods,2015.0,OUT045,Tier 2,Medium,Supermarket Type1,0.014048,15.35,36.719,4.2
Low Fat,FDJ04,Frozen Foods,2015.0,OUT045,Tier 2,Medium,Supermarket Type1,0.124704,18.0,120.3124,4.2
Low Fat,FDP19,Fruits and Vegetables,2015.0,OUT045,Tier 2,Medium,Supermarket Type1,0.173868,11.5,128.8652,4.2
Low Fat,FDD33,Fruits and Vegetables,2015.0,OUT045,Tier 2,Medium,Supermarket Type1,0.108412,12.85,233.2642,4.2
Low Fat,FDZ56,Fruits and Vegetables,2015.0,OUT045,Tier 2,Medium,Supermarket Type1,0.025789,16.25,166.9474,4.2
Low Fat,FDY55,Fruits and Vegetables,2015.0,OUT045,Tier 2,Medium,Supermarket Type1,0.081485,16.75,258.0988,4.2
Low Fat,FDI32,Fruits and Vegetables,2015.0,OUT045,Tier 2,Medium,Supermarket Type1,0.0,17.7,115.0834,4.2
Low Fat,FDL44,Fruits and Vegetables,2015.0,OUT045,Tier 2,Medium,Supermarket Type1,0.0123,18.25,160.4894,4.2
Low Fat,DRK47,Hard Drinks,2015.0,OUT045,Tier 2,Medium,Supermarket Type1,0.064194,7.905,229.4694,4.2
Low Fat,DRP35,Hard Drinks,2015.0,OUT045,Tier 2,Small,Supermarket Type1,0.091052,18.85,127.4336,4.2
Low Fat,NCH29,Health and Hygiene,2015.0,OUT045,Tier 2,Small,Supermarket Type1,0.034544,5.51,99.7726,4.2
Low Fat,NCY05,Health and Hygiene,2015.0,OUT045,Tier 2,Small,Supermarket Type1,0.055102,13.5,37.0874,4.2
Low Fat,NCV41,Health and Hygiene,2015.0,OUT045,Tier 2,Small,Supermarket Type1,0.017073,14.35,109.5228,4.2
Low Fat,NCM41,Health and Hygiene,2015.0,OUT045,Tier 2,Small,Supermarket Type1,0.035728,16.5,95.212,4.2
Low Fat,NCW41,Health and Hygiene,2015.0,OUT045,Tier 2,Small,Supermarket Type1,0.015482,18.0,159.3604,4.2
Low Fat,NCA17,Health and Hygiene,2015.0,OUT045,Tier 2,Small,Supermarket Type1,0.04551,20.6,149.6392,4.2
Low Fat,NCO26,Household,2015.0,OUT045,Tier 2,Small,Supermarket Type1,0.077011,7.235,117.3492,4.2
Low Fat,NCR42,Household,2015.0,OUT045,Tier 2,Small,Supermarket Type1,0.03856,9.105,33.89,4.2
Low Fat,NCF42,Household,2015.0,OUT045,Tier 2,Small,Supermarket Type1,0.167723,17.35,176.3712,4.2
Low Fat,NCM19,Others,2015.0,OUT045,Tier 2,Small,Supermarket Type1,0.047333,12.65,113.8202,4.2
Low Fat,NCQ38,Others,2015.0,OUT045,Tier 2,Small,Supermarket Type1,0.013394,16.35,106.028,4.2
Low Fat,FDQ46,Snack Foods,2015.0,OUT045,Tier 2,Small,Supermarket Type1,0.104024,7.51,112.4544,4.2
Low Fat,FDI22,Snack Foods,2015.0,OUT045,Tier 2,Small,Supermarket Type1,0.096408,12.6,210.8612,4.2
Low Fat,FDH33,Snack Foods,2015.0,OUT045,Tier 2,Small,Supermarket Type1,0.121972,12.85,43.1428,4.2
Low Fat,FDB34,Snack Foods,2015.0,OUT045,Tier 2,Small,Supermarket Type1,0.026664,15.25,87.0198,4.2
Low Fat,FDV45,Snack Foods,2015.0,OUT045,Tier 2,Small,Supermarket Type1,0.045139,16.75,187.9556,4.2
Low Fat,FDM21,Snack Foods,2015.0,OUT045,Tier 2,Small,Supermarket Type1,0.064495,20.2,259.2646,4.2
Low Fat,DRZ24,Soft Drinks,2015.0,OUT045,Tier 2,Small,Supermarket Type1,0.0,7.535,121.644,4.2
Low Fat,DRL37,Soft Drinks,2015.0,OUT045,Tier 2,Small,Supermarket Type1,0.05348,15.5,42.377,4.2
Low Fat,DRH25,Soft Drinks,2015.0,OUT045,Tier 2,Small,Supermarket Type1,0.014623,18.7,52.0324,4.2
Low Fat,FDJ48,Baking Goods,2020.0,OUT017,Tier 2,Small,Supermarket Type1,0.056754,11.3,247.5118,4.2
Low Fat,FDH24,Baking Goods,2020.0,OUT017,Tier 2,Small,Supermarket Type1,0.021552,20.7,157.0288,4.2
Low Fat,FDK38,Canned,2020.0,OUT017,Tier 2,Small,Supermarket Type1,0.053591,6.65,149.7734,4.2
Low Fat,FDE02,Canned,2020.0,OUT017,Tier 2,Small,Supermarket Type1,0.121936,8.71,94.4778,4.2
Low Fat,FDY25,Canned,2020.0,OUT017,Tier 2,Small,Supermarket Type1,0.034167,12.0,181.2976,4.2
Low Fat,FDB50,Canned,2020.0,OUT017,Tier 2,Small,Supermarket Type1,0.154487,13.0,77.2986,4.2
Low Fat,FDT37,Canned,2020.0,OUT017,Tier 2,Small,Supermarket Type1,0.03547,14.15,256.3014,4.2
Low Fat,FDH27,Dairy,2020.0,OUT017,Tier 2,Small,Supermarket Type1,0.058677,7.075,142.0128,4.2
Low Fat,FDP26,Dairy,2020.0,OUT017,Tier 2,Small,Supermarket Type1,0.140342,7.785,105.6306,4.2
Low Fat,FDZ15,Dairy,2020.0,OUT017,Tier 2,Small,Supermarket Type1,0.020989,13.1,117.7782,4.2
Low Fat,FDD03,Dairy,2020.0,OUT017,Tier 2,Small,Supermarket Type1,0.080258,13.3,232.63,4.2
Low Fat,FDE53,Frozen Foods,2020.0,OUT017,Tier 2,Small,Supermarket Type1,0.027032,10.895,106.328,4.2
Low Fat,FDS40,Frozen Foods,2020.0,OUT017,Tier 2,Small,Supermarket Type1,0.014099,15.35,37.219,4.2
Low Fat,FDY31,Fruits and Vegetables,2020.0,OUT017,Tier 2,Small,Supermarket Type1,0.043809,5.98,146.8418,4.2
Low Fat,FDZ19,Fruits and Vegetables,2020.0,OUT017,Tier 2,Small,Supermarket Type1,0.093984,6.425,175.5712,4.2
Low Fat,FDQ20,Fruits and Vegetables,2020.0,OUT017,Tier 2,Small,Supermarket Type1,0.029953,8.325,39.5138,4.2
Low Fat,FDJ56,Fruits and Vegetables,2020.0,OUT017,Tier 2,Small,Supermarket Type1,0.18444,8.985,99.67,4.2
Low Fat,FDG57,Fruits and Vegetables,2020.0,OUT017,Tier 2,Small,Supermarket Type1,0.072707,14.7,49.5034,4.2
Low Fat,FDI44,Fruits and Vegetables,2020.0,OUT017,Tier 2,Small,Supermarket Type1,0.1008,16.1,78.4328,4.2
Low Fat,DRF23,Hard Drinks,2020.0,OUT017,Tier 2,Small,Supermarket Type1,0.123346,4.61,172.5396,4.2
Low Fat,DRK59,Hard Drinks,2020.0,OUT017,Tier 2,Small,Supermarket Type1,0.075877,8.895,235.9616,4.2
Low Fat,DRL35,Hard Drinks,2020.0,OUT017,Tier 2,Small,Supermarket Type1,0.030877,15.7,42.177,4.2
Low Fat,NCR17,Health and Hygiene,2020.0,OUT017,Tier 2,Small,Supermarket Type1,0.024521,9.8,117.5492,4.2
Low Fat,NCO26,Household,2020.0,OUT017,Tier 2,Small,Supermarket Type1,0.07729,7.235,116.9492,4.2
Low Fat,NCE31,Household,2020.0,OUT017,Tier 2,Small,Supermarket Type1,0.185889,7.67,35.4216,4.2
Low Fat,NCQ30,Household,2020.0,OUT017,Tier 2,Small,Supermarket Type1,0.029237,7.725,123.8414,4.2
Low Fat,NCR42,Household,2020.0,OUT017,Tier 2,Small,Supermarket Type1,0.0387,9.105,33.79,4.2
Low Fat,NCI18,Household,2020.0,OUT017,Tier 2,High,Supermarket Type1,0.014103,18.35,225.4746,4.2
Low Fat,NCJ42,Household,2020.0,OUT017,Tier 2,High,Supermarket Type1,0.014382,19.75,102.2332,4.2
Low Fat,FDS39,Meat,2020.0,OUT017,Tier 2,High,Supermarket Type1,0.022588,6.895,143.7812,4.2
Low Fat,FDR33,Snack Foods,2020.0,OUT017,Tier 2,High,Supermarket Type1,0.02694,7.31,108.457,4.2
Low Fat,FDJ09,Snack Foods,2020.0,OUT017,Tier 2,High,Supermarket Type1,0.058725,15.0,43.6744,4.2
Low Fat,FDT57,Snack Foods,2020.0,OUT017,Tier 2,High,Supermarket Type1,0.019142,15.2,237.5248,4.2
Low Fat,FDS10,Snack Foods,2020.0,OUT017,Tier 2,High,Supermarket Type1,0.035385,19.2,180.3318,4.2
Low Fat,DRM37,Soft Drinks,2020.0,OUT017,Tier 2,High,Supermarket Type1,0.096943,15.35,196.5768,4.2
Regular,FDL24,Baking Goods,2015.0,OUT045,Tier 2,High,Supermarket Type1,0.024947,10.3,172.3422,4.2
Regular,FDT24,Baking Goods,2015.0,OUT045,Tier 2,High,Supermarket Type1,0.186236,12.35,78.7328,4.2
Regular,FDX52,Frozen Foods,2015.0,OUT045,Tier 2,High,Supermarket Type1,0.042088,11.5,192.682,4.2
Regular,FDN08,Fruits and Vegetables,2015.0,OUT045,Tier 2,High,Supermarket Type1,0.088544,7.72,117.5466,4.2
Regular,FDW44,Fruits and Vegetables,2015.0,OUT045,Tier 2,High,Supermarket Type1,0.035223,9.5,170.1448,4.2
Regular,FDW31,Fruits and Vegetables,2015.0,OUT045,Tier 2,High,Supermarket Type1,0.043246,11.35,199.4742,4.2
Regular,FDJ44,Fruits and Vegetables,2015.0,OUT045,Tier 2,High,Supermarket Type1,0.106543,12.3,173.2396,4.2
Regular,FDF08,Fruits and Vegetables,2015.0,OUT045,Tier 2,High,Supermarket Type1,0.06534,14.3,89.1856,4.2
Regular,FDH44,Fruits and Vegetables,2015.0,OUT045,Tier 2,High,Supermarket Type1,0.025925,19.1,148.0418,4.2
Regular,FDE33,Fruits and Vegetables,2015.0,OUT045,Tier 2,High,Supermarket Type1,0.049736,19.35,76.8644,4.2
Regular,FDO03,Meat,2015.0,OUT045,Tier 2,High,Supermarket Type1,0.036958,10.395,230.5352,4.2
Regular,FDS45,Snack Foods,2015.0,OUT045,Tier 2,High,Supermarket Type1,0.029556,5.175,105.9622,4.2
Regular,FDP45,Snack Foods,2015.0,OUT045,Tier 2,High,Supermarket Type1,0.030687,15.7,253.4724,4.2
Regular,FDS22,Snack Foods,2015.0,OUT045,Tier 2,High,Supermarket Type1,0.023202,16.85,45.9428,4.2
Regular,DRM49,Soft Drinks,2015.0,OUT045,Tier 2,High,Supermarket Type1,0.152262,6.11,44.4086,4.2
Regular,FDQ49,Breakfast,2020.0,OUT017,Tier 2,High,Supermarket Type1,0.03947,20.2,155.163,4.2
Regular,FDH02,Canned,2020.0,OUT017,Tier 2,High,Supermarket Type1,0.020899,7.27,92.2488,4.2
Regular,FDI02,Canned,2020.0,OUT017,Tier 2,High,Supermarket Type1,0.115213,15.7,112.0202,4.2
Regular,FDV01,Canned,2020.0,OUT017,Tier 2,High,Supermarket Type1,0.0,19.2,153.3314,4.2
Regular,FDQ26,Dairy,2020.0,OUT017,Tier 2,High,Supermarket Type1,0.068256,13.5,60.9562,4.2
Regular,FDU26,Dairy,2020.0,OUT017,Tier 2,High,Supermarket Type1,0.04286,16.7,120.3782,4.2
Regular,FDC29,Frozen Foods,2020.0,OUT017,Tier 2,High,Supermarket Type1,0.024343,8.39,113.6176,4.2
Regular,FDN04,Frozen Foods,2020.0,OUT017,Tier 2,High,Supermarket Type1,0.014167,11.8,178.2344,4.2
Regular,FDR52,Frozen Foods,2020.0,OUT017,Tier 2,High,Supermarket Type1,0.076475,12.65,191.8846,4.2
Regular,FDP28,Frozen Foods,2020.0,OUT017,Tier 2,High,Supermarket Type1,0.081097,13.65,261.2936,4.2
Regular,FDA40,Frozen Foods,2020.0,OUT017,Tier 2,High,Supermarket Type1,0.099833,16.0,87.4856,4.2
Regular,FDD21,Fruits and Vegetables,2020.0,OUT017,Tier 2,Medium,Supermarket Type1,0.0,10.3,115.7176,4.2
Regular,FDA08,Fruits and Vegetables,2020.0,OUT017,Tier 2,Medium,Supermarket Type1,0.050368,11.85,163.8526,4.2
Regular,FDS44,Fruits and Vegetables,2020.0,OUT017,Tier 2,Medium,Supermarket Type1,0.156927,12.65,238.3538,4.2
Regular,FDG08,Fruits and Vegetables,2020.0,OUT017,Tier 2,Medium,Supermarket Type1,0.0,13.15,171.9764,4.2
Regular,FDT55,Fruits and Vegetables,2020.0,OUT017,Tier 2,Medium,Supermarket Type1,0.043902,13.6,157.0946,4.2
Regular,FDC21,Fruits and Vegetables,2020.0,OUT017,Tier 2,Medium,Supermarket Type1,0.043202,14.6,110.1254,4.2
Regular,FDV19,Fruits and Vegetables,2020.0,OUT017,Tier 2,Medium,Supermarket Type1,0.035456,14.85,162.2578,4.2
Regular,FDO19,Fruits and Vegetables,2020.0,OUT017,Tier 2,Medium,Supermarket Type1,0.0,17.7,46.8034,4.2
Regular,FDT32,Fruits and Vegetables,2020.0,OUT017,Tier 2,Medium,Supermarket Type1,0.066005,19.0,188.4214,4.2
Regular,FDJ57,Seafood,2020.0,OUT017,Tier 2,Medium,Supermarket Type1,0.021696,7.42,185.3582,4.2
Regular,FDF34,Snack Foods,2020.0,OUT017,Tier 2,Medium,Supermarket Type1,0.014099,9.3,197.7084,4.2
Regular,FDO21,Snack Foods,2020.0,OUT017,Tier 2,Medium,Supermarket Type1,0.009818,11.6,223.1404,4.2
Regular,FDA09,Snack Foods,2020.0,OUT017,Tier 2,Medium,Supermarket Type1,0.150211,13.35,179.066,4.2
Regular,FDN34,Snack Foods,2020.0,OUT017,Tier 2,Medium,Supermarket Type1,0.046023,15.6,169.2132,4.2
Regular,FDR34,Snack Foods,2020.0,OUT017,Tier 2,Medium,Supermarket Type1,0.016056,17.0,228.4352,4.2
Regular,DRM49,Soft Drinks,2020.0,OUT017,Tier 2,Medium,Supermarket Type1,0.152814,6.11,45.6086,4.2
Low Fat,DRG36,Soft Drinks,2015.0,OUT045,Tier 2,Medium,Supermarket Type1,0.095572,14.15,171.0106,4.2
Low Fat,DRF27,Dairy,2020.0,OUT017,Tier 2,Medium,Supermarket Type1,0.028578,8.93,152.234,4.2
Regular,FDI07,Meat,2015.0,OUT045,Tier 2,Medium,Supermarket Type1,0.033829,12.35,196.9426,4.2
Regular,FDD47,Starchy Foods,2015.0,OUT045,Tier 2,Medium,Supermarket Type1,0.1427,7.6,171.7448,4.2
Regular,FDN51,Meat,2020.0,OUT017,Tier 2,Medium,Supermarket Type1,0.021065,17.85,261.5936,4.2
Regular,FDT10,Snack Foods,2020.0,OUT017,Tier 2,Medium,Supermarket Type1,0.062395,16.7,57.6562,4.2
Low Fat,FDT20,Fruits and Vegetables,2017.0,OUT035,Tier 2,Small,Supermarket Type1,0.041388,10.5,40.1164,4.2
Low Fat,NCF30,Household,2017.0,OUT035,Tier 2,Small,Supermarket Type1,0.12622,17.0,126.7362,4.2
Low Fat,NCO06,Household,2017.0,OUT035,Tier 2,Small,Supermarket Type1,0.10801,19.25,33.3558,4.2
Low Fat,NCO42,Household,2017.0,OUT035,Tier 2,Small,Supermarket Type1,0.024651,21.25,146.0102,4.2
Low Fat,FDF33,Seafood,2017.0,OUT035,Tier 2,Small,Supermarket Type1,0.021531,7.97,108.4596,4.2
Low Fat,FDW23,Baking Goods,2017.0,OUT035,Tier 2,Small,Supermarket Type1,0.081997,5.765,40.1164,4.2
Low Fat,FDP23,Breads,2017.0,OUT035,Tier 2,Small,Supermarket Type1,0.03558,6.71,217.5166,4.2
Low Fat,FDP25,Canned,2017.0,OUT035,Tier 2,Small,Supermarket Type1,0.021204,15.2,216.3824,4.2
Low Fat,FDD50,Canned,2017.0,OUT035,Tier 2,Small,Supermarket Type1,0.141615,18.85,169.0132,4.2
Low Fat,FDZ15,Dairy,2017.0,OUT035,Tier 2,Small,Supermarket Type1,0.0,13.1,117.8782,4.2
Low Fat,FDC53,Frozen Foods,2017.0,OUT035,Tier 2,Small,Supermarket Type1,0.008834,8.68,100.0384,4.2
Low Fat,FDD29,Frozen Foods,2017.0,OUT035,Tier 2,Small,Supermarket Type1,0.018407,12.15,254.7698,4.2
Low Fat,FDI52,Frozen Foods,2017.0,OUT035,Tier 2,Small,Supermarket Type1,0.104658,18.7,121.2072,4.2
Low Fat,FDA31,Fruits and Vegetables,2017.0,OUT035,Tier 2,Small,Supermarket Type1,0.109991,7.1,172.908,4.2
Low Fat,FDH08,Fruits and Vegetables,2017.0,OUT035,Tier 2,Small,Supermarket Type1,0.017426,7.51,227.901,4.2
Low Fat,FDI45,Fruits and Vegetables,2017.0,OUT035,Tier 2,Small,Supermarket Type1,0.037574,13.1,174.2054,4.2
Low Fat,FDL56,Fruits and Vegetables,2017.0,OUT035,Tier 2,Small,Supermarket Type1,0.125757,14.1,87.1198,4.2
Low Fat,FDD57,Fruits and Vegetables,2017.0,OUT035,Tier 2,Small,Supermarket Type1,0.022395,18.1,96.5094,4.2
Low Fat,FDC32,Fruits and Vegetables,2017.0,OUT035,Tier 2,Small,Supermarket Type1,0.09909,18.35,94.0462,4.2
Low Fat,FDW20,Fruits and Vegetables,2017.0,OUT035,Tier 2,Small,Supermarket Type1,0.024145,20.75,123.373,4.2
Low Fat,DRI11,Hard Drinks,2017.0,OUT035,Tier 2,Small,Supermarket Type1,0.034398,8.26,115.7834,4.2
Low Fat,DRG23,Hard Drinks,2017.0,OUT035,Tier 2,Small,Supermarket Type1,0.086765,8.88,153.8682,4.2
Low Fat,NCL29,Health and Hygiene,2017.0,OUT035,Tier 2,Small,Supermarket Type1,0.113918,9.695,158.2604,4.2
Low Fat,NCQ41,Health and Hygiene,2017.0,OUT035,Tier 2,Small,Supermarket Type1,0.019477,14.8,193.0794,4.2
Low Fat,NCF43,Household,2017.0,OUT035,Tier 2,Small,Supermarket Type1,0.051936,8.51,142.947,4.2
Low Fat,NCC55,Household,2017.0,OUT035,Tier 2,Small,Supermarket Type1,0.063751,10.695,36.7848,4.2
Low Fat,NCG07,Household,2017.0,OUT035,Tier 2,Small,Supermarket Type1,0.052492,12.3,191.053,4.2
Low Fat,NCK30,Household,2017.0,OUT035,Tier 2,Small,Supermarket Type1,0.060967,14.85,254.3698,4.2
Low Fat,NCC07,Household,2017.0,OUT035,Tier 2,Small,Supermarket Type1,0.023947,19.6,106.9964,4.2
Low Fat,NCJ06,Household,2017.0,OUT035,Tier 2,Small,Supermarket Type1,0.034646,20.1,120.6782,4.2
Low Fat,FDG31,Meat,2017.0,OUT035,Tier 2,Small,Supermarket Type1,0.037889,12.15,64.7826,4.2
Low Fat,FDY51,Meat,2017.0,OUT035,Tier 2,Small,Supermarket Type1,0.081119,12.5,220.0798,4.2
Low Fat,NCN19,Others,2017.0,OUT035,Tier 2,Small,Supermarket Type1,0.012097,13.1,188.853,4.2
Low Fat,NCN07,Others,2017.0,OUT035,Tier 2,Small,Supermarket Type1,0.033938,18.5,132.5284,4.2
Low Fat,FDK45,Seafood,2017.0,OUT035,Tier 2,Small,Supermarket Type1,0.033852,11.65,112.186,4.2
Low Fat,FDQ46,Snack Foods,2017.0,OUT035,Tier 2,Small,Supermarket Type1,0.103793,7.51,110.1544,4.2
Low Fat,FDB22,Snack Foods,2017.0,OUT035,Tier 2,Small,Supermarket Type1,0.11142,8.02,154.3998,4.2
Low Fat,FDW34,Snack Foods,2017.0,OUT035,Tier 2,Small,Supermarket Type1,0.0,9.6,244.817,4.2
Low Fat,FDK34,Snack Foods,2017.0,OUT035,Tier 2,Small,Supermarket Type1,0.038519,13.35,236.8564,4.2
Low Fat,FDM10,Snack Foods,2017.0,OUT035,Tier 2,Small,Supermarket Type1,0.075957,18.25,214.1218,4.2
Low Fat,FDU34,Snack Foods,2017.0,OUT035,Tier 2,Small,Supermarket Type1,0.075181,18.25,126.2046,4.2
Low Fat,FDN21,Snack Foods,2017.0,OUT035,Tier 2,Small,Supermarket Type1,0.076841,18.6,162.2236,4.2
Low Fat,FDJ22,Snack Foods,2017.0,OUT035,Tier 2,Small,Supermarket Type1,0.0528,18.75,193.2504,4.2
Low Fat,FDA10,Snack Foods,2017.0,OUT035,Tier 2,Small,Supermarket Type1,0.141789,20.35,121.9072,4.2
Low Fat,DRG25,Soft Drinks,2017.0,OUT035,Tier 2,Small,Supermarket Type1,0.019046,10.5,188.424,4.2
Low Fat,FDF35,Starchy Foods,2017.0,OUT035,Tier 2,Small,Supermarket Type1,0.15396,15.0,105.9938,4.2
Regular,FDP12,Baking Goods,2017.0,OUT035,Tier 2,Small,Supermarket Type1,0.045258,9.8,35.9874,4.2
Regular,FDF24,Baking Goods,2017.0,OUT035,Tier 2,Small,Supermarket Type1,0.025366,15.5,82.7934,4.2
Regular,FDB37,Baking Goods,2017.0,OUT035,Tier 2,Small,Supermarket Type1,0.022936,20.25,240.8538,4.2
Regular,FDQ59,Breads,2017.0,OUT035,Tier 2,Small,Supermarket Type1,0.056376,9.8,84.6908,4.2
Regular,FDS59,Breads,2017.0,OUT035,Tier 2,Small,Supermarket Type1,0.043885,14.8,108.757,4.2
Regular,FDT50,Dairy,2017.0,OUT035,Tier 2,Small,Supermarket Type1,0.108219,6.75,96.3752,4.2
Regular,FDT14,Dairy,2017.0,OUT035,Tier 2,Small,Supermarket Type1,0.127703,10.695,120.444,4.2
Regular,FDY15,Dairy,2017.0,OUT035,Tier 2,Small,Supermarket Type1,0.170796,18.25,154.463,4.2
Regular,FDE41,Frozen Foods,2017.0,OUT035,Tier 2,Small,Supermarket Type1,0.064002,9.195,85.5566,4.2
Regular,FDE28,Frozen Foods,2017.0,OUT035,Tier 2,Small,Supermarket Type1,0.132522,9.5,228.6668,4.2
Regular,FDR52,Frozen Foods,2017.0,OUT035,Tier 2,Small,Supermarket Type1,0.07603,12.65,189.0846,4.2
Regular,FDX04,Frozen Foods,2017.0,OUT035,Tier 2,Small,Supermarket Type1,0.041564,19.6,47.6376,4.2
Regular,FDF44,Fruits and Vegetables,2017.0,OUT035,Tier 2,Small,Supermarket Type1,0.059717,7.17,130.9968,4.2
Regular,FDF21,Fruits and Vegetables,2017.0,OUT035,Tier 2,Small,Supermarket Type1,0.0,10.3,191.153,4.2
Regular,FDJ44,Fruits and Vegetables,2017.0,OUT035,Tier 2,Small,Supermarket Type1,0.106307,12.3,174.9396,4.2
Regular,FDW55,Fruits and Vegetables,2017.0,OUT035,Tier 2,Small,Supermarket Type1,0.0,12.6,248.8092,4.2
Regular,FDG56,Fruits and Vegetables,2017.0,OUT035,Tier 2,Small,Supermarket Type1,0.071439,13.3,61.0536,4.2
Regular,FDF08,Fruits and Vegetables,2017.0,OUT035,Tier 2,Small,Supermarket Type1,0.065195,14.3,88.9856,4.2
Regular,FDI08,Fruits and Vegetables,2017.0,OUT035,Tier 2,Small,Supermarket Type1,0.066285,18.2,247.2092,4.2
Regular,FDS45,Snack Foods,2017.0,OUT035,Tier 2,Small,Supermarket Type1,0.02949,5.175,107.6622,4.2
Regular,FDL58,Snack Foods,2017.0,OUT035,Tier 2,Small,Supermarket Type1,0.074135,5.78,264.0568,4.2
Regular,FDK10,Snack Foods,2017.0,OUT035,Tier 2,Small,Supermarket Type1,0.040351,5.785,181.366,4.2
Regular,FDK58,Snack Foods,2017.0,OUT035,Tier 2,Small,Supermarket Type1,0.0,11.35,103.0016,4.2
Regular,FDA09,Snack Foods,2017.0,OUT035,Tier 2,Small,Supermarket Type1,0.149338,13.35,178.666,4.2
Regular,FDN34,Snack Foods,2017.0,OUT035,Tier 2,Small,Supermarket Type1,0.045756,15.6,167.1132,4.2
Regular,FDL21,Snack Foods,2017.0,OUT035,Tier 2,Small,Supermarket Type1,0.007145,15.85,41.048,4.2
Low Fat,NCU53,Health and Hygiene,2017.0,OUT035,Tier 2,Small,Supermarket Type1,0.042744,5.485,166.2842,4.2
Regular,FDU19,Fruits and Vegetables,2017.0,OUT035,Tier 2,Small,Supermarket Type1,0.046763,8.77,170.8422,4.2
Regular,FDM08,Fruits and Vegetables,2017.0,OUT035,Tier 2,Small,Supermarket Type1,0.053574,10.1,223.7088,4.2
Regular,FDS34,Snack Foods,2017.0,OUT035,Tier 2,Small,Supermarket Type1,0.076745,19.35,113.4518,4.2
Low Fat,FDP24,Baking Goods,2011.0,OUT010,Tier 3,Medium,Grocery Store,0.138932,20.6,119.5756,4.2
Low Fat,FDV59,Breads,2011.0,OUT010,Tier 3,Medium,Grocery Store,0.080387,13.35,219.2166,4.2
Low Fat,FDT13,Canned,2011.0,OUT010,Tier 3,Medium,Grocery Store,0.0,14.85,187.7214,4.2
Low Fat,FDX37,Canned,2011.0,OUT010,Tier 3,Medium,Grocery Store,0.105498,16.2,101.47,4.2
Low Fat,FDR26,Dairy,2011.0,OUT010,Tier 3,Medium,Grocery Store,0.0717,20.7,177.6028,4.2
Low Fat,FDF16,Frozen Foods,2011.0,OUT010,Tier 3,Medium,Grocery Store,0.144168,7.3,146.3076,4.2
Low Fat,FDC53,Frozen Foods,2011.0,OUT010,Tier 3,Medium,Grocery Store,0.014789,8.68,97.7384,4.2
Low Fat,FDF52,Frozen Foods,2011.0,OUT010,Tier 3,Medium,Grocery Store,0.111782,9.3,182.3292,4.2
Low Fat,FDP16,Frozen Foods,2011.0,OUT010,Tier 3,Medium,Grocery Store,0.065772,18.6,245.7802,4.2
Low Fat,FDM32,Fruits and Vegetables,2011.0,OUT010,Tier 3,Medium,Grocery Store,0.0,20.5,90.883,4.2
Low Fat,DRI47,Hard Drinks,2011.0,OUT010,Tier 3,Medium,Grocery Store,0.035016,14.7,144.3128,4.2
Low Fat,DRM23,Hard Drinks,2011.0,OUT010,Tier 3,Medium,Grocery Store,0.22719,16.6,173.9422,4.2
Low Fat,NCV29,Health and Hygiene,2011.0,OUT010,Tier 3,Medium,Grocery Store,0.038235,11.8,177.5686,4.2
Low Fat,NCB06,Health and Hygiene,2011.0,OUT010,Tier 3,Medium,Grocery Store,0.137807,17.6,161.792,4.2
Low Fat,NCK05,Health and Hygiene,2011.0,OUT010,Tier 3,Medium,Grocery Store,0.0,20.1,61.3536,4.2
Low Fat,NCM06,Household,2011.0,OUT010,Tier 3,Medium,Grocery Store,0.126753,7.475,154.2656,4.2
Low Fat,NCE07,Household,2011.0,OUT010,Tier 3,Medium,Grocery Store,0.021977,8.18,140.6154,4.2
Low Fat,NCB30,Household,2011.0,OUT010,Tier 3,Medium,Grocery Store,0.043022,14.6,196.9084,4.2
Low Fat,NCK30,Household,2011.0,OUT010,Tier 3,Medium,Grocery Store,0.102066,14.85,254.2698,4.2
Low Fat,NCG18,Household,2011.0,OUT010,Tier 3,Medium,Grocery Store,0.03846,15.3,104.0332,4.2
Low Fat,NCC18,Household,2011.0,OUT010,Tier 3,High,Grocery Store,0.296714,19.1,171.8422,4.2
Low Fat,NCO55,Others,2011.0,OUT010,Tier 3,High,Grocery Store,0.152378,12.8,108.1938,4.2
Low Fat,FDD46,Snack Foods,2011.0,OUT010,Tier 3,High,Grocery Store,0.236434,6.035,155.5998,4.2
Low Fat,FDV21,Snack Foods,2011.0,OUT010,Tier 3,High,Grocery Store,0.286358,11.5,123.9704,4.2
Low Fat,FDC47,Snack Foods,2011.0,OUT010,Tier 3,High,Grocery Store,0.198999,15.0,226.5694,4.2
Low Fat,FDK09,Snack Foods,2011.0,OUT010,Tier 3,High,Grocery Store,0.153593,15.2,228.0352,4.2
Low Fat,FDY09,Snack Foods,2011.0,OUT010,Tier 3,High,Grocery Store,0.04218,15.6,174.7054,4.2
Low Fat,DRN37,Soft Drinks,2011.0,OUT010,Tier 3,High,Grocery Store,0.161182,9.6,165.3158,4.2
Regular,FDI60,Baking Goods,2011.0,OUT010,Tier 3,High,Grocery Store,0.064142,7.22,61.251,4.2
Regular,FDX48,Baking Goods,2011.0,OUT010,Tier 3,High,Grocery Store,0.063417,17.75,154.6656,4.2
Regular,FDY35,Breads,2011.0,OUT010,Tier 3,High,Grocery Store,0.026827,17.6,47.8402,4.2
Regular,FDQ25,Canned,2011.0,OUT010,Tier 3,High,Grocery Store,0.047329,8.63,174.1422,4.2
Regular,FDL38,Canned,2011.0,OUT010,Tier 3,High,Grocery Store,0.02466,13.8,87.4172,4.2
Regular,FDZ02,Dairy,2011.0,OUT010,Tier 3,High,Grocery Store,0.063851,6.905,97.2726,4.2
Regular,FDZ28,Frozen Foods,2011.0,OUT010,Tier 3,High,Grocery Store,0.086188,20.0,125.4678,4.2
Regular,FDY08,Fruits and Vegetables,2011.0,OUT010,Tier 3,High,Grocery Store,0.286345,9.395,139.1838,4.2
Regular,FDH56,Fruits and Vegetables,2011.0,OUT010,Tier 3,High,Grocery Store,0.106817,9.8,114.2492,4.2
Regular,FDX32,Fruits and Vegetables,2011.0,OUT010,Tier 3,High,Grocery Store,0.0,15.1,146.2786,4.2
Regular,FDG09,Fruits and Vegetables,2011.0,OUT010,Tier 3,High,Grocery Store,0.080236,20.6,188.9556,4.2
Regular,FDG10,Snack Foods,2011.0,OUT010,Tier 3,High,Grocery Store,0.01831,6.63,57.7588,4.2
Regular,FDM58,Snack Foods,2011.0,OUT010,Tier 3,Small,Grocery Store,0.133385,16.85,109.8544,4.2
Regular,FDE11,Starchy Foods,2011.0,OUT010,Tier 3,Small,Grocery Store,0.226123,17.7,185.7924,4.2
Low Fat,FDT08,Fruits and Vegetables,2014.0,OUT013,Tier 3,High,Supermarket Type1,0.049178,13.65,151.805,4.2
Low Fat,NCQ50,Household,2014.0,OUT013,Tier 3,High,Supermarket Type1,0.034279,18.75,214.1218,4.2
Low Fat,FDP27,Meat,2014.0,OUT013,Tier 3,High,Supermarket Type1,0.119351,8.155,190.153,4.2
Low Fat,FDN12,Baking Goods,2014.0,OUT013,Tier 3,High,Supermarket Type1,0.081036,15.6,112.3544,4.2
Low Fat,FDS35,Breads,2014.0,OUT013,Tier 3,High,Supermarket Type1,0.111128,9.3,63.1826,4.2
Low Fat,FDB51,Dairy,2014.0,OUT013,Tier 3,High,Supermarket Type1,0.038422,6.92,62.5852,4.2
Low Fat,DRD15,Dairy,2014.0,OUT013,Tier 3,High,Supermarket Type1,0.056749,10.6,233.6642,4.2
Low Fat,FDU38,Dairy,2014.0,OUT013,Tier 3,High,Supermarket Type1,0.082481,10.8,191.6504,4.2
Low Fat,FDX50,Dairy,2014.0,OUT013,Tier 3,High,Supermarket Type1,0.074565,20.1,111.3228,4.2
Low Fat,FDZ52,Frozen Foods,2014.0,OUT013,Tier 3,High,Supermarket Type1,0.099991,19.2,112.7886,4.2
Low Fat,FDA20,Fruits and Vegetables,2014.0,OUT013,Tier 3,High,Supermarket Type1,0.066566,6.78,185.324,4.2
Low Fat,FDV08,Fruits and Vegetables,2014.0,OUT013,Tier 3,High,Supermarket Type1,0.028571,7.35,40.8454,4.2
Low Fat,FDT20,Fruits and Vegetables,2014.0,OUT013,Tier 3,High,Supermarket Type1,0.041361,10.5,39.5164,4.2
Low Fat,FDX19,Fruits and Vegetables,2014.0,OUT013,Tier 3,High,Supermarket Type1,0.096653,19.1,235.1958,4.2
Low Fat,DRJ11,Hard Drinks,2014.0,OUT013,Tier 3,High,Supermarket Type1,0.08502,9.5,188.7872,4.2
Low Fat,NCR53,Health and Hygiene,2014.0,OUT013,Tier 3,High,Supermarket Type1,0.14492,12.15,224.4404,4.2
Low Fat,NCS53,Health and Hygiene,2014.0,OUT013,Tier 3,High,Supermarket Type1,0.089703,14.5,158.3604,4.2
Low Fat,NCC54,Health and Hygiene,2014.0,OUT013,Tier 3,High,Supermarket Type1,0.09763,17.75,240.4196,4.2
Low Fat,NCK05,Health and Hygiene,2014.0,OUT013,Tier 3,High,Supermarket Type1,0.07739,20.1,60.8536,4.2
Low Fat,NCF42,Household,2014.0,OUT013,Tier 3,High,Supermarket Type1,0.167244,17.35,176.2712,4.2
Low Fat,NCM54,Household,2014.0,OUT013,Tier 3,High,Supermarket Type1,0.050897,17.7,125.5678,4.2
Low Fat,NCO06,Household,2014.0,OUT013,Tier 3,High,Supermarket Type1,0.107941,19.25,35.5558,4.2
Low Fat,NCR30,Household,2014.0,OUT013,Tier 3,High,Supermarket Type1,0.070934,20.6,74.8696,4.2
Low Fat,FDS39,Meat,2014.0,OUT013,Tier 3,High,Supermarket Type1,0.022442,6.895,143.8812,4.2
Low Fat,FDV03,Meat,2014.0,OUT013,Tier 3,High,Supermarket Type1,0.058043,17.6,154.6314,4.2
Low Fat,FDQ34,Snack Foods,2014.0,OUT013,Tier 3,High,Supermarket Type1,0.162108,10.85,106.3622,4.2
Low Fat,FDI33,Snack Foods,2014.0,OUT013,Tier 3,High,Supermarket Type1,0.028395,16.5,91.7146,4.2
Low Fat,DRB01,Soft Drinks,2014.0,OUT013,Tier 3,High,Supermarket Type1,0.082171,7.39,190.953,4.2
Low Fat,DRI01,Soft Drinks,2014.0,OUT013,Tier 3,High,Supermarket Type1,0.034424,7.97,171.8422,4.2
Low Fat,DRH49,Soft Drinks,2014.0,OUT013,Tier 3,High,Supermarket Type1,0.024635,19.7,84.1592,4.2
Regular,FDV48,Baking Goods,2014.0,OUT013,Tier 3,High,Supermarket Type1,0.051574,9.195,79.8644,4.2
Regular,FDT24,Baking Goods,2014.0,OUT013,Tier 3,High,Supermarket Type1,0.185705,12.35,77.1328,4.2
Regular,FDR12,Baking Goods,2014.0,OUT013,Tier 3,High,Supermarket Type1,0.031509,12.6,170.5764,4.2
Regular,FDS24,Baking Goods,2014.0,OUT013,Tier 3,High,Supermarket Type1,0.062173,20.85,90.2514,4.2
Regular,FDN25,Breakfast,2014.0,OUT013,Tier 3,High,Supermarket Type1,0.061125,7.895,58.5588,4.2
Regular,FDL13,Breakfast,2014.0,OUT013,Tier 3,High,Supermarket Type1,0.056272,13.85,232.23,4.2
Regular,FDQ49,Breakfast,2014.0,OUT013,Tier 3,High,Supermarket Type1,0.039215,20.2,157.663,4.2
Regular,FDI50,Canned,2014.0,OUT013,Tier 3,High,Supermarket Type1,0.030817,8.42,230.8352,4.2
Regular,FDH50,Canned,2014.0,OUT013,Tier 3,High,Supermarket Type1,0.161301,15.0,185.1266,4.2
Regular,FDA52,Frozen Foods,2014.0,OUT013,Tier 3,High,Supermarket Type1,0.128315,16.2,178.137,4.2
Regular,FDS56,Fruits and Vegetables,2014.0,OUT013,Tier 3,High,Supermarket Type1,0.038725,5.785,263.9252,4.2
Regular,FDZ32,Fruits and Vegetables,2014.0,OUT013,Tier 3,High,Supermarket Type1,0.0,7.785,106.4964,4.2
Regular,FDD44,Fruits and Vegetables,2014.0,OUT013,Tier 3,High,Supermarket Type1,0.0,8.05,257.5646,4.2
Regular,FDY20,Fruits and Vegetables,2014.0,OUT013,Tier 3,High,Supermarket Type1,0.081685,12.5,92.3488,4.2
Regular,FDD32,Fruits and Vegetables,2014.0,OUT013,Tier 3,High,Supermarket Type1,0.040898,17.7,82.6276,4.2
Regular,FDO19,Fruits and Vegetables,2014.0,OUT013,Tier 3,High,Supermarket Type1,0.016583,17.7,50.5034,4.2
Regular,FDO39,Meat,2014.0,OUT013,Tier 3,High,Supermarket Type1,0.137253,6.985,183.7608,4.2
Regular,FDS27,Meat,2014.0,OUT013,Tier 3,High,Supermarket Type1,0.012448,10.195,197.611,4.2
Regular,FDT51,Meat,2014.0,OUT013,Tier 3,High,Supermarket Type1,0.01091,11.65,110.8544,4.2
Regular,FDW15,Meat,2014.0,OUT013,Tier 3,High,Supermarket Type1,0.055068,15.35,146.5734,4.2
Regular,FDN39,Meat,2014.0,OUT013,Tier 3,High,Supermarket Type1,0.0,19.35,169.0816,4.2
Regular,FDG33,Seafood,2014.0,OUT013,Tier 3,High,Supermarket Type1,0.140124,5.365,172.0764,4.2
Regular,FDS33,Snack Foods,2014.0,OUT013,Tier 3,High,Supermarket Type1,0.123326,6.67,90.2514,4.2
Regular,FDC22,Snack Foods,2014.0,OUT013,Tier 3,High,Supermarket Type1,0.136315,6.89,195.082,4.2
Regular,FDX33,Snack Foods,2014.0,OUT013,Tier 3,High,Supermarket Type1,0.117387,9.195,160.2578,4.2
Regular,FDU10,Snack Foods,2014.0,OUT013,Tier 3,High,Supermarket Type1,0.045654,10.1,35.6848,4.2
Regular,FDD10,Snack Foods,2014.0,OUT013,Tier 3,High,Supermarket Type1,0.045982,20.6,177.0344,4.2
Regular,FDC29,Frozen Foods,2014.0,OUT013,Tier 3,High,Supermarket Type1,0.024186,8.39,115.7176,4.2
Regular,FDB58,Snack Foods,2014.0,OUT013,Tier 3,High,Supermarket Type1,0.013485,10.5,140.0154,4.2
Regular,FDY57,Snack Foods,2014.0,OUT013,Tier 3,High,Supermarket Type1,0.121153,20.2,97.3752,4.2
Low Fat,FDA31,Fruits and Vegetables,2022.0,OUT018,Tier 3,Medium,Supermarket Type2,0.11046,7.1,172.108,4.2
Low Fat,FDZ12,Baking Goods,2022.0,OUT018,Tier 3,Medium,Supermarket Type2,0.103398,9.17,143.947,4.2
Low Fat,FDN48,Baking Goods,2022.0,OUT018,Tier 3,Medium,Supermarket Type2,0.065215,13.35,93.4804,4.2
Low Fat,FDO12,Baking Goods,2022.0,OUT018,Tier 3,Medium,Supermarket Type2,0.055154,15.75,195.5452,4.2
Low Fat,FDW13,Canned,2022.0,OUT018,Tier 3,Medium,Supermarket Type2,0.098283,8.5,51.3324,4.2
Low Fat,FDC50,Canned,2022.0,OUT018,Tier 3,Medium,Supermarket Type2,0.137054,15.85,94.4094,4.2
Low Fat,FDP26,Dairy,2022.0,OUT018,Tier 3,Medium,Supermarket Type2,0.140121,7.785,102.5306,4.2
Low Fat,FDA15,Dairy,2022.0,OUT018,Tier 3,Medium,Supermarket Type2,0.016088,9.3,249.6092,4.2
Low Fat,FDA16,Frozen Foods,2022.0,OUT018,Tier 3,Medium,Supermarket Type2,0.03408,6.695,220.8456,4.2
Low Fat,FDJ52,Frozen Foods,2022.0,OUT018,Tier 3,Medium,Supermarket Type2,0.017859,7.145,160.6578,4.2
Low Fat,FDF09,Fruits and Vegetables,2022.0,OUT018,Tier 3,Medium,Supermarket Type2,0.012198,6.215,37.4848,4.2
Low Fat,FDP07,Fruits and Vegetables,2022.0,OUT018,Tier 3,Medium,Supermarket Type2,0.090268,18.2,194.711,4.2
Low Fat,DRN35,Hard Drinks,2022.0,OUT018,Tier 3,Medium,Supermarket Type2,0.070534,8.01,34.2532,4.2
Low Fat,DRM23,Hard Drinks,2022.0,OUT018,Tier 3,Medium,Supermarket Type2,0.136286,16.6,171.4422,4.2
Low Fat,DRP35,Hard Drinks,2022.0,OUT018,Tier 3,Medium,Supermarket Type2,0.091237,18.85,128.9336,4.2
Low Fat,NCZ53,Health and Hygiene,2022.0,OUT018,Tier 3,Medium,Supermarket Type2,0.024577,9.6,186.6214,4.2
Low Fat,NCR41,Health and Hygiene,2022.0,OUT018,Tier 3,Medium,Supermarket Type2,0.018097,17.85,96.9094,4.2
Low Fat,NCP18,Household,2022.0,OUT018,Tier 3,Medium,Supermarket Type2,0.028715,12.15,151.9708,4.2
Low Fat,NCG07,Household,2022.0,OUT018,Tier 3,Medium,Supermarket Type2,0.052716,12.3,189.653,4.2
Low Fat,NCA06,Household,2022.0,OUT018,Tier 3,Medium,Supermarket Type2,0.0,20.5,37.119,4.2
Low Fat,FDP39,Meat,2022.0,OUT018,Tier 3,Medium,Supermarket Type2,0.069708,12.65,51.0324,4.2
Low Fat,NCL31,Others,2022.0,OUT018,Tier 3,Medium,Supermarket Type2,0.120771,7.39,143.447,4.2
Low Fat,NCP50,Others,2022.0,OUT018,Tier 3,Medium,Supermarket Type2,0.0,17.35,79.2618,4.2
Low Fat,FDF33,Seafood,2022.0,OUT018,Tier 3,Medium,Supermarket Type2,0.021623,7.97,107.6596,4.2
Low Fat,FDN10,Snack Foods,2022.0,OUT018,Tier 3,Medium,Supermarket Type2,0.0,11.5,119.5124,4.2
Low Fat,FDO33,Snack Foods,2022.0,OUT018,Tier 3,Medium,Supermarket Type2,0.089686,14.75,115.3518,4.2
Low Fat,FDL45,Snack Foods,2022.0,OUT018,Tier 3,Medium,Supermarket Type2,0.037841,15.6,125.2704,4.2
Low Fat,FDM33,Snack Foods,2022.0,OUT018,Tier 3,Medium,Supermarket Type2,0.0,15.6,220.4798,4.2
Low Fat,FDV46,Snack Foods,2022.0,OUT018,Tier 3,Medium,Supermarket Type2,0.012659,18.2,140.718,4.2
Low Fat,DRF01,Soft Drinks,2022.0,OUT018,Tier 3,Medium,Supermarket Type2,0.175793,5.655,146.9102,4.2
Low Fat,DRF60,Soft Drinks,2022.0,OUT018,Tier 3,Medium,Supermarket Type2,0.0,10.8,238.1564,4.2
Low Fat,DRF13,Soft Drinks,2022.0,OUT018,Tier 3,Medium,Supermarket Type2,0.029903,12.1,144.3444,4.2
Low Fat,DRL37,Soft Drinks,2022.0,OUT018,Tier 3,Medium,Supermarket Type2,0.05359,15.5,44.177,4.2
Regular,FDO48,Baking Goods,2022.0,OUT018,Tier 3,Medium,Supermarket Type2,0.02695,15.0,220.9456,4.2
Regular,FDQ47,Breads,2022.0,OUT018,Tier 3,Medium,Supermarket Type2,0.168871,7.155,34.3874,4.2
Regular,FDY35,Breads,2022.0,OUT018,Tier 3,Medium,Supermarket Type2,0.016093,17.6,45.8402,4.2
Regular,FDM25,Breakfast,2022.0,OUT018,Tier 3,Medium,Supermarket Type2,0.060913,10.695,173.8712,4.2
Regular,FDJ38,Canned,2022.0,OUT018,Tier 3,Medium,Supermarket Type2,0.040369,8.6,189.753,4.2
Regular,FDU37,Canned,2022.0,OUT018,Tier 3,Medium,Supermarket Type2,0.104934,9.5,78.796,4.2
Regular,FDJ26,Canned,2022.0,OUT018,Tier 3,Medium,Supermarket Type2,0.08511,15.3,215.7218,4.2
Regular,FDI02,Canned,2022.0,OUT018,Tier 3,Medium,Supermarket Type2,0.115032,15.7,114.1202,4.2
Regular,FDQ26,Dairy,2022.0,OUT018,Tier 3,Medium,Supermarket Type2,0.068149,13.5,58.6562,4.2
Regular,FDB40,Dairy,2022.0,OUT018,Tier 3,Medium,Supermarket Type2,0.007571,17.5,144.6102,4.2
Regular,FDG41,Frozen Foods,2022.0,OUT018,Tier 3,Medium,Supermarket Type2,0.076874,8.84,109.9228,4.2
Regular,FDR55,Fruits and Vegetables,2022.0,OUT018,Tier 3,Medium,Supermarket Type2,0.132622,12.15,190.1872,4.2
Regular,FDY44,Fruits and Vegetables,2022.0,OUT018,Tier 3,Medium,Supermarket Type2,0.024504,14.15,195.111,4.2
Regular,FDH45,Fruits and Vegetables,2022.0,OUT018,Tier 3,Medium,Supermarket Type2,0.106097,15.1,43.2796,4.2
Regular,FDZ07,Fruits and Vegetables,2022.0,OUT018,Tier 3,Medium,Supermarket Type2,0.0,15.1,63.7194,4.2
Regular,FDD56,Fruits and Vegetables,2022.0,OUT018,Tier 3,Medium,Supermarket Type2,0.104202,15.2,176.5054,4.2
Regular,FDQ32,Fruits and Vegetables,2022.0,OUT018,Tier 3,Medium,Supermarket Type2,0.046798,17.85,123.8388,4.2
Regular,FDY03,Meat,2022.0,OUT018,Tier 3,Medium,Supermarket Type2,0.076432,17.6,113.2202,4.2
Regular,FDL03,Meat,2022.0,OUT018,Tier 3,Medium,Supermarket Type2,0.027191,19.25,194.811,4.2
Regular,FDJ57,Seafood,2022.0,OUT018,Tier 3,Medium,Supermarket Type2,0.021662,7.42,187.7582,4.2
Regular,FDI21,Snack Foods,2022.0,OUT018,Tier 3,Medium,Supermarket Type2,0.056833,5.59,61.9168,4.2
Regular,FDL58,Snack Foods,2022.0,OUT018,Tier 3,Medium,Supermarket Type2,0.074451,5.78,264.5568,4.2
Regular,FDU10,Snack Foods,2022.0,OUT018,Tier 3,Medium,Supermarket Type2,0.045878,10.1,38.5848,4.2
Regular,FDR34,Snack Foods,2022.0,OUT018,Tier 3,Medium,Supermarket Type2,0.01603,17.0,228.0352,4.2
Regular,FDY57,Snack Foods,2022.0,OUT018,Tier 3,Medium,Supermarket Type2,0.121748,20.2,96.9752,4.2
Regular,FDB35,Starchy Foods,2022.0,OUT018,Tier 3,Medium,Supermarket Type2,0.064882,12.3,93.8804,4.2
Low Fat,NCE42,Household,2022.0,OUT018,Tier 3,Medium,Supermarket Type2,0.0,21.1,233.2958,4.2
Regular,FDT23,Breads,2022.0,OUT018,Tier 3,Medium,Supermarket Type2,0.075036,7.72,78.7986,4.2
Regular,FDV16,Frozen Foods,2022.0,OUT018,Tier 3,Medium,Supermarket Type2,0.083269,7.75,32.9558,4.2
Regular,FDW57,Snack Foods,2022.0,OUT018,Tier 3,Medium,Supermarket Type2,0.116149,8.31,176.0028,4.2
Regular,FDF11,Starchy Foods,2022.0,OUT018,Tier 3,Medium,Supermarket Type2,0.017703,10.195,239.4538,4.2
Low Fat,FDN24,Baking Goods,2018.0,OUT027,Tier 3,Medium,Supermarket Type3,0.112719,12.6,54.2956,4.2
Low Fat,FDA23,Baking Goods,2018.0,OUT027,Tier 3,Medium,Supermarket Type3,0.046959,12.6,101.3016,4.2
Low Fat,FDA36,Baking Goods,2018.0,OUT027,Tier 3,Medium,Supermarket Type3,0.005639,12.6,184.9924,4.2
Low Fat,FDK48,Baking Goods,2018.0,OUT027,Tier 3,Medium,Supermarket Type3,0.03745,12.6,76.7354,4.2
Low Fat,FDZ60,Baking Goods,2018.0,OUT027,Tier 3,Medium,Supermarket Type3,0.118784,12.6,108.5596,4.2
Low Fat,FDO37,Breakfast,2018.0,OUT027,Tier 3,Medium,Supermarket Type3,0.021273,12.6,229.1326,4.2
Low Fat,DRI51,Dairy,2018.0,OUT027,Tier 3,Medium,Supermarket Type3,0.042037,12.6,172.6764,4.2
Low Fat,FDB52,Dairy,2018.0,OUT027,Tier 3,Medium,Supermarket Type3,0.030288,12.6,256.7672,4.2
Low Fat,FDB05,Frozen Foods,2018.0,OUT027,Tier 3,Medium,Supermarket Type3,0.082795,12.6,245.8776,4.2
Low Fat,FDA20,Fruits and Vegetables,2018.0,OUT027,Tier 3,Medium,Supermarket Type3,0.066298,12.6,186.824,4.2
Low Fat,FDH32,Fruits and Vegetables,2018.0,OUT027,Tier 3,Medium,Supermarket Type3,0.075692,12.6,98.241,4.2
Low Fat,FDL08,Fruits and Vegetables,2018.0,OUT027,Tier 3,Medium,Supermarket Type3,0.049478,12.6,245.4144,4.2
Low Fat,FDP56,Fruits and Vegetables,2018.0,OUT027,Tier 3,Medium,Supermarket Type3,0.046259,12.6,47.4692,4.2
Low Fat,FDV43,Fruits and Vegetables,2018.0,OUT027,Tier 3,Medium,Supermarket Type3,0.076483,12.6,43.4086,4.2
Low Fat,DRJ47,Hard Drinks,2018.0,OUT027,Tier 3,Medium,Supermarket Type3,0.044036,12.6,173.308,4.2
Low Fat,NCB42,Health and Hygiene,2018.0,OUT027,Tier 3,Medium,Supermarket Type3,0.00852,12.6,116.9492,4.2
Low Fat,NCI17,Health and Hygiene,2018.0,OUT027,Tier 3,Medium,Supermarket Type3,0.142728,12.6,95.141,4.2
Low Fat,NCL29,Health and Hygiene,2018.0,OUT027,Tier 3,Medium,Supermarket Type3,0.113388,12.6,156.9604,4.2
Low Fat,NCM17,Health and Hygiene,2018.0,OUT027,Tier 3,Medium,Supermarket Type3,0.070791,12.6,46.4086,4.2
Low Fat,NCS53,Health and Hygiene,2018.0,OUT027,Tier 3,Medium,Supermarket Type3,0.089343,12.6,157.3604,4.2
Low Fat,NCW29,Health and Hygiene,2018.0,OUT027,Tier 3,Medium,Supermarket Type3,0.028723,12.6,131.831,4.2
Low Fat,NCY29,Health and Hygiene,2018.0,OUT027,Tier 3,Medium,Supermarket Type3,0.07686,12.6,55.993,4.2
Low Fat,NCE54,Household,2018.0,OUT027,Tier 3,Medium,Supermarket Type3,0.02677,12.6,77.0354,4.2
Low Fat,NCI18,Household,2018.0,OUT027,Tier 3,Medium,Supermarket Type3,0.013956,12.6,222.3746,4.2
Low Fat,NCN18,Household,2018.0,OUT027,Tier 3,Medium,Supermarket Type3,0.124111,12.6,111.7544,4.2
Low Fat,FDK27,Meat,2018.0,OUT027,Tier 3,Medium,Supermarket Type3,0.008903,12.6,120.9756,4.2
Low Fat,NCI31,Others,2018.0,OUT027,Tier 3,Medium,Supermarket Type3,0.080933,12.6,37.519,4.2
Low Fat,FDB59,Snack Foods,2018.0,OUT027,Tier 3,Medium,Supermarket Type3,0.015205,12.6,197.2084,4.2
Low Fat,FDE58,Snack Foods,2018.0,OUT027,Tier 3,Medium,Supermarket Type3,0.0,12.6,119.8124,4.2
Low Fat,FDM21,Snack Foods,2018.0,OUT027,Tier 3,Medium,Supermarket Type3,0.064052,12.6,256.1646,4.2
Low Fat,FDN57,Snack Foods,2018.0,OUT027,Tier 3,Medium,Supermarket Type3,0.053972,12.6,141.2154,4.2
Low Fat,FDR45,Snack Foods,2018.0,OUT027,Tier 3,Medium,Supermarket Type3,0.0,12.6,240.6222,4.2
Low Fat,FDT46,Snack Foods,2018.0,OUT027,Tier 3,Medium,Supermarket Type3,0.030658,12.6,50.5008,4.2
Low Fat,FDT57,Snack Foods,2018.0,OUT027,Tier 3,Medium,Supermarket Type3,0.018943,12.6,236.0248,4.2
Low Fat,FDZ58,Snack Foods,2018.0,OUT027,Tier 3,Medium,Supermarket Type3,0.051924,12.6,121.0072,4.2
Low Fat,DRI25,Soft Drinks,2018.0,OUT027,Tier 3,Medium,Supermarket Type3,0.033737,12.6,56.6614,4.2
Low Fat,DRJ37,Soft Drinks,2018.0,OUT027,Tier 3,Medium,Supermarket Type3,0.060805,12.6,150.8024,4.2
Low Fat,FDC35,Starchy Foods,2018.0,OUT027,Tier 3,Medium,Supermarket Type3,0.122243,12.6,207.5638,4.2
Regular,FDA35,Baking Goods,2018.0,OUT027,Tier 3,Medium,Supermarket Type3,0.053577,12.6,122.2072,4.2
Regular,FDM24,Baking Goods,2018.0,OUT027,Tier 3,Medium,Supermarket Type3,0.078943,12.6,152.7366,4.2
Regular,FDU12,Baking Goods,2018.0,OUT027,Tier 3,Medium,Supermarket Type3,0.075384,12.6,262.7568,4.2
Regular,FDT11,Breads,2018.0,OUT027,Tier 3,Medium,Supermarket Type3,0.02923,12.6,189.4556,4.2
Regular,FDE50,Canned,2018.0,OUT027,Tier 3,Medium,Supermarket Type3,0.016127,12.6,189.3556,4.2
Regular,FDY37,Canned,2018.0,OUT027,Tier 3,Medium,Supermarket Type3,0.02644,12.6,143.647,4.2
Regular,FDI27,Dairy,2018.0,OUT027,Tier 3,Medium,Supermarket Type3,0.045764,12.6,43.8744,4.2
Regular,FDL39,Dairy,2018.0,OUT027,Tier 3,Medium,Supermarket Type3,0.063025,12.6,181.6318,4.2
Regular,FDW26,Dairy,2018.0,OUT027,Tier 3,Medium,Supermarket Type3,0.106539,12.6,222.3772,4.2
Regular,FDE05,Frozen Foods,2018.0,OUT027,Tier 3,Medium,Supermarket Type3,0.032297,12.6,144.0102,4.2
Regular,FDW04,Frozen Foods,2018.0,OUT027,Tier 3,Medium,Supermarket Type3,0.0,12.6,130.531,4.2
Regular,FDR55,Fruits and Vegetables,2018.0,OUT027,Tier 3,Medium,Supermarket Type3,0.131444,12.6,189.1872,4.2
Regular,FDZ43,Fruits and Vegetables,2018.0,OUT027,Tier 3,Medium,Supermarket Type3,0.056782,12.6,241.2512,4.2
Regular,FDE10,Snack Foods,2018.0,OUT027,Tier 3,Medium,Supermarket Type3,0.089513,12.6,133.1626,4.2
Regular,FDJ58,Snack Foods,2018.0,OUT027,Tier 3,Medium,Supermarket Type3,0.104786,12.6,172.2764,4.2
Regular,FDM22,Snack Foods,2018.0,OUT027,Tier 3,Medium,Supermarket Type3,0.041755,12.6,53.464,4.2
Regular,FDU21,Snack Foods,2018.0,OUT027,Tier 3,Medium,Supermarket Type3,0.076349,12.6,32.8558,4.2
Low Fat,FDA15,Dairy,2012.0,OUT049,Tier 1,Medium,Supermarket Type1,0.016047,9.3,249.8092,4.1
Regular,FDW12,Baking Goods,2018.0,OUT027,Tier 3,Medium,Supermarket Type3,0.0354,12.6,144.5444,4.1
Low Fat,NCX29,Health and Hygiene,2012.0,OUT049,Tier 1,Medium,Supermarket Type1,0.089291,10.0,146.7102,4.1
Regular,DRZ11,Soft Drinks,2022.0,OUT018,Tier 3,Medium,Supermarket Type2,0.113124,8.85,122.5388,4.1
Low Fat,NCL17,Health and Hygiene,2016.0,OUT046,Tier 1,Small,Supermarket Type1,0.06778,7.39,143.8812,4.1
Low Fat,FDA44,Fruits and Vegetables,2017.0,OUT035,Tier 2,Small,Supermarket Type1,0.053213,19.7,57.893,4.1
Low Fat,FDW11,Breads,2020.0,OUT017,Tier 2,Small,Supermarket Type1,0.049058,12.6,62.7194,4.1
Low Fat,NCO55,Others,2015.0,OUT045,Tier 2,Small,Supermarket Type1,0.091222,12.8,105.5938,4.1
Low Fat,FDV25,Canned,2022.0,OUT018,Tier 3,Medium,Supermarket Type2,0.045838,5.905,222.5456,4.1
Low Fat,NCM53,Health and Hygiene,2015.0,OUT045,Tier 2,Small,Supermarket Type1,0.052146,18.75,104.628,4.1
Low Fat,FDA39,Meat,2017.0,OUT035,Tier 2,Small,Supermarket Type1,0.0,6.32,40.2822,4.1
Regular,FDC60,Baking Goods,2020.0,OUT017,Tier 2,Small,Supermarket Type1,0.11512,5.425,88.3514,4.1
Low Fat,FDT25,Canned,2020.0,OUT017,Tier 2,Small,Supermarket Type1,0.051038,7.5,121.7072,4.1
Low Fat,FDF05,Frozen Foods,2020.0,OUT017,Tier 2,Small,Supermarket Type1,0.027023,17.5,262.491,4.1
Regular,FDJ34,Snack Foods,2014.0,OUT013,Tier 3,High,Supermarket Type1,0.093578,11.8,125.9704,4.1
Low Fat,FDN01,Breakfast,2015.0,OUT045,Tier 2,Small,Supermarket Type1,0.072546,8.895,176.237,4.1
Regular,FDY03,Meat,2020.0,OUT017,Tier 2,Small,Supermarket Type1,0.076552,17.6,110.5202,4.1
Regular,FDV13,Canned,2018.0,OUT027,Tier 3,Medium,Supermarket Type3,0.027477,12.6,87.9856,4.1
Low Fat,FDY31,Fruits and Vegetables,2018.0,OUT027,Tier 3,Medium,Supermarket Type3,0.043352,12.6,146.6418,4.1
Regular,FDO01,Breakfast,2018.0,OUT027,Tier 3,Medium,Supermarket Type3,0.020618,12.6,129.3994,4.1
Regular,FDR24,Baking Goods,2014.0,OUT013,Tier 3,High,Supermarket Type1,0.062799,17.35,88.183,4.1
Regular,FDH40,Frozen Foods,2016.0,OUT046,Tier 1,Small,Supermarket Type1,0.07893,11.6,79.9276,4.1
Low Fat,FDX60,Baking Goods,2015.0,OUT045,Tier 2,Small,Supermarket Type1,0.080758,14.35,81.896,4.1
Low Fat,FDT22,Snack Foods,2012.0,OUT049,Tier 1,Medium,Supermarket Type1,0.112271,10.395,58.222,4.1
Regular,FDF45,Fruits and Vegetables,2014.0,OUT013,Tier 3,High,Supermarket Type1,0.012195,18.2,57.7904,4.1
Regular,FDW07,Fruits and Vegetables,2016.0,OUT046,Tier 1,Small,Supermarket Type1,0.142689,18.0,88.5514,4.1
Low Fat,NCF18,Household,2015.0,OUT045,Tier 2,Small,Supermarket Type1,0.089163,18.35,191.3504,4.1
Regular,FDM60,Baking Goods,2016.0,OUT046,Tier 1,Small,Supermarket Type1,0.048143,10.8,40.2138,4.1
Low Fat,NCZ42,Household,2011.0,OUT010,Tier 3,Small,Grocery Store,0.0,10.5,238.3248,4.1
Low Fat,FDR04,Frozen Foods,2011.0,OUT010,Tier 3,Small,Grocery Store,0.037772,7.075,98.0068,4.1
Low Fat,FDV39,Meat,2022.0,OUT018,Tier 3,Medium,Supermarket Type2,0.00731,11.3,196.2426,4.1
Regular,FDB29,Frozen Foods,2015.0,OUT045,Tier 2,Small,Supermarket Type1,0.052518,16.7,115.4176,4.1
Low Fat,FDH16,Frozen Foods,2020.0,OUT017,Tier 2,Small,Supermarket Type1,0.052853,10.5,88.783,4.1
Low Fat,NCO30,Household,2015.0,OUT045,Tier 2,Small,Supermarket Type1,0.015757,19.5,185.0608,4.1
Regular,FDO11,Breads,2018.0,OUT027,Tier 3,Medium,Supermarket Type3,0.030118,12.6,248.8092,4.1
Low Fat,DRL23,Hard Drinks,2015.0,OUT045,Tier 2,Medium,Supermarket Type1,0.015335,18.35,106.6938,4.1
Low Fat,NCI29,Health and Hygiene,2022.0,OUT018,Tier 3,Medium,Supermarket Type2,0.032754,8.6,140.5154,4.1
Regular,FDN16,Frozen Foods,2014.0,OUT013,Tier 3,High,Supermarket Type1,0.062648,12.6,104.899,4.1
Regular,FDJ21,Snack Foods,2015.0,OUT045,Tier 2,Medium,Supermarket Type1,0.038606,16.7,146.5102,4.1
Low Fat,FDZ22,Snack Foods,2015.0,OUT045,Tier 2,Medium,Supermarket Type1,0.045362,9.395,83.825,4.1
Low Fat,FDR08,Fruits and Vegetables,2015.0,OUT045,Tier 2,Medium,Supermarket Type1,0.037699,18.7,110.2886,4.1
Low Fat,FDW49,Canned,2015.0,OUT045,Tier 2,Medium,Supermarket Type1,0.08272,19.5,179.3002,4.1
Low Fat,FDK14,Canned,2016.0,OUT046,Tier 1,Small,Supermarket Type1,0.041106,6.98,83.4934,4.1
Regular,FDM01,Breakfast,2017.0,OUT035,Tier 2,Small,Supermarket Type1,0.094549,7.895,102.6332,4.1
Low Fat,FDH32,Fruits and Vegetables,2016.0,OUT046,Tier 1,Small,Supermarket Type1,0.07606,12.8,95.141,4.1
Low Fat,NCQ02,Household,2014.0,OUT013,Tier 3,High,Supermarket Type1,0.00745,12.6,186.7556,4.1
Low Fat,NCV05,Health and Hygiene,2016.0,OUT046,Tier 1,Small,Supermarket Type1,0.030209,10.1,153.1656,4.1
Low Fat,NCQ38,Others,2022.0,OUT018,Tier 3,Medium,Supermarket Type2,0.013421,16.35,104.828,4.1
Low Fat,FDV02,Dairy,2018.0,OUT027,Tier 3,Medium,Supermarket Type3,0.060252,12.6,170.7106,4.1
Low Fat,FDP33,Snack Foods,2016.0,OUT046,Tier 1,Small,Supermarket Type1,0.089272,18.7,254.7672,4.1
Low Fat,FDK43,Meat,2022.0,OUT018,Tier 3,Medium,Supermarket Type2,0.02695,9.8,128.402,4.1
Low Fat,NCO06,Household,2022.0,OUT018,Tier 3,Medium,Supermarket Type2,0.108471,19.25,33.4558,4.1
Low Fat,FDR58,Snack Foods,2014.0,OUT013,Tier 3,High,Supermarket Type1,0.041887,6.675,92.1462,4.1
Low Fat,DRM37,Soft Drinks,2011.0,OUT010,Tier 3,Medium,Grocery Store,0.16135,15.35,196.6768,4.1
Low Fat,FDF52,Frozen Foods,2022.0,OUT018,Tier 3,Medium,Supermarket Type2,0.067055,9.3,184.2292,4.1
Regular,FDP48,Baking Goods,2018.0,OUT027,Tier 3,Medium,Supermarket Type3,0.04381,12.6,181.395,4.1
Low Fat,FDW56,Fruits and Vegetables,2011.0,OUT010,Tier 3,Medium,Grocery Store,0.118673,7.68,192.2162,4.1
Regular,FDM36,Baking Goods,2018.0,OUT027,Tier 3,Medium,Supermarket Type3,0.058446,12.6,172.1422,4.1
Low Fat,FDZ48,Baking Goods,2012.0,OUT049,Tier 1,Medium,Supermarket Type1,0.076078,17.75,112.4544,4.1
Low Fat,FDP56,Fruits and Vegetables,2012.0,OUT049,Tier 1,Medium,Supermarket Type1,0.046556,8.185,47.7692,4.1
Low Fat,FDL36,Baking Goods,2012.0,OUT049,Tier 1,Medium,Supermarket Type1,0.076194,15.1,89.783,4.1
Low Fat,FDW35,Breads,2012.0,OUT049,Tier 1,Medium,Supermarket Type1,0.011106,10.6,42.7454,4.1
Low Fat,FDT25,Canned,2012.0,OUT049,Tier 1,Medium,Supermarket Type1,0.05083,7.5,122.7072,4.1
Low Fat,FDI14,Canned,2012.0,OUT049,Tier 1,Medium,Supermarket Type1,0.089817,14.1,142.7496,4.1
Low Fat,DRF03,Dairy,2012.0,OUT049,Tier 1,Medium,Supermarket Type1,0.045379,19.1,42.4138,4.1
Low Fat,FDV14,Dairy,2012.0,OUT049,Tier 1,Medium,Supermarket Type1,0.044567,19.85,88.5856,4.1
Low Fat,FDB17,Frozen Foods,2012.0,OUT049,Tier 1,Medium,Supermarket Type1,0.036729,13.15,179.7976,4.1
Low Fat,FDI28,Frozen Foods,2012.0,OUT049,Tier 1,Medium,Supermarket Type1,0.026363,14.3,78.3302,4.1
Low Fat,FDG16,Frozen Foods,2012.0,OUT049,Tier 1,Medium,Supermarket Type1,0.089956,15.25,217.1192,4.1
Low Fat,FDO40,Frozen Foods,2012.0,OUT049,Tier 1,Medium,Supermarket Type1,0.032679,17.1,150.7392,4.1
Low Fat,FDG29,Frozen Foods,2012.0,OUT049,Tier 1,Medium,Supermarket Type1,0.056379,17.6,42.7454,4.1
Low Fat,FDB20,Fruits and Vegetables,2012.0,OUT049,Tier 1,Medium,Supermarket Type1,0.052061,7.72,76.7986,4.1
Low Fat,NCS29,Health and Hygiene,2012.0,OUT049,Tier 1,Medium,Supermarket Type1,0.069654,9.0,266.2884,4.1
Low Fat,NCP17,Health and Hygiene,2012.0,OUT049,Tier 1,Medium,Supermarket Type1,0.027757,19.35,62.5168,4.1
Low Fat,NCF43,Household,2012.0,OUT049,Tier 1,Medium,Supermarket Type1,0.0,8.51,142.147,4.1
Low Fat,NCH18,Household,2012.0,OUT049,Tier 1,Medium,Supermarket Type1,0.044731,9.3,245.1802,4.1
Low Fat,NCW18,Household,2012.0,OUT049,Tier 1,Medium,Supermarket Type1,0.059417,15.1,237.9248,4.1
Low Fat,NCK07,Others,2012.0,OUT049,Tier 1,Medium,Supermarket Type1,0.048762,10.65,165.2526,4.1
Low Fat,FDR58,Snack Foods,2012.0,OUT049,Tier 1,Medium,Supermarket Type1,0.041987,6.675,93.2462,4.1
Low Fat,FDE34,Snack Foods,2012.0,OUT049,Tier 1,Medium,Supermarket Type1,0.108059,9.195,181.7634,4.1
Low Fat,FDZ45,Snack Foods,2012.0,OUT049,Tier 1,Medium,Supermarket Type1,0.06698,14.1,196.7084,4.1
Low Fat,DRK12,Soft Drinks,2012.0,OUT049,Tier 1,Medium,Supermarket Type1,0.041951,9.5,32.49,4.1
Low Fat,DRF36,Soft Drinks,2012.0,OUT049,Tier 1,Medium,Supermarket Type1,0.023614,16.1,192.8846,4.1
Regular,FDG12,Baking Goods,2012.0,OUT049,Tier 1,Medium,Supermarket Type1,0.006336,6.635,121.8098,4.1
Regular,FDJ36,Baking Goods,2012.0,OUT049,Tier 1,Medium,Supermarket Type1,0.128459,14.5,102.0332,4.1
Regular,FDT47,Breads,2012.0,OUT049,Tier 1,Medium,Supermarket Type1,0.024547,5.26,95.7068,4.1
Regular,FDZ35,Breads,2012.0,OUT049,Tier 1,Medium,Supermarket Type1,0.0,9.6,101.699,4.1
Regular,FDI50,Canned,2012.0,OUT049,Tier 1,Medium,Supermarket Type1,0.030891,8.42,228.7352,4.1
Regular,FDK03,Dairy,2012.0,OUT049,Tier 1,Medium,Supermarket Type1,0.074035,12.6,256.1356,4.1
Regular,FDL39,Dairy,2012.0,OUT049,Tier 1,Medium,Supermarket Type1,0.06343,16.1,179.4318,4.1
Regular,FDW52,Frozen Foods,2012.0,OUT049,Tier 1,Medium,Supermarket Type1,0.037581,14.0,162.6526,4.1
Regular,FDS56,Fruits and Vegetables,2012.0,OUT049,Tier 1,Medium,Supermarket Type1,0.038817,5.785,262.6252,4.1
Regular,FDA07,Fruits and Vegetables,2012.0,OUT049,Tier 1,Medium,Supermarket Type1,0.030993,7.55,124.3072,4.1
Regular,FDG08,Fruits and Vegetables,2012.0,OUT049,Tier 1,Medium,Supermarket Type1,0.165616,13.15,172.6764,4.1
Regular,FDH45,Fruits and Vegetables,2012.0,OUT049,Tier 1,Medium,Supermarket Type1,0.105831,15.1,41.6796,4.1
Regular,FDQ27,Meat,2012.0,OUT049,Tier 1,Medium,Supermarket Type1,0.044321,5.19,103.899,4.1
Regular,FDW27,Meat,2012.0,OUT049,Tier 1,Medium,Supermarket Type1,0.151088,5.86,155.1314,4.1
Regular,FDQ15,Meat,2012.0,OUT049,Tier 1,Medium,Supermarket Type1,0.151308,20.35,81.7276,4.1
Regular,FDC22,Snack Foods,2012.0,OUT049,Tier 1,Medium,Supermarket Type1,0.0,6.89,193.482,4.1
Regular,FDN46,Snack Foods,2012.0,OUT049,Tier 1,Medium,Supermarket Type1,0.144856,7.21,100.5332,4.1
Regular,FDS21,Snack Foods,2012.0,OUT049,Tier 1,Medium,Supermarket Type1,0.020909,19.85,63.5194,4.1
Regular,DRL01,Soft Drinks,2012.0,OUT049,Tier 1,Medium,Supermarket Type1,0.077292,19.5,235.3958,4.1
Regular,FDG35,Starchy Foods,2012.0,OUT049,Tier 1,Medium,Supermarket Type1,0.0,21.2,173.6738,4.1
Low Fat,FDQ23,Breads,2018.0,OUT019,Tier 1,Small,Grocery Store,0.042942,12.6,102.9332,4.1
Low Fat,FDW01,Canned,2018.0,OUT019,Tier 1,Small,Grocery Store,0.112162,12.6,154.4682,4.1
Low Fat,FDF52,Frozen Foods,2018.0,OUT019,Tier 1,Small,Grocery Store,0.116929,12.6,183.3292,4.1
Low Fat,FDO28,Frozen Foods,2018.0,OUT019,Tier 1,Small,Grocery Store,0.126585,12.6,122.4098,4.1
Low Fat,NCA53,Health and Hygiene,2018.0,OUT019,Tier 1,Small,Grocery Store,0.017296,12.6,47.1034,4.1
Low Fat,NCL41,Health and Hygiene,2018.0,OUT019,Tier 1,Small,Grocery Store,0.073077,12.6,34.3216,4.1
Low Fat,NCS29,Health and Hygiene,2018.0,OUT019,Tier 1,Small,Grocery Store,0.121765,12.6,264.1884,4.1
Low Fat,NCZ05,Health and Hygiene,2018.0,OUT019,Tier 1,Small,Grocery Store,0.101782,12.6,104.699,4.1
Low Fat,NCH07,Household,2018.0,OUT019,Tier 1,Small,Grocery Store,0.162248,12.6,160.4604,4.1
Low Fat,NCM54,Household,2018.0,OUT019,Tier 1,Small,Grocery Store,0.089188,12.6,128.9678,4.1
Low Fat,NCQ42,Household,2018.0,OUT019,Tier 1,Small,Grocery Store,0.068754,12.6,127.9678,4.1
Low Fat,NCW42,Household,2018.0,OUT019,Tier 1,Small,Grocery Store,0.102372,12.6,221.2456,4.1
Low Fat,FDK45,Seafood,2018.0,OUT019,Tier 1,Small,Grocery Store,0.059281,12.6,111.586,4.1
Low Fat,FDC47,Snack Foods,2018.0,OUT019,Tier 1,Small,Grocery Store,0.208162,12.6,228.1694,4.1
Low Fat,FDD46,Snack Foods,2018.0,OUT019,Tier 1,Small,Grocery Store,0.247321,12.6,152.3998,4.1
Low Fat,FDH34,Snack Foods,2018.0,OUT019,Tier 1,Small,Grocery Store,0.054444,12.6,184.6582,4.1
Low Fat,FDQ57,Snack Foods,2018.0,OUT019,Tier 1,Small,Grocery Store,0.048933,12.6,144.476,4.1
Low Fat,FDR46,Snack Foods,2018.0,OUT019,Tier 1,Small,Grocery Store,0.244102,12.6,148.076,4.1
Low Fat,FDV09,Snack Foods,2018.0,OUT019,Tier 1,Small,Grocery Store,0.036013,12.6,148.0734,4.1
Low Fat,FDZ10,Snack Foods,2018.0,OUT019,Tier 1,Small,Grocery Store,0.07785,12.6,127.202,4.1
Regular,FDB49,Baking Goods,2018.0,OUT019,Tier 1,Small,Grocery Store,0.052791,12.6,98.5384,4.1
Regular,FDR12,Baking Goods,2018.0,OUT019,Tier 1,Small,Grocery Store,0.055213,12.6,172.4764,4.1
Regular,FDX47,Breads,2018.0,OUT019,Tier 1,Small,Grocery Store,0.060588,12.6,156.8288,4.1
Regular,FDK26,Canned,2018.0,OUT019,Tier 1,Small,Grocery Store,0.056338,12.6,184.624,4.1
Regular,FDV01,Canned,2018.0,OUT019,Tier 1,Small,Grocery Store,0.148737,12.6,155.1314,4.1
Regular,FDB04,Dairy,2018.0,OUT019,Tier 1,Small,Grocery Store,0.110701,12.6,88.6856,4.1
Regular,FDF57,Fruits and Vegetables,2018.0,OUT019,Tier 1,Small,Grocery Store,0.102999,12.6,169.9448,4.1
Regular,FDQ08,Fruits and Vegetables,2018.0,OUT019,Tier 1,Small,Grocery Store,0.033145,12.6,62.7536,4.1
Regular,FDU44,Fruits and Vegetables,2018.0,OUT019,Tier 1,Small,Grocery Store,0.102296,12.6,162.3552,4.1
Regular,FDX32,Fruits and Vegetables,2018.0,OUT019,Tier 1,Small,Grocery Store,0.174839,12.6,142.8786,4.1
Regular,FDS27,Meat,2018.0,OUT019,Tier 1,Small,Grocery Store,0.021813,12.6,194.711,4.1
Regular,FDO10,Snack Foods,2018.0,OUT019,Tier 1,Small,Grocery Store,0.0,12.6,58.7588,4.1
Regular,FDY16,Frozen Foods,2018.0,OUT019,Tier 1,Small,Grocery Store,0.161477,12.6,186.2266,4.1
Low Fat,FDX02,Dairy,2016.0,OUT046,Tier 1,Small,Supermarket Type1,0.05706,16.0,225.0404,4.1
Low Fat,NCO54,Household,2016.0,OUT046,Tier 1,Small,Supermarket Type1,0.014274,19.5,55.6614,4.1
Low Fat,FDY48,Baking Goods,2016.0,OUT046,Tier 1,Small,Supermarket Type1,0.023735,14.0,103.2332,4.1
Low Fat,FDN24,Baking Goods,2016.0,OUT046,Tier 1,Small,Supermarket Type1,0.113267,14.1,54.5956,4.1
Low Fat,FDO60,Baking Goods,2016.0,OUT046,Tier 1,Small,Supermarket Type1,0.03437,20.0,43.7086,4.1
Low Fat,FDG60,Baking Goods,2016.0,OUT046,Tier 1,Small,Supermarket Type1,0.0607,20.35,233.3616,4.1
Low Fat,FDQ37,Breakfast,2016.0,OUT046,Tier 1,Small,Supermarket Type1,0.089261,20.75,193.4478,4.1
Low Fat,FDW25,Canned,2016.0,OUT046,Tier 1,Small,Supermarket Type1,0.037399,5.175,84.2224,4.1
Low Fat,FDB16,Dairy,2016.0,OUT046,Tier 1,Small,Supermarket Type1,0.044926,8.21,86.0198,4.1
Low Fat,FDX14,Dairy,2016.0,OUT046,Tier 1,Small,Supermarket Type1,0.07494,13.1,75.0354,4.1
Low Fat,DRG03,Dairy,2016.0,OUT046,Tier 1,Small,Supermarket Type1,0.061987,14.5,153.0998,4.1
Low Fat,DRF15,Dairy,2016.0,OUT046,Tier 1,Small,Supermarket Type1,0.033214,18.35,154.934,4.1
Low Fat,DRH39,Dairy,2016.0,OUT046,Tier 1,Small,Supermarket Type1,0.0,20.7,78.467,4.1
Low Fat,FDJ28,Frozen Foods,2016.0,OUT046,Tier 1,Small,Supermarket Type1,0.021861,12.3,193.3162,4.1
Low Fat,FDF04,Frozen Foods,2016.0,OUT046,Tier 1,Small,Supermarket Type1,0.013637,17.5,258.5304,4.1
Low Fat,FDP16,Frozen Foods,2016.0,OUT046,Tier 1,Small,Supermarket Type1,0.039295,18.6,246.6802,4.1
Low Fat,FDT31,Fruits and Vegetables,2016.0,OUT046,Tier 1,Small,Supermarket Type1,0.012448,19.75,188.2872,4.1
Low Fat,DRM47,Hard Drinks,2016.0,OUT046,Tier 1,Small,Supermarket Type1,0.043786,9.3,191.6846,4.1
Low Fat,NCY41,Health and Hygiene,2016.0,OUT046,Tier 1,Small,Supermarket Type1,0.075736,16.75,34.5532,4.1
Low Fat,NCX42,Household,2016.0,OUT046,Tier 1,Small,Supermarket Type1,0.005979,6.36,163.6526,4.1
Low Fat,NCY54,Household,2016.0,OUT046,Tier 1,Small,Supermarket Type1,0.177695,8.43,171.1422,4.1
Low Fat,NCF07,Household,2016.0,OUT046,Tier 1,Small,Supermarket Type1,0.032023,9.0,101.8016,4.1
Low Fat,NCD07,Household,2016.0,OUT046,Tier 1,Small,Supermarket Type1,0.0,9.1,114.4518,4.1
Low Fat,NCF31,Household,2016.0,OUT046,Tier 1,Small,Supermarket Type1,0.051847,9.13,152.8024,4.1
Low Fat,NCQ06,Household,2016.0,OUT046,Tier 1,Small,Supermarket Type1,0.041825,13.0,256.7014,4.1
Low Fat,NCI54,Household,2016.0,OUT046,Tier 1,Small,Supermarket Type1,0.033599,15.2,107.7912,4.1
Low Fat,NCR18,Household,2016.0,OUT046,Tier 1,Small,Supermarket Type1,0.020488,15.85,44.0112,4.1
Low Fat,NCA54,Household,2016.0,OUT046,Tier 1,Small,Supermarket Type1,0.036642,16.5,178.7318,4.1
Low Fat,NCA30,Household,2016.0,OUT046,Tier 1,Small,Supermarket Type1,0.0,19.0,189.1872,4.1
Low Fat,FDI57,Seafood,2016.0,OUT046,Tier 1,Small,Supermarket Type1,0.054026,19.85,197.2768,4.1
Low Fat,FDX34,Snack Foods,2016.0,OUT046,Tier 1,Small,Supermarket Type1,0.071986,6.195,122.2098,4.1
Low Fat,FDT34,Snack Foods,2016.0,OUT046,Tier 1,Small,Supermarket Type1,0.17435,9.3,104.4964,4.1
Low Fat,FDX58,Snack Foods,2016.0,OUT046,Tier 1,Small,Supermarket Type1,0.043764,13.15,183.095,4.1
Low Fat,FDM33,Snack Foods,2016.0,OUT046,Tier 1,Small,Supermarket Type1,0.08772,15.6,218.5798,4.1
Low Fat,FDR46,Snack Foods,2016.0,OUT046,Tier 1,Small,Supermarket Type1,0.139418,16.85,147.476,4.1
Low Fat,FDV46,Snack Foods,2016.0,OUT046,Tier 1,Small,Supermarket Type1,0.012608,18.2,139.818,4.1
Low Fat,DRK49,Soft Drinks,2016.0,OUT046,Tier 1,Small,Supermarket Type1,0.035944,14.15,40.5138,4.1
Low Fat,DRH36,Soft Drinks,2016.0,OUT046,Tier 1,Small,Supermarket Type1,0.03338,16.2,74.0696,4.1
Regular,FDQ48,Baking Goods,2016.0,OUT046,Tier 1,Small,Supermarket Type1,0.034411,14.3,98.6726,4.1
Regular,FDX47,Breads,2016.0,OUT046,Tier 1,Small,Supermarket Type1,0.034604,6.55,157.8288,4.1
Regular,FDM01,Breakfast,2016.0,OUT046,Tier 1,Small,Supermarket Type1,0.094567,7.895,104.5332,4.1
Regular,FDZ13,Canned,2016.0,OUT046,Tier 1,Small,Supermarket Type1,0.153495,7.84,48.935,4.1
Regular,FDA25,Canned,2016.0,OUT046,Tier 1,Small,Supermarket Type1,0.068126,16.5,101.199,4.1
Regular,FDZ14,Dairy,2016.0,OUT046,Tier 1,Small,Supermarket Type1,0.047589,7.71,122.4756,4.1
Regular,FDW14,Dairy,2016.0,OUT046,Tier 1,Small,Supermarket Type1,0.038212,8.3,87.7198,4.1
Regular,FDS02,Dairy,2016.0,OUT046,Tier 1,Small,Supermarket Type1,0.145867,10.195,194.0794,4.1
Regular,FDD52,Dairy,2016.0,OUT046,Tier 1,Small,Supermarket Type1,0.183295,18.25,111.657,4.1
Regular,FDV04,Frozen Foods,2016.0,OUT046,Tier 1,Small,Supermarket Type1,0.150015,7.825,157.5288,4.1
Regular,FDY40,Frozen Foods,2016.0,OUT046,Tier 1,Small,Supermarket Type1,0.085835,15.5,49.6692,4.1
Regular,FDR31,Fruits and Vegetables,2016.0,OUT046,Tier 1,Small,Supermarket Type1,0.049163,6.46,146.9102,4.1
Regular,FDY44,Fruits and Vegetables,2016.0,OUT046,Tier 1,Small,Supermarket Type1,0.024405,14.15,198.311,4.1
Regular,FDQ08,Fruits and Vegetables,2016.0,OUT046,Tier 1,Small,Supermarket Type1,0.01893,15.7,59.4536,4.1
Regular,FDW27,Meat,2016.0,OUT046,Tier 1,Small,Supermarket Type1,0.150853,5.86,156.0314,4.1
Regular,FDX51,Meat,2016.0,OUT046,Tier 1,Small,Supermarket Type1,0.022059,9.5,196.8452,4.1
Regular,FDW57,Snack Foods,2016.0,OUT046,Tier 1,Small,Supermarket Type1,0.0,8.31,177.4028,4.1
Regular,FDV33,Snack Foods,2016.0,OUT046,Tier 1,Small,Supermarket Type1,0.027344,9.6,257.8304,4.1
Regular,FDV57,Snack Foods,2016.0,OUT046,Tier 1,Small,Supermarket Type1,0.065897,15.25,179.266,4.1
Regular,FDU57,Snack Foods,2016.0,OUT046,Tier 1,Small,Supermarket Type1,0.089554,8.27,150.8708,4.1
Low Fat,FDA11,Baking Goods,2015.0,OUT045,Tier 2,Medium,Supermarket Type1,0.043327,7.75,95.6436,4.1
Low Fat,NCM18,Household,2015.0,OUT045,Tier 2,Medium,Supermarket Type1,0.08301,13.0,61.1194,4.1
Low Fat,FDD58,Snack Foods,2015.0,OUT045,Tier 2,Medium,Supermarket Type1,0.059473,7.76,98.77,4.1
Low Fat,FDG32,Fruits and Vegetables,2020.0,OUT017,Tier 2,Medium,Supermarket Type1,0.176991,19.85,221.5772,4.1
Low Fat,FDB11,Starchy Foods,2020.0,OUT017,Tier 2,Medium,Supermarket Type1,0.061192,16.0,224.1404,4.1
Low Fat,FDV24,Baking Goods,2015.0,OUT045,Tier 2,Medium,Supermarket Type1,0.103482,5.635,150.005,4.1
Low Fat,FDX24,Baking Goods,2015.0,OUT045,Tier 2,Medium,Supermarket Type1,0.013957,8.355,94.0462,4.1
Low Fat,FDP37,Breakfast,2015.0,OUT045,Tier 2,Medium,Supermarket Type1,0.143396,15.6,128.0994,4.1
Low Fat,FDF50,Canned,2015.0,OUT045,Tier 2,Medium,Supermarket Type1,0.117568,4.905,197.6768,4.1
Low Fat,FDY13,Canned,2015.0,OUT045,Tier 2,Medium,Supermarket Type1,0.030189,12.1,77.367,4.1
Low Fat,DRG15,Dairy,2015.0,OUT045,Tier 2,Medium,Supermarket Type1,0.076892,6.13,61.5536,4.1
Low Fat,DRE03,Dairy,2015.0,OUT045,Tier 2,Medium,Supermarket Type1,0.024276,19.6,45.3718,4.1
Low Fat,FDT40,Frozen Foods,2015.0,OUT045,Tier 2,Medium,Supermarket Type1,0.09599,5.985,127.3678,4.1
Low Fat,FDK04,Frozen Foods,2015.0,OUT045,Tier 2,Medium,Supermarket Type1,0.052418,7.36,56.5588,4.1
Low Fat,FDV40,Frozen Foods,2015.0,OUT045,Tier 2,Medium,Supermarket Type1,0.014722,17.35,73.1038,4.1
Low Fat,FDE09,Fruits and Vegetables,2015.0,OUT045,Tier 2,Medium,Supermarket Type1,0.021647,8.775,109.5228,4.1
Low Fat,FDL08,Fruits and Vegetables,2015.0,OUT045,Tier 2,Medium,Supermarket Type1,0.04982,10.8,243.2144,4.1
Low Fat,FDG32,Fruits and Vegetables,2015.0,OUT045,Tier 2,Medium,Supermarket Type1,0.176352,19.85,220.8772,4.1
Low Fat,NCU17,Health and Hygiene,2015.0,OUT045,Tier 2,Small,Supermarket Type1,0.093072,5.32,103.8674,4.1
Low Fat,NCN29,Health and Hygiene,2015.0,OUT045,Tier 2,Small,Supermarket Type1,0.012141,15.2,48.7034,4.1
Low Fat,NCE07,Household,2015.0,OUT045,Tier 2,Small,Supermarket Type1,0.0,8.18,140.5154,4.1
Low Fat,NCU42,Household,2015.0,OUT045,Tier 2,Small,Supermarket Type1,0.019546,9.0,168.1474,4.1
Low Fat,NCN26,Household,2015.0,OUT045,Tier 2,Small,Supermarket Type1,0.028738,10.85,117.1808,4.1
Low Fat,NCN42,Household,2015.0,OUT045,Tier 2,Small,Supermarket Type1,0.014251,20.25,148.6418,4.1
Low Fat,FDP39,Meat,2015.0,OUT045,Tier 2,Small,Supermarket Type1,0.069566,12.65,52.4324,4.1
Low Fat,FDV03,Meat,2015.0,OUT045,Tier 2,Small,Supermarket Type1,0.058209,17.6,153.6314,4.1
Low Fat,NCM31,Others,2015.0,OUT045,Tier 2,Small,Supermarket Type1,0.081361,6.095,141.9154,4.1
Low Fat,NCN07,Others,2015.0,OUT045,Tier 2,Small,Supermarket Type1,0.034014,18.5,133.2284,4.1
Low Fat,FDJ22,Snack Foods,2015.0,OUT045,Tier 2,Small,Supermarket Type1,0.052917,18.75,190.6504,4.1
Low Fat,DRC25,Soft Drinks,2015.0,OUT045,Tier 2,Small,Supermarket Type1,0.045464,5.73,85.2882,4.1
Low Fat,FDB11,Starchy Foods,2015.0,OUT045,Tier 2,Small,Supermarket Type1,0.060971,16.0,226.2404,4.1
Low Fat,FDN60,Baking Goods,2020.0,OUT017,Tier 2,Small,Supermarket Type1,0.095696,15.1,159.7604,4.1
Low Fat,FDP24,Baking Goods,2020.0,OUT017,Tier 2,Small,Supermarket Type1,0.083474,20.6,120.8756,4.1
Low Fat,FDS23,Breads,2020.0,OUT017,Tier 2,Small,Supermarket Type1,0.141686,4.635,126.9994,4.1
Low Fat,FDU11,Breads,2020.0,OUT017,Tier 2,Small,Supermarket Type1,0.093117,4.785,118.6098,4.1
Low Fat,FDO23,Breads,2020.0,OUT017,Tier 2,Small,Supermarket Type1,0.147256,17.85,93.7436,4.1
Low Fat,FDP37,Breakfast,2020.0,OUT017,Tier 2,Small,Supermarket Type1,0.143915,15.6,127.5994,4.1
Low Fat,FDK50,Canned,2020.0,OUT017,Tier 2,Small,Supermarket Type1,0.0,7.96,160.7894,4.1
Low Fat,FDS01,Canned,2020.0,OUT017,Tier 2,Small,Supermarket Type1,0.017845,11.6,179.0686,4.1
Low Fat,FDL26,Canned,2020.0,OUT017,Tier 2,Small,Supermarket Type1,0.073607,18.0,156.6972,4.1
Low Fat,DRC27,Dairy,2020.0,OUT017,Tier 2,Small,Supermarket Type1,0.058431,13.8,243.6802,4.1
Low Fat,FDI15,Dairy,2020.0,OUT017,Tier 2,Small,Supermarket Type1,0.142152,13.8,263.5884,4.1
Low Fat,FDS26,Dairy,2020.0,OUT017,Tier 2,Small,Supermarket Type1,0.089975,20.35,261.6594,4.1
Low Fat,FDN40,Frozen Foods,2020.0,OUT017,Tier 2,Small,Supermarket Type1,0.086946,5.88,152.9998,4.1
Low Fat,FDC28,Frozen Foods,2020.0,OUT017,Tier 2,Small,Supermarket Type1,0.0,7.905,109.1254,4.1
Low Fat,FDG16,Frozen Foods,2020.0,OUT017,Tier 2,Small,Supermarket Type1,0.090325,15.25,214.4192,4.1
Low Fat,FDC41,Frozen Foods,2020.0,OUT017,Tier 2,Small,Supermarket Type1,0.117575,15.6,75.667,4.1
Low Fat,FDZ52,Frozen Foods,2020.0,OUT017,Tier 2,Small,Supermarket Type1,0.100641,19.2,112.6886,4.1
Low Fat,FDX43,Fruits and Vegetables,2020.0,OUT017,Tier 2,Small,Supermarket Type1,0.085757,5.655,164.75,4.1
Low Fat,FDI56,Fruits and Vegetables,2020.0,OUT017,Tier 2,Small,Supermarket Type1,0.093914,7.325,93.2146,4.1
Low Fat,FDT08,Fruits and Vegetables,2020.0,OUT017,Tier 2,Small,Supermarket Type1,0.049497,13.65,151.505,4.1
Low Fat,DRM59,Hard Drinks,2020.0,OUT017,Tier 2,Small,Supermarket Type1,0.003612,5.88,154.2018,4.1
Low Fat,DRK35,Hard Drinks,2020.0,OUT017,Tier 2,Small,Supermarket Type1,0.072253,8.365,39.6506,4.1
Low Fat,NCK29,Health and Hygiene,2020.0,OUT017,Tier 2,Small,Supermarket Type1,0.12648,5.615,121.573,4.1
Low Fat,NCF43,Household,2020.0,OUT017,Tier 2,Small,Supermarket Type1,0.05224,8.51,141.947,4.1
Low Fat,NCO14,Household,2020.0,OUT017,Tier 2,Small,Supermarket Type1,0.029812,9.6,45.2086,4.1
Low Fat,NCE43,Household,2020.0,OUT017,Tier 2,Small,Supermarket Type1,0.104027,12.5,172.2448,4.1
Low Fat,NCI54,Household,2020.0,OUT017,Tier 2,High,Supermarket Type1,0.0,15.2,110.4912,4.1
Low Fat,NCP54,Household,2020.0,OUT017,Tier 2,High,Supermarket Type1,0.035348,15.35,124.673,4.1
Low Fat,NCD18,Household,2020.0,OUT017,Tier 2,High,Supermarket Type1,0.07308,16.0,228.4668,4.1
Low Fat,NCN54,Household,2020.0,OUT017,Tier 2,High,Supermarket Type1,0.021447,20.35,76.3328,4.1
Low Fat,FDV39,Meat,2020.0,OUT017,Tier 2,High,Supermarket Type1,0.007321,11.3,197.7426,4.1
Low Fat,FDK45,Seafood,2020.0,OUT017,Tier 2,High,Supermarket Type1,0.03405,11.65,112.286,4.1
Low Fat,FDY58,Snack Foods,2020.0,OUT017,Tier 2,High,Supermarket Type1,0.040144,11.65,228.9694,4.1
Low Fat,FDP10,Snack Foods,2020.0,OUT017,Tier 2,High,Supermarket Type1,0.128815,19.0,107.6622,4.1
Low Fat,FDM21,Snack Foods,2020.0,OUT017,Tier 2,High,Supermarket Type1,0.064728,20.2,258.0646,4.1
Low Fat,FDQ21,Snack Foods,2020.0,OUT017,Tier 2,High,Supermarket Type1,0.019533,21.25,120.4756,4.1
Low Fat,FDE47,Starchy Foods,2020.0,OUT017,Tier 2,High,Supermarket Type1,0.038123,14.15,123.5046,4.1
Low Fat,FDH35,Starchy Foods,2020.0,OUT017,Tier 2,High,Supermarket Type1,0.060589,18.25,162.5526,4.1
Regular,FDS25,Canned,2015.0,OUT045,Tier 2,High,Supermarket Type1,0.140292,6.885,108.5228,4.1
Regular,FDH02,Canned,2015.0,OUT045,Tier 2,High,Supermarket Type1,0.020823,7.27,92.4488,4.1
Regular,FDM50,Canned,2015.0,OUT045,Tier 2,High,Supermarket Type1,0.03015,13.0,61.422,4.1
Regular,FDC52,Dairy,2015.0,OUT045,Tier 2,High,Supermarket Type1,0.008297,11.15,150.6708,4.1
Regular,FDW26,Dairy,2015.0,OUT045,Tier 2,High,Supermarket Type1,0.107274,11.8,221.1772,4.1
Regular,FDG05,Frozen Foods,2015.0,OUT045,Tier 2,High,Supermarket Type1,0.088025,11.0,158.063,4.1
Regular,FDI41,Frozen Foods,2015.0,OUT045,Tier 2,High,Supermarket Type1,0.0,18.5,148.7418,4.1
Regular,FDK20,Fruits and Vegetables,2015.0,OUT045,Tier 2,High,Supermarket Type1,0.041642,12.6,121.1072,4.1
Regular,FDY44,Fruits and Vegetables,2015.0,OUT045,Tier 2,High,Supermarket Type1,0.024454,14.15,197.211,4.1
Regular,FDQ08,Fruits and Vegetables,2015.0,OUT045,Tier 2,High,Supermarket Type1,0.018969,15.7,61.9536,4.1
Regular,FDO39,Meat,2015.0,OUT045,Tier 2,High,Supermarket Type1,0.137645,6.985,185.2608,4.1
Regular,FDT27,Meat,2015.0,OUT045,Tier 2,High,Supermarket Type1,0.069728,11.395,233.9616,4.1
Regular,FDU15,Meat,2015.0,OUT045,Tier 2,High,Supermarket Type1,0.0,13.65,37.9532,4.1
Regular,FDX10,Snack Foods,2015.0,OUT045,Tier 2,High,Supermarket Type1,0.123961,6.385,33.2874,4.1
Regular,FDS36,Baking Goods,2020.0,OUT017,Tier 2,High,Supermarket Type1,0.047153,8.38,110.157,4.1
Regular,FDV48,Baking Goods,2020.0,OUT017,Tier 2,High,Supermarket Type1,0.051909,9.195,78.1644,4.1
Regular,FDL50,Canned,2020.0,OUT017,Tier 2,High,Supermarket Type1,0.042552,12.15,123.5046,4.1
Regular,FDC14,Canned,2020.0,OUT017,Tier 2,High,Supermarket Type1,0.041482,14.5,40.0454,4.1
Regular,FDG17,Frozen Foods,2020.0,OUT017,Tier 2,High,Supermarket Type1,0.036043,6.865,244.4486,4.1
Regular,FDY28,Frozen Foods,2020.0,OUT017,Tier 2,High,Supermarket Type1,0.153012,7.47,215.2218,4.1
Regular,FDH53,Frozen Foods,2020.0,OUT017,Tier 2,High,Supermarket Type1,0.0,20.5,83.2592,4.1
Regular,FDW44,Fruits and Vegetables,2020.0,OUT017,Tier 2,Medium,Supermarket Type1,0.03535,9.5,169.7448,4.1
Regular,FDR56,Fruits and Vegetables,2020.0,OUT017,Tier 2,Medium,Supermarket Type1,0.101336,15.5,196.5768,4.1
Regular,FDW51,Meat,2020.0,OUT017,Tier 2,Medium,Supermarket Type1,0.095195,6.155,213.956,4.1
Regular,FDO10,Snack Foods,2020.0,OUT017,Tier 2,Medium,Supermarket Type1,0.012824,13.65,55.5588,4.1
Regular,DRD01,Soft Drinks,2020.0,OUT017,Tier 2,Medium,Supermarket Type1,0.061522,12.1,55.8614,4.1
Low Fat,FDP56,Fruits and Vegetables,2015.0,OUT045,Tier 2,Medium,Supermarket Type1,0.046578,8.185,48.6692,4.1
Low Fat,FDJ45,Seafood,2015.0,OUT045,Tier 2,Medium,Supermarket Type1,0.07356,17.75,33.9216,4.1
Low Fat,FDO50,Canned,2020.0,OUT017,Tier 2,Medium,Supermarket Type1,0.0,16.25,89.8804,4.1
Regular,FDH47,Starchy Foods,2015.0,OUT045,Tier 2,Medium,Supermarket Type1,0.129077,13.5,95.2068,4.1
Regular,FDL48,Baking Goods,2020.0,OUT017,Tier 2,Medium,Supermarket Type1,0.082732,19.35,49.2034,4.1
Low Fat,FDB39,Dairy,2017.0,OUT035,Tier 2,Small,Supermarket Type1,0.038512,11.6,57.7272,4.1
Low Fat,FDB20,Fruits and Vegetables,2017.0,OUT035,Tier 2,Small,Supermarket Type1,0.051971,7.72,79.7986,4.1
Low Fat,NCS30,Household,2017.0,OUT035,Tier 2,Small,Supermarket Type1,0.093009,5.945,127.8652,4.1
Low Fat,NCN55,Others,2017.0,OUT035,Tier 2,Small,Supermarket Type1,0.0,14.6,242.3538,4.1
Low Fat,FDW24,Baking Goods,2017.0,OUT035,Tier 2,Small,Supermarket Type1,0.03749,6.8,48.6034,4.1
Low Fat,FDO60,Baking Goods,2017.0,OUT035,Tier 2,Small,Supermarket Type1,0.034363,20.0,43.5086,4.1
Low Fat,FDS60,Baking Goods,2017.0,OUT035,Tier 2,Small,Supermarket Type1,0.032442,20.85,178.366,4.1
Low Fat,FDX01,Canned,2017.0,OUT035,Tier 2,Small,Supermarket Type1,0.02416,10.1,114.715,4.1
Low Fat,FDC38,Canned,2017.0,OUT035,Tier 2,Small,Supermarket Type1,0.122471,15.7,131.7942,4.1
Low Fat,FDA49,Canned,2017.0,OUT035,Tier 2,Small,Supermarket Type1,0.064909,19.7,88.5198,4.1
Low Fat,FDA15,Dairy,2017.0,OUT035,Tier 2,Small,Supermarket Type1,0.016019,9.3,248.5092,4.1
Low Fat,FDV38,Dairy,2017.0,OUT035,Tier 2,Small,Supermarket Type1,0.101755,19.25,55.1956,4.1
Low Fat,FDJ53,Frozen Foods,2017.0,OUT035,Tier 2,Small,Supermarket Type1,0.071244,10.5,119.2098,4.1
Low Fat,FDK44,Fruits and Vegetables,2017.0,OUT035,Tier 2,Small,Supermarket Type1,0.122204,16.6,173.5738,4.1
Low Fat,DRJ11,Hard Drinks,2017.0,OUT035,Tier 2,Small,Supermarket Type1,0.085075,9.5,189.0872,4.1
Low Fat,DRL47,Hard Drinks,2017.0,OUT035,Tier 2,Small,Supermarket Type1,0.038729,19.7,127.3362,4.1
Low Fat,NCI29,Health and Hygiene,2017.0,OUT035,Tier 2,Small,Supermarket Type1,0.032615,8.6,142.9154,4.1
Low Fat,NCR05,Health and Hygiene,2017.0,OUT035,Tier 2,Small,Supermarket Type1,0.054621,10.1,197.5084,4.1
Low Fat,NCK53,Health and Hygiene,2017.0,OUT035,Tier 2,Small,Supermarket Type1,0.037574,11.6,100.0042,4.1
Low Fat,NCU05,Health and Hygiene,2017.0,OUT035,Tier 2,Small,Supermarket Type1,0.058725,11.8,82.3618,4.1
Low Fat,NCT41,Health and Hygiene,2017.0,OUT035,Tier 2,Small,Supermarket Type1,0.05598,15.7,151.9024,4.1
Low Fat,NCA41,Health and Hygiene,2017.0,OUT035,Tier 2,Small,Supermarket Type1,0.032581,16.75,192.1162,4.1
Low Fat,NCY41,Health and Hygiene,2017.0,OUT035,Tier 2,Small,Supermarket Type1,0.075721,16.75,34.3532,4.1
Low Fat,NCQ02,Household,2017.0,OUT035,Tier 2,Small,Supermarket Type1,0.007455,12.6,186.9556,4.1
Low Fat,NCH54,Household,2017.0,OUT035,Tier 2,Small,Supermarket Type1,0.072655,13.5,157.792,4.1
Low Fat,NCG18,Household,2017.0,OUT035,Tier 2,Small,Supermarket Type1,0.0,15.3,103.5332,4.1
Low Fat,FDS03,Meat,2017.0,OUT035,Tier 2,Small,Supermarket Type1,0.079614,7.825,65.0826,4.1
Low Fat,FDV39,Meat,2017.0,OUT035,Tier 2,Small,Supermarket Type1,0.007279,11.3,196.7426,4.1
Low Fat,FDQ39,Meat,2017.0,OUT035,Tier 2,Small,Supermarket Type1,0.081027,14.8,190.0846,4.1
Low Fat,FDX34,Snack Foods,2017.0,OUT035,Tier 2,Small,Supermarket Type1,0.071972,6.195,121.3098,4.1
Low Fat,FDN10,Snack Foods,2017.0,OUT035,Tier 2,Small,Supermarket Type1,0.046115,11.5,120.2124,4.1
Low Fat,FDC46,Snack Foods,2017.0,OUT035,Tier 2,Small,Supermarket Type1,0.11652,17.7,186.0266,4.1
Low Fat,DRH36,Soft Drinks,2017.0,OUT035,Tier 2,Small,Supermarket Type1,0.033374,16.2,74.0696,4.1
Regular,FDR24,Baking Goods,2017.0,OUT035,Tier 2,Small,Supermarket Type1,0.06284,17.35,90.883,4.1
Regular,FDZ23,Baking Goods,2017.0,OUT035,Tier 2,Small,Supermarket Type1,0.06749,17.75,185.224,4.1
Regular,FDT11,Breads,2017.0,OUT035,Tier 2,Small,Supermarket Type1,0.029367,5.94,187.7556,4.1
Regular,FDS11,Breads,2017.0,OUT035,Tier 2,Small,Supermarket Type1,0.055548,7.05,225.3088,4.1
Regular,FDQ25,Canned,2017.0,OUT035,Tier 2,Small,Supermarket Type1,0.028271,8.63,170.5422,4.1
Regular,FDD38,Canned,2017.0,OUT035,Tier 2,Small,Supermarket Type1,0.00819,16.75,103.7674,4.1
Regular,FDY37,Canned,2017.0,OUT035,Tier 2,Small,Supermarket Type1,0.026564,17.0,141.247,4.1
Regular,FDN28,Frozen Foods,2017.0,OUT035,Tier 2,Small,Supermarket Type1,0.030242,5.88,101.799,4.1
Regular,FDH53,Frozen Foods,2017.0,OUT035,Tier 2,Small,Supermarket Type1,0.0,20.5,82.8592,4.1
Regular,FDO08,Fruits and Vegetables,2017.0,OUT035,Tier 2,Small,Supermarket Type1,0.053765,11.1,163.1526,4.1
Regular,FDX31,Fruits and Vegetables,2017.0,OUT035,Tier 2,Small,Supermarket Type1,0.014823,20.35,234.0958,4.1
Regular,FDR15,Meat,2017.0,OUT035,Tier 2,Small,Supermarket Type1,0.033432,9.3,153.1314,4.1
Regular,FDI21,Snack Foods,2017.0,OUT035,Tier 2,Small,Supermarket Type1,0.056592,5.59,65.0168,4.1
Regular,FDZ57,Snack Foods,2017.0,OUT035,Tier 2,Small,Supermarket Type1,0.037757,10.0,126.7994,4.1
Regular,FDB58,Snack Foods,2017.0,OUT035,Tier 2,Small,Supermarket Type1,0.013494,10.5,143.7154,4.1
Regular,FDY57,Snack Foods,2017.0,OUT035,Tier 2,Small,Supermarket Type1,0.121231,20.2,97.5752,4.1
Regular,FDD47,Starchy Foods,2017.0,OUT035,Tier 2,Small,Supermarket Type1,0.142384,7.6,172.3448,4.1
Low Fat,DRK37,Soft Drinks,2011.0,OUT010,Tier 3,Medium,Grocery Store,0.0,5.0,190.453,4.1
Low Fat,FDR23,Breads,2011.0,OUT010,Tier 3,Medium,Grocery Store,0.136896,15.85,176.437,4.1
Low Fat,FDS37,Canned,2011.0,OUT010,Tier 3,Medium,Grocery Store,0.053469,7.655,114.1492,4.1
Low Fat,FDC50,Canned,2011.0,OUT010,Tier 3,Medium,Grocery Store,0.22847,15.85,93.3094,4.1
Low Fat,FDH27,Dairy,2011.0,OUT010,Tier 3,Medium,Grocery Store,0.097661,7.075,141.8128,4.1
Low Fat,FDZ04,Frozen Foods,2011.0,OUT010,Tier 3,Medium,Grocery Store,0.063529,9.31,63.751,4.1
Low Fat,FDG53,Frozen Foods,2011.0,OUT010,Tier 3,Medium,Grocery Store,0.076755,10.0,141.618,4.1
Low Fat,FDG40,Frozen Foods,2011.0,OUT010,Tier 3,Medium,Grocery Store,0.066658,13.65,32.6558,4.1
Low Fat,FDL40,Frozen Foods,2011.0,OUT010,Tier 3,Medium,Grocery Store,0.019438,17.7,95.541,4.1
Low Fat,FDK52,Frozen Foods,2011.0,OUT010,Tier 3,Medium,Grocery Store,0.132596,18.25,226.2062,4.1
Low Fat,FDH57,Fruits and Vegetables,2011.0,OUT010,Tier 3,Medium,Grocery Store,0.059834,10.895,133.5284,4.1
Low Fat,FDT43,Fruits and Vegetables,2011.0,OUT010,Tier 3,Medium,Grocery Store,0.034393,16.35,50.8324,4.1
Low Fat,DRJ23,Hard Drinks,2011.0,OUT010,Tier 3,Medium,Grocery Store,0.069745,18.35,190.2872,4.1
Low Fat,NCH06,Household,2011.0,OUT010,Tier 3,Medium,Grocery Store,0.128136,12.3,248.346,4.1
Low Fat,NCW06,Household,2011.0,OUT010,Tier 3,Medium,Grocery Store,0.08426,16.2,192.3162,4.1
Low Fat,NCO06,Household,2011.0,OUT010,Tier 3,High,Grocery Store,0.180821,19.25,35.9558,4.1
Low Fat,FDP27,Meat,2011.0,OUT010,Tier 3,High,Grocery Store,0.199936,8.155,188.453,4.1
Low Fat,FDB34,Snack Foods,2011.0,OUT010,Tier 3,High,Grocery Store,0.044539,15.25,85.3198,4.1
Low Fat,FDC35,Starchy Foods,2011.0,OUT010,Tier 3,High,Grocery Store,0.205605,7.435,207.7638,4.1
Regular,FDY60,Baking Goods,2011.0,OUT010,Tier 3,High,Grocery Store,0.04414,10.5,143.9128,4.1
Regular,FDX12,Baking Goods,2011.0,OUT010,Tier 3,High,Grocery Store,0.043627,18.2,241.4196,4.1
Regular,FDV60,Baking Goods,2011.0,OUT010,Tier 3,High,Grocery Store,0.196439,20.2,194.611,4.1
Regular,FDV11,Breads,2011.0,OUT010,Tier 3,High,Grocery Store,0.136695,9.1,173.4054,4.1
Regular,FDS59,Breads,2011.0,OUT010,Tier 3,High,Grocery Store,0.073469,14.8,110.857,4.1
Regular,FDZ03,Dairy,2011.0,OUT010,Tier 3,High,Grocery Store,0.131873,13.65,188.024,4.1
Regular,FDX27,Dairy,2011.0,OUT010,Tier 3,High,Grocery Store,0.191009,20.7,92.8436,4.1
Regular,FDE04,Frozen Foods,2011.0,OUT010,Tier 3,High,Grocery Store,0.030167,19.75,179.766,4.1
Regular,FDK08,Fruits and Vegetables,2011.0,OUT010,Tier 3,High,Grocery Store,0.204713,9.195,101.0016,4.1
Regular,FDH44,Fruits and Vegetables,2011.0,OUT010,Tier 3,High,Grocery Store,0.043305,19.1,147.5418,4.1
Regular,FDX51,Meat,2011.0,OUT010,Tier 3,High,Grocery Store,0.036922,9.5,194.2452,4.1
Regular,FDY03,Meat,2011.0,OUT010,Tier 3,High,Grocery Store,0.127412,17.6,111.3202,4.1
Regular,FDQ15,Meat,2011.0,OUT010,Tier 3,High,Grocery Store,0.252866,20.35,82.7276,4.1
Regular,FDG33,Seafood,2011.0,OUT010,Tier 3,High,Grocery Store,0.234733,5.365,173.4764,4.1
Regular,FDU57,Snack Foods,2011.0,OUT010,Tier 3,High,Grocery Store,0.149895,8.27,152.0708,4.1
Low Fat,FDN13,Breakfast,2014.0,OUT013,Tier 3,High,Supermarket Type1,0.151932,18.6,101.1358,4.1
Low Fat,FDU36,Baking Goods,2014.0,OUT013,Tier 3,High,Supermarket Type1,0.046232,6.15,99.4384,4.1
Low Fat,FDW13,Canned,2014.0,OUT013,Tier 3,High,Supermarket Type1,0.097803,8.5,50.5324,4.1
Low Fat,FDY27,Dairy,2014.0,OUT013,Tier 3,High,Supermarket Type1,0.031872,6.38,179.5344,4.1
Low Fat,DRH51,Dairy,2014.0,OUT013,Tier 3,High,Supermarket Type1,0.097136,17.6,89.3856,4.1
Low Fat,FDY52,Frozen Foods,2014.0,OUT013,Tier 3,High,Supermarket Type1,0.007342,6.365,59.9536,4.1
Low Fat,FDI28,Frozen Foods,2014.0,OUT013,Tier 3,High,Supermarket Type1,0.0263,14.3,79.4302,4.1
Low Fat,FDV40,Frozen Foods,2014.0,OUT013,Tier 3,High,Supermarket Type1,0.01468,17.35,73.6038,4.1
Low Fat,FDF05,Frozen Foods,2014.0,OUT013,Tier 3,High,Supermarket Type1,0.026849,17.5,264.891,4.1
Low Fat,FDD33,Fruits and Vegetables,2014.0,OUT013,Tier 3,High,Supermarket Type1,0.108103,12.85,233.3642,4.1
Low Fat,FDC32,Fruits and Vegetables,2014.0,OUT013,Tier 3,High,Supermarket Type1,0.099027,18.35,93.8462,4.1
Low Fat,FDE32,Fruits and Vegetables,2014.0,OUT013,Tier 3,High,Supermarket Type1,0.048718,20.7,38.7506,4.1
Low Fat,NCN53,Health and Hygiene,2014.0,OUT013,Tier 3,High,Supermarket Type1,0.03033,5.175,35.4874,4.1
Low Fat,NCY53,Health and Hygiene,2014.0,OUT013,Tier 3,High,Supermarket Type1,0.0,20.0,110.2544,4.1
Low Fat,NCA05,Health and Hygiene,2014.0,OUT013,Tier 3,High,Supermarket Type1,0.0,20.75,149.4734,4.1
Low Fat,NCO26,Household,2014.0,OUT013,Tier 3,High,Supermarket Type1,0.076792,7.235,116.4492,4.1
Low Fat,NCO14,Household,2014.0,OUT013,Tier 3,High,Supermarket Type1,0.029619,9.6,43.6086,4.1
Low Fat,NCV06,Household,2014.0,OUT013,Tier 3,High,Supermarket Type1,0.066626,11.3,194.2478,4.1
Low Fat,NCO18,Household,2014.0,OUT013,Tier 3,High,Supermarket Type1,0.024631,13.15,178.2686,4.1
Low Fat,NCK30,Household,2014.0,OUT013,Tier 3,High,Supermarket Type1,0.060928,14.85,254.8698,4.1
Low Fat,FDG31,Meat,2014.0,OUT013,Tier 3,High,Supermarket Type1,0.037865,12.15,63.0826,4.1
Low Fat,FDQ39,Meat,2014.0,OUT013,Tier 3,High,Supermarket Type1,0.0,14.8,189.3846,4.1
Low Fat,FDL10,Snack Foods,2014.0,OUT013,Tier 3,High,Supermarket Type1,0.0,8.395,98.7042,4.1
Low Fat,FDK33,Snack Foods,2014.0,OUT013,Tier 3,High,Supermarket Type1,0.011226,17.85,211.956,4.1
Low Fat,FDN21,Snack Foods,2014.0,OUT013,Tier 3,High,Supermarket Type1,0.076792,18.6,161.0236,4.1
Low Fat,DRF25,Soft Drinks,2014.0,OUT013,Tier 3,High,Supermarket Type1,0.038893,9.0,36.119,4.1
Low Fat,DRG37,Soft Drinks,2014.0,OUT013,Tier 3,High,Supermarket Type1,0.019362,16.2,154.6972,4.1
Low Fat,FDE59,Starchy Foods,2014.0,OUT013,Tier 3,High,Supermarket Type1,0.062236,12.15,34.5532,4.1
Regular,FDY24,Baking Goods,2014.0,OUT013,Tier 3,High,Supermarket Type1,0.133382,4.88,55.0298,4.1
Regular,FDW12,Baking Goods,2014.0,OUT013,Tier 3,High,Supermarket Type1,0.035543,8.315,143.3444,4.1
Regular,FDS36,Baking Goods,2014.0,OUT013,Tier 3,High,Supermarket Type1,0.046848,8.38,110.557,4.1
Regular,FDL51,Dairy,2014.0,OUT013,Tier 3,High,Supermarket Type1,0.047452,20.7,214.6876,4.1
Regular,FDS28,Frozen Foods,2014.0,OUT013,Tier 3,High,Supermarket Type1,0.082333,8.18,58.1588,4.1
Regular,FDQ40,Frozen Foods,2014.0,OUT013,Tier 3,High,Supermarket Type1,0.035998,11.1,176.9712,4.1
Regular,FDP28,Frozen Foods,2014.0,OUT013,Tier 3,High,Supermarket Type1,0.080573,13.65,260.1936,4.1
Regular,FDI41,Frozen Foods,2014.0,OUT013,Tier 3,High,Supermarket Type1,0.062205,18.5,148.3418,4.1
Regular,FDR32,Fruits and Vegetables,2014.0,OUT013,Tier 3,High,Supermarket Type1,0.085737,6.78,229.5694,4.1
Regular,FDU19,Fruits and Vegetables,2014.0,OUT013,Tier 3,High,Supermarket Type1,0.0,8.77,173.6422,4.1
Regular,FDF21,Fruits and Vegetables,2014.0,OUT013,Tier 3,High,Supermarket Type1,0.058778,10.3,187.853,4.1
Regular,FDO08,Fruits and Vegetables,2014.0,OUT013,Tier 3,High,Supermarket Type1,0.053731,11.1,165.1526,4.1
Regular,FDA08,Fruits and Vegetables,2014.0,OUT013,Tier 3,High,Supermarket Type1,0.050043,11.85,164.6526,4.1
Regular,FDZ08,Fruits and Vegetables,2014.0,OUT013,Tier 3,High,Supermarket Type1,0.109901,12.5,83.0592,4.1
Regular,FDP44,Fruits and Vegetables,2014.0,OUT013,Tier 3,High,Supermarket Type1,0.079647,16.5,101.4332,4.1
Regular,FDF56,Fruits and Vegetables,2014.0,OUT013,Tier 3,High,Supermarket Type1,0.119363,16.7,180.3976,4.1
Regular,FDU27,Meat,2014.0,OUT013,Tier 3,High,Supermarket Type1,0.171334,18.6,48.8376,4.1
Regular,FDL58,Snack Foods,2014.0,OUT013,Tier 3,High,Supermarket Type1,0.074087,5.78,264.9568,4.1
Regular,FDV34,Snack Foods,2014.0,OUT013,Tier 3,High,Supermarket Type1,0.011416,10.695,74.0038,4.1
Regular,FDZ21,Snack Foods,2014.0,OUT013,Tier 3,High,Supermarket Type1,0.039189,17.6,97.341,4.1
Regular,DRA59,Soft Drinks,2014.0,OUT013,Tier 3,High,Supermarket Type1,0.127821,8.27,185.9924,4.1
Low Fat,FDT36,Baking Goods,2022.0,OUT018,Tier 3,Medium,Supermarket Type2,0.111728,12.3,33.9874,4.1
Low Fat,FDW56,Fruits and Vegetables,2022.0,OUT018,Tier 3,Medium,Supermarket Type2,0.071189,7.68,193.3162,4.1
Low Fat,DRL11,Hard Drinks,2022.0,OUT018,Tier 3,Medium,Supermarket Type2,0.048214,10.5,159.6946,4.1
Low Fat,NCA17,Health and Hygiene,2022.0,OUT018,Tier 3,Medium,Supermarket Type2,0.045603,20.6,149.2392,4.1
Low Fat,NCS54,Household,2022.0,OUT018,Tier 3,Medium,Supermarket Type2,0.010034,13.6,177.937,4.1
Low Fat,FDR48,Baking Goods,2022.0,OUT018,Tier 3,Medium,Supermarket Type2,0.0,11.65,149.8024,4.1
Low Fat,FDE24,Baking Goods,2022.0,OUT018,Tier 3,Medium,Supermarket Type2,0.093843,14.85,142.3812,4.1
Low Fat,FDZ60,Baking Goods,2022.0,OUT018,Tier 3,Medium,Supermarket Type2,0.119848,20.5,109.4596,4.1
Low Fat,FDS60,Baking Goods,2022.0,OUT018,Tier 3,Medium,Supermarket Type2,0.032581,20.85,180.066,4.1
Low Fat,FDR23,Breads,2022.0,OUT018,Tier 3,Medium,Supermarket Type2,0.082121,15.85,177.437,4.1
Low Fat,FDR47,Breads,2022.0,OUT018,Tier 3,Medium,Supermarket Type2,0.087825,17.85,196.0794,4.1
Low Fat,FDP37,Breakfast,2022.0,OUT018,Tier 3,Medium,Supermarket Type2,0.143689,15.6,128.1994,4.1
Low Fat,FDK02,Canned,2022.0,OUT018,Tier 3,Medium,Supermarket Type2,0.112682,12.5,119.144,4.1
Low Fat,FDO38,Canned,2022.0,OUT018,Tier 3,Medium,Supermarket Type2,0.073136,17.25,77.2986,4.1
Low Fat,FDZ55,Fruits and Vegetables,2022.0,OUT018,Tier 3,Medium,Supermarket Type2,0.025512,6.055,159.692,4.1
Low Fat,FDV32,Fruits and Vegetables,2022.0,OUT018,Tier 3,Medium,Supermarket Type2,0.08907,7.785,62.751,4.1
Low Fat,FDE45,Fruits and Vegetables,2022.0,OUT018,Tier 3,Medium,Supermarket Type2,0.040522,12.1,178.5002,4.1
Low Fat,FDI45,Fruits and Vegetables,2022.0,OUT018,Tier 3,Medium,Supermarket Type2,0.037734,13.1,173.9054,4.1
Low Fat,FDA32,Fruits and Vegetables,2022.0,OUT018,Tier 3,Medium,Supermarket Type2,0.030217,14.0,216.6192,4.1
Low Fat,FDM56,Fruits and Vegetables,2022.0,OUT018,Tier 3,Medium,Supermarket Type2,0.0,16.7,109.1912,4.1
Low Fat,FDC45,Fruits and Vegetables,2022.0,OUT018,Tier 3,Medium,Supermarket Type2,0.136286,17.0,170.9106,4.1
Low Fat,FDT31,Fruits and Vegetables,2022.0,OUT018,Tier 3,Medium,Supermarket Type2,0.012499,19.75,188.0872,4.1
Low Fat,DRM59,Hard Drinks,2022.0,OUT018,Tier 3,Medium,Supermarket Type2,0.003607,5.88,154.2018,4.1
Low Fat,NCN17,Health and Hygiene,2022.0,OUT018,Tier 3,Medium,Supermarket Type2,0.055163,11.0,100.3358,4.1
Low Fat,NCU05,Health and Hygiene,2022.0,OUT018,Tier 3,Medium,Supermarket Type2,0.058976,11.8,81.7618,4.1
Low Fat,NCO53,Health and Hygiene,2022.0,OUT018,Tier 3,Medium,Supermarket Type2,0.175898,16.2,183.7608,4.1
Low Fat,NCW53,Health and Hygiene,2022.0,OUT018,Tier 3,Medium,Supermarket Type2,0.030619,18.35,194.0162,4.1
Low Fat,NCS30,Household,2022.0,OUT018,Tier 3,Medium,Supermarket Type2,0.093405,5.945,129.3652,4.1
Low Fat,NCU42,Household,2022.0,OUT018,Tier 3,Medium,Supermarket Type2,0.019586,9.0,170.2474,4.1
Low Fat,NCU18,Household,2022.0,OUT018,Tier 3,Medium,Supermarket Type2,0.056068,15.1,139.8496,4.1
Low Fat,NCY06,Household,2022.0,OUT018,Tier 3,Medium,Supermarket Type2,0.061434,15.25,130.9968,4.1
Low Fat,NCK31,Others,2022.0,OUT018,Tier 3,Medium,Supermarket Type2,0.027158,10.895,50.2666,4.1
Low Fat,FDE34,Snack Foods,2022.0,OUT018,Tier 3,Medium,Supermarket Type2,0.108331,9.195,183.6634,4.1
Low Fat,FDR46,Snack Foods,2022.0,OUT018,Tier 3,Medium,Supermarket Type2,0.139986,16.85,145.276,4.1
Low Fat,DRF36,Soft Drinks,2022.0,OUT018,Tier 3,Medium,Supermarket Type2,0.023673,16.1,189.0846,4.1
Low Fat,FDC23,Starchy Foods,2022.0,OUT018,Tier 3,Medium,Supermarket Type2,0.017979,18.0,178.3686,4.1
Regular,FDY24,Baking Goods,2022.0,OUT018,Tier 3,Medium,Supermarket Type2,0.134037,4.88,53.3298,4.1
Regular,FDE36,Baking Goods,2022.0,OUT018,Tier 3,Medium,Supermarket Type2,0.041943,5.26,165.4868,4.1
Regular,FDQ36,Baking Goods,2022.0,OUT018,Tier 3,Medium,Supermarket Type2,0.162206,7.855,36.2848,4.1
Regular,FDS24,Baking Goods,2022.0,OUT018,Tier 3,Medium,Supermarket Type2,0.062478,20.85,87.2514,4.1
Regular,FDT11,Breads,2022.0,OUT018,Tier 3,Medium,Supermarket Type2,0.029492,5.94,188.0556,4.1
Regular,FDY01,Canned,2022.0,OUT018,Tier 3,Medium,Supermarket Type2,0.170977,11.8,117.0834,4.1
Regular,FDG17,Frozen Foods,2022.0,OUT018,Tier 3,Medium,Supermarket Type2,0.035986,6.865,244.1486,4.1
Regular,FDM04,Frozen Foods,2022.0,OUT018,Tier 3,Medium,Supermarket Type2,0.047313,9.195,50.7666,4.1
Regular,FDU44,Fruits and Vegetables,2022.0,OUT018,Tier 3,Medium,Supermarket Type2,0.058664,12.15,164.1552,4.1
Regular,FDO03,Meat,2022.0,OUT018,Tier 3,Medium,Supermarket Type2,0.037033,10.395,227.9352,4.1
Regular,FDR27,Meat,2022.0,OUT018,Tier 3,Medium,Supermarket Type2,0.096492,15.1,134.4942,4.1
Regular,FDJ10,Snack Foods,2022.0,OUT018,Tier 3,Medium,Supermarket Type2,0.130031,5.095,142.4838,4.1
Regular,FDA09,Snack Foods,2022.0,OUT018,Tier 3,Medium,Supermarket Type2,0.149975,13.35,179.766,4.1
Regular,FDF10,Snack Foods,2022.0,OUT018,Tier 3,Medium,Supermarket Type2,0.0,15.5,147.2418,4.1
Regular,FDZ21,Snack Foods,2022.0,OUT018,Tier 3,Medium,Supermarket Type2,0.039382,17.6,98.041,4.1
Regular,FDD23,Starchy Foods,2022.0,OUT018,Tier 3,Medium,Supermarket Type2,0.048884,9.5,185.7898,4.1
Low Fat,FDT08,Fruits and Vegetables,2018.0,OUT027,Tier 3,Medium,Supermarket Type3,0.04898,12.6,148.705,4.1
Low Fat,NCZ30,Household,2018.0,OUT027,Tier 3,Medium,Supermarket Type3,0.026058,12.6,121.9098,4.1
Low Fat,FDA39,Meat,2018.0,OUT027,Tier 3,Medium,Supermarket Type3,0.012656,12.6,37.8822,4.1
Low Fat,FDV03,Meat,2018.0,OUT027,Tier 3,Medium,Supermarket Type3,0.05781,12.6,156.2314,4.1
Low Fat,FDM14,Canned,2018.0,OUT027,Tier 3,Medium,Supermarket Type3,0.0132,12.6,108.9254,4.1
Low Fat,FDP25,Canned,2018.0,OUT027,Tier 3,Medium,Supermarket Type3,0.021105,12.6,217.0824,4.1
Low Fat,FDP38,Canned,2018.0,OUT027,Tier 3,Medium,Supermarket Type3,0.031947,12.6,51.6008,4.1
Low Fat,FDF16,Frozen Foods,2018.0,OUT027,Tier 3,Medium,Supermarket Type3,0.085715,12.6,146.6076,4.1
Low Fat,FDT20,Fruits and Vegetables,2018.0,OUT027,Tier 3,Medium,Supermarket Type3,0.041195,12.6,39.1164,4.1
Low Fat,FDV07,Fruits and Vegetables,2018.0,OUT027,Tier 3,Medium,Supermarket Type3,0.031131,12.6,111.0228,4.1
Low Fat,DRM35,Hard Drinks,2018.0,OUT027,Tier 3,Medium,Supermarket Type3,0.070103,12.6,179.4344,4.1
Low Fat,NCB06,Health and Hygiene,2018.0,OUT027,Tier 3,Medium,Supermarket Type3,0.081933,12.6,161.492,4.1
Low Fat,NCU17,Health and Hygiene,2018.0,OUT027,Tier 3,Medium,Supermarket Type3,0.092434,12.6,101.6674,4.1
Low Fat,NCB19,Household,2018.0,OUT027,Tier 3,Medium,Supermarket Type3,0.089858,12.6,84.5882,4.1
Low Fat,NCM54,Household,2018.0,OUT027,Tier 3,Medium,Supermarket Type3,0.050692,12.6,125.6678,4.1
Low Fat,NCR18,Household,2018.0,OUT027,Tier 3,Medium,Supermarket Type3,0.020388,12.6,44.4112,4.1
Low Fat,NCS06,Household,2018.0,OUT027,Tier 3,Medium,Supermarket Type3,0.031583,12.6,260.991,4.1
Low Fat,FDS03,Meat,2018.0,OUT027,Tier 3,Medium,Supermarket Type3,0.079243,12.6,65.8826,4.1
Low Fat,NCL31,Others,2018.0,OUT027,Tier 3,Medium,Supermarket Type3,0.119699,12.6,143.047,4.1
Low Fat,NCO55,Others,2018.0,OUT027,Tier 3,Medium,Supermarket Type3,0.090596,12.6,106.6938,4.1
Low Fat,FDH09,Seafood,2018.0,OUT027,Tier 3,Medium,Supermarket Type3,0.055806,12.6,52.4982,4.1
Low Fat,FDT22,Snack Foods,2018.0,OUT027,Tier 3,Medium,Supermarket Type3,0.111554,12.6,59.822,4.1
Low Fat,FDW45,Snack Foods,2018.0,OUT027,Tier 3,Medium,Supermarket Type3,0.038822,12.6,147.7418,4.1
Low Fat,DRC25,Soft Drinks,2018.0,OUT027,Tier 3,Medium,Supermarket Type3,0.0,12.6,87.3882,4.1
Low Fat,DRD12,Soft Drinks,2018.0,OUT027,Tier 3,Medium,Supermarket Type3,0.0,12.6,89.4146,4.1
Low Fat,DRG48,Soft Drinks,2018.0,OUT027,Tier 3,Medium,Supermarket Type3,0.014485,12.6,143.9102,4.1
Low Fat,FDD35,Starchy Foods,2018.0,OUT027,Tier 3,Medium,Supermarket Type3,0.025739,12.6,120.744,4.1
Regular,FDL12,Baking Goods,2018.0,OUT027,Tier 3,Medium,Supermarket Type3,0.121044,12.6,59.422,4.1
Regular,FDH02,Canned,2018.0,OUT027,Tier 3,Medium,Supermarket Type3,0.0,12.6,91.8488,4.1
Regular,FDJ26,Canned,2018.0,OUT027,Tier 3,Medium,Supermarket Type3,0.084355,12.6,215.5218,4.1
Regular,FDC16,Dairy,2018.0,OUT027,Tier 3,Medium,Supermarket Type3,0.02047,12.6,88.254,4.1
Regular,FDW02,Dairy,2018.0,OUT027,Tier 3,Medium,Supermarket Type3,0.037517,12.6,124.3704,4.1
Regular,FDA28,Frozen Foods,2018.0,OUT027,Tier 3,Medium,Supermarket Type3,0.04757,12.6,125.7362,4.1
Regular,FDN04,Frozen Foods,2018.0,OUT027,Tier 3,Medium,Supermarket Type3,0.014019,12.6,178.1344,4.1
Regular,FDQ40,Frozen Foods,2018.0,OUT027,Tier 3,Medium,Supermarket Type3,0.035853,12.6,176.8712,4.1
Regular,FDS28,Frozen Foods,2018.0,OUT027,Tier 3,Medium,Supermarket Type3,0.082003,12.6,59.2588,4.1
Regular,FDA55,Fruits and Vegetables,2018.0,OUT027,Tier 3,Medium,Supermarket Type3,0.056713,12.6,223.8088,4.1
Regular,FDB56,Fruits and Vegetables,2018.0,OUT027,Tier 3,Medium,Supermarket Type3,0.0,12.6,188.2556,4.1
Regular,FDF44,Fruits and Vegetables,2018.0,OUT027,Tier 3,Medium,Supermarket Type3,0.059439,12.6,130.9968,4.1
Regular,FDF57,Fruits and Vegetables,2018.0,OUT027,Tier 3,Medium,Supermarket Type3,0.058543,12.6,168.6448,4.1
Regular,FDG34,Snack Foods,2018.0,OUT027,Tier 3,Medium,Supermarket Type3,0.037388,12.6,107.8254,4.1
Regular,FDU46,Snack Foods,2018.0,OUT027,Tier 3,Medium,Supermarket Type3,0.011072,12.6,85.354,4.1
Regular,DRL01,Soft Drinks,2018.0,OUT027,Tier 3,Medium,Supermarket Type3,0.076799,12.6,231.8958,4.1
Regular,FDE35,Starchy Foods,2018.0,OUT027,Tier 3,Medium,Supermarket Type3,0.0,12.6,59.8904,4.1
Low Fat,FDM56,Fruits and Vegetables,2018.0,OUT027,Tier 3,Medium,Supermarket Type3,0.069852,12.6,110.9912,4.1
Low Fat,FDP10,Snack Foods,2018.0,OUT027,Tier 3,Medium,Supermarket Type3,0.12747,12.6,107.7622,4.0
Low Fat,FDY07,Fruits and Vegetables,2012.0,OUT049,Tier 1,Medium,Supermarket Type1,0.0,11.8,45.5402,4.0
Regular,FDP49,Breakfast,2016.0,OUT046,Tier 1,Small,Supermarket Type1,0.069089,9.0,56.3614,4.0
Low Fat,DRJ59,Hard Drinks,2014.0,OUT013,Tier 3,High,Supermarket Type1,0.019356,11.65,39.1164,4.0
Low Fat,FDV49,Canned,2015.0,OUT045,Tier 2,Small,Supermarket Type1,0.02588,10.0,265.2226,4.0
Regular,FDR13,Canned,2014.0,OUT013,Tier 3,High,Supermarket Type1,0.028697,9.895,117.0492,4.0
Low Fat,FDA43,Fruits and Vegetables,2020.0,OUT017,Tier 2,Small,Supermarket Type1,0.065042,10.895,196.3794,4.0
Regular,FDV27,Meat,2015.0,OUT045,Tier 2,Small,Supermarket Type1,0.040071,7.97,87.3514,4.0
Regular,FDY40,Frozen Foods,2018.0,OUT019,Tier 1,Small,Grocery Store,0.150286,12.6,51.0692,4.0
Regular,FDZ03,Dairy,2015.0,OUT045,Tier 2,Small,Supermarket Type1,0.078946,13.65,186.024,4.0
Regular,FDJ58,Snack Foods,2016.0,OUT046,Tier 1,Small,Supermarket Type1,0.105296,15.6,170.1764,4.0
Low Fat,FDU04,Frozen Foods,2018.0,OUT019,Tier 1,Small,Grocery Store,0.009715,12.6,120.0414,4.0
Regular,FDB56,Fruits and Vegetables,2016.0,OUT046,Tier 1,Small,Supermarket Type1,0.074627,8.75,187.8556,4.0
Low Fat,DRK49,Soft Drinks,2014.0,OUT013,Tier 3,High,Supermarket Type1,0.035914,14.15,41.4138,4.0
Regular,FDV11,Breads,2015.0,OUT045,Tier 2,Small,Supermarket Type1,0.0,9.1,173.2054,4.0
Low Fat,FDP25,Canned,2020.0,OUT017,Tier 2,Small,Supermarket Type1,0.021327,15.2,216.8824,4.0
Low Fat,NCM43,Others,2017.0,OUT035,Tier 2,Small,Supermarket Type1,0.019472,14.5,164.821,4.0
Low Fat,FDO24,Baking Goods,2015.0,OUT045,Tier 2,Small,Supermarket Type1,0.176573,11.1,157.4604,4.0
Regular,FDF24,Baking Goods,2011.0,OUT010,Tier 3,Small,Grocery Store,0.042465,15.5,81.5934,4.0
Low Fat,DRM47,Hard Drinks,2018.0,OUT027,Tier 3,Medium,Supermarket Type3,0.043574,12.6,192.8846,4.0
Low Fat,FDY25,Canned,2014.0,OUT013,Tier 3,High,Supermarket Type1,0.033946,12.0,179.3976,4.0
Low Fat,FDQ04,Frozen Foods,2018.0,OUT019,Tier 1,Small,Grocery Store,0.148393,12.6,41.5796,4.0
Regular,FDW04,Frozen Foods,2016.0,OUT046,Tier 1,Small,Supermarket Type1,0.057827,8.985,128.831,4.0
Low Fat,FDC41,Frozen Foods,2018.0,OUT019,Tier 1,Small,Grocery Store,0.2047,12.6,76.867,4.0
Low Fat,DRI01,Soft Drinks,2016.0,OUT046,Tier 1,Small,Supermarket Type1,0.034453,7.97,174.0422,4.0
Regular,FDN39,Meat,2018.0,OUT027,Tier 3,Medium,Supermarket Type3,0.065203,12.6,166.0816,4.0
Regular,FDO51,Meat,2014.0,OUT013,Tier 3,High,Supermarket Type1,0.041948,6.785,41.2112,4.0
Low Fat,FDW49,Canned,2022.0,OUT018,Tier 3,Medium,Supermarket Type2,0.082888,19.5,178.6002,4.0
Regular,FDL52,Frozen Foods,2020.0,OUT017,Tier 2,Small,Supermarket Type1,0.046351,6.635,37.4506,4.0
Regular,FDN58,Snack Foods,2012.0,OUT049,Tier 1,Medium,Supermarket Type1,0.056961,13.8,230.0984,4.0
Low Fat,NCX41,Health and Hygiene,2016.0,OUT046,Tier 1,Small,Supermarket Type1,0.017719,19.0,211.0244,4.0
Low Fat,FDB11,Starchy Foods,2014.0,OUT013,Tier 3,High,Supermarket Type1,0.060797,16.0,223.8404,4.0
Low Fat,FDU08,Fruits and Vegetables,2017.0,OUT035,Tier 2,Small,Supermarket Type1,0.02731,10.3,101.0042,4.0
Low Fat,NCC42,Health and Hygiene,2014.0,OUT013,Tier 3,High,Supermarket Type1,0.044871,15.0,140.3838,4.0
Low Fat,FDQ20,Fruits and Vegetables,2014.0,OUT013,Tier 3,High,Supermarket Type1,0.02976,8.325,38.7138,4.0
Low Fat,NCT54,Household,2017.0,OUT035,Tier 2,Small,Supermarket Type1,0.119513,8.695,93.4094,4.0
Low Fat,FDC02,Canned,2011.0,OUT010,Tier 3,Small,Grocery Store,0.115195,21.35,258.3278,4.0
Low Fat,FDN48,Baking Goods,2018.0,OUT027,Tier 3,Medium,Supermarket Type3,0.064636,12.6,90.0804,4.0
Low Fat,FDB15,Dairy,2011.0,OUT010,Tier 3,Medium,Grocery Store,0.228993,10.895,263.4568,4.0
Regular,FDC08,Fruits and Vegetables,2020.0,OUT017,Tier 2,Medium,Supermarket Type1,0.104035,19.0,227.772,4.0
Low Fat,FDK44,Fruits and Vegetables,2016.0,OUT046,Tier 1,Small,Supermarket Type1,0.0,16.6,173.3738,4.0
Low Fat,FDG53,Frozen Foods,2014.0,OUT013,Tier 3,High,Supermarket Type1,0.045819,10.0,138.718,4.0
Regular,FDW03,Meat,2012.0,OUT049,Tier 1,Medium,Supermarket Type1,0.024579,5.63,105.3306,4.0
Low Fat,FDC17,Frozen Foods,2022.0,OUT018,Tier 3,Medium,Supermarket Type2,0.015524,12.15,212.0928,4.0
Low Fat,NCH30,Household,2017.0,OUT035,Tier 2,Small,Supermarket Type1,0.067141,17.1,114.586,4.0
Regular,FDQ48,Baking Goods,2017.0,OUT035,Tier 2,Small,Supermarket Type1,0.034405,14.3,98.1726,4.0
Low Fat,NCE07,Household,2020.0,OUT017,Tier 2,Medium,Supermarket Type1,0.013204,8.18,143.8154,4.0
Regular,FDP13,Canned,2012.0,OUT049,Tier 1,Medium,Supermarket Type1,0.134532,8.1,39.448,4.0
Low Fat,FDU13,Canned,2022.0,OUT018,Tier 3,Medium,Supermarket Type2,0.188323,8.355,148.5418,4.0
Regular,FDM08,Fruits and Vegetables,2016.0,OUT046,Tier 1,Small,Supermarket Type1,0.053584,10.1,224.4088,4.0
Regular,FDB56,Fruits and Vegetables,2022.0,OUT018,Tier 3,Medium,Supermarket Type2,0.074931,8.75,187.6556,4.0
Low Fat,NCB18,Household,2022.0,OUT018,Tier 3,Medium,Supermarket Type2,0.041459,19.6,89.6514,4.0
Regular,FDR16,Frozen Foods,2022.0,OUT018,Tier 3,Medium,Supermarket Type2,0.105446,5.845,214.4218,4.0
Regular,FDF44,Fruits and Vegetables,2022.0,OUT018,Tier 3,Medium,Supermarket Type2,0.059971,7.17,132.1968,4.0
Regular,FDU50,Dairy,2020.0,OUT017,Tier 2,Medium,Supermarket Type1,0.075595,5.75,114.7176,4.0
Low Fat,NCU17,Health and Hygiene,2012.0,OUT049,Tier 1,Medium,Supermarket Type1,0.093028,5.32,101.4674,4.0
Low Fat,NCQ53,Health and Hygiene,2020.0,OUT017,Tier 2,Medium,Supermarket Type1,0.019012,17.6,237.159,4.0
Regular,FDZ28,Frozen Foods,2016.0,OUT046,Tier 1,Small,Supermarket Type1,0.0,20.0,127.3678,4.0
Regular,FDO52,Frozen Foods,2018.0,OUT027,Tier 3,Medium,Supermarket Type3,0.076791,12.6,172.1106,4.0
Regular,FDJ03,Dairy,2015.0,OUT045,Tier 2,Medium,Supermarket Type1,0.072542,12.35,48.5692,4.0
Regular,FDQ51,Meat,2014.0,OUT013,Tier 3,High,Supermarket Type1,0.017537,16.0,45.5718,4.0
Low Fat,NCQ42,Household,2012.0,OUT049,Tier 1,Medium,Supermarket Type1,0.039329,20.35,127.6678,4.0
Regular,FDA03,Dairy,2017.0,OUT035,Tier 2,Small,Supermarket Type1,0.0,18.5,144.2102,4.0
Low Fat,NCR29,Health and Hygiene,2015.0,OUT045,Tier 2,Medium,Supermarket Type1,0.054752,7.565,54.793,4.0
Regular,FDY03,Meat,2016.0,OUT046,Tier 1,Small,Supermarket Type1,0.076122,17.6,111.7202,4.0
Regular,FDC10,Snack Foods,2018.0,OUT027,Tier 3,Medium,Supermarket Type3,0.072525,12.6,120.3098,4.0
Regular,FDK26,Canned,2017.0,OUT035,Tier 2,Small,Supermarket Type1,0.032171,5.46,184.824,4.0
Low Fat,FDO36,Baking Goods,2018.0,OUT027,Tier 3,Medium,Supermarket Type3,0.077537,12.6,180.866,4.0
Regular,FDA09,Snack Foods,2015.0,OUT045,Tier 2,Medium,Supermarket Type1,0.149669,13.35,180.266,4.0
Regular,FDP03,Meat,2017.0,OUT035,Tier 2,Small,Supermarket Type1,0.061166,5.15,125.6388,4.0
Regular,FDS44,Fruits and Vegetables,2012.0,OUT049,Tier 1,Medium,Supermarket Type1,0.156287,12.65,238.9538,4.0
Low Fat,NCI54,Household,2022.0,OUT018,Tier 3,Medium,Supermarket Type2,0.033736,15.2,110.9912,4.0
Regular,FDL48,Baking Goods,2011.0,OUT010,Tier 3,Medium,Grocery Store,0.137697,19.35,47.1034,4.0
Low Fat,FDG45,Fruits and Vegetables,2022.0,OUT018,Tier 3,Medium,Supermarket Type2,0.0,8.1,211.8902,4.0
Regular,FDI41,Frozen Foods,2018.0,OUT027,Tier 3,Medium,Supermarket Type3,0.061955,12.6,145.1418,4.0
Low Fat,FDD05,Frozen Foods,2014.0,OUT013,Tier 3,High,Supermarket Type1,0.016598,19.35,121.5098,4.0
Low Fat,FDO57,Snack Foods,2016.0,OUT046,Tier 1,Small,Supermarket Type1,0.10871,20.75,161.7578,4.0
Low Fat,NCP06,Household,2018.0,OUT027,Tier 3,Medium,Supermarket Type3,0.039056,12.6,152.3366,4.0
Low Fat,FDC37,Baking Goods,2012.0,OUT049,Tier 1,Medium,Supermarket Type1,0.032924,15.5,107.2938,4.0
Low Fat,FDN01,Breakfast,2012.0,OUT049,Tier 1,Medium,Supermarket Type1,0.072511,8.895,177.437,4.0
Low Fat,FDH38,Canned,2012.0,OUT049,Tier 1,Medium,Supermarket Type1,0.010454,6.425,115.6808,4.0
Low Fat,FDG50,Canned,2012.0,OUT049,Tier 1,Medium,Supermarket Type1,0.015296,7.405,89.7146,4.0
Low Fat,FDU13,Canned,2012.0,OUT049,Tier 1,Medium,Supermarket Type1,0.18785,8.355,146.5418,4.0
Low Fat,FDH27,Dairy,2012.0,OUT049,Tier 1,Medium,Supermarket Type1,0.058438,7.075,143.0128,4.0
Low Fat,FDB39,Dairy,2012.0,OUT049,Tier 1,Medium,Supermarket Type1,0.038579,11.6,56.1272,4.0
Low Fat,DRE27,Dairy,2012.0,OUT049,Tier 1,Medium,Supermarket Type1,0.132877,11.85,98.0726,4.0
Low Fat,FDX14,Dairy,2012.0,OUT049,Tier 1,Medium,Supermarket Type1,0.075057,13.1,76.0354,4.0
Low Fat,DRE03,Dairy,2012.0,OUT049,Tier 1,Medium,Supermarket Type1,0.024265,19.6,46.5718,4.0
Low Fat,FDJ53,Frozen Foods,2012.0,OUT049,Tier 1,Medium,Supermarket Type1,0.071369,10.5,121.3098,4.0
Low Fat,FDF05,Frozen Foods,2012.0,OUT049,Tier 1,Medium,Supermarket Type1,0.026913,17.5,261.291,4.0
Low Fat,FDI52,Frozen Foods,2012.0,OUT049,Tier 1,Medium,Supermarket Type1,0.104841,18.7,122.1072,4.0
Low Fat,FDH57,Fruits and Vegetables,2012.0,OUT049,Tier 1,Medium,Supermarket Type1,0.035803,10.895,130.3284,4.0
Low Fat,FDS43,Fruits and Vegetables,2012.0,OUT049,Tier 1,Medium,Supermarket Type1,0.040578,11.65,188.224,4.0
Low Fat,FDE21,Fruits and Vegetables,2012.0,OUT049,Tier 1,Medium,Supermarket Type1,0.02298,12.8,117.7492,4.0
Low Fat,FDY19,Fruits and Vegetables,2012.0,OUT049,Tier 1,Medium,Supermarket Type1,0.041429,19.75,117.2466,4.0
Low Fat,DRF23,Hard Drinks,2012.0,OUT049,Tier 1,Medium,Supermarket Type1,0.122843,4.61,172.4396,4.0
Low Fat,DRL35,Hard Drinks,2012.0,OUT049,Tier 1,Medium,Supermarket Type1,0.030751,15.7,42.577,4.0
Low Fat,NCZ53,Health and Hygiene,2012.0,OUT049,Tier 1,Medium,Supermarket Type1,0.024515,9.6,189.2214,4.0
Low Fat,NCU05,Health and Hygiene,2012.0,OUT049,Tier 1,Medium,Supermarket Type1,0.058828,11.8,80.8618,4.0
Low Fat,NCY05,Health and Hygiene,2012.0,OUT049,Tier 1,Medium,Supermarket Type1,0.055076,13.5,33.3874,4.0
Low Fat,NCF07,Household,2012.0,OUT049,Tier 1,Medium,Supermarket Type1,0.032072,9.0,102.2016,4.0
Low Fat,NCF31,Household,2012.0,OUT049,Tier 1,Medium,Supermarket Type1,0.051928,9.13,151.4024,4.0
Low Fat,NCM18,Household,2012.0,OUT049,Tier 1,Medium,Supermarket Type1,0.082971,13.0,60.0194,4.0
Low Fat,NCL06,Household,2012.0,OUT049,Tier 1,Medium,Supermarket Type1,0.072179,14.65,262.9594,4.0
Low Fat,NCU06,Household,2012.0,OUT049,Tier 1,Medium,Supermarket Type1,0.074523,17.6,228.801,4.0
Low Fat,NCL42,Household,2012.0,OUT049,Tier 1,Medium,Supermarket Type1,0.040434,18.85,244.3144,4.0
Low Fat,NCM43,Others,2012.0,OUT049,Tier 1,Medium,Supermarket Type1,0.019506,14.5,163.921,4.0
Low Fat,NCQ38,Others,2012.0,OUT049,Tier 1,Medium,Supermarket Type1,0.013387,16.35,105.628,4.0
Low Fat,FDI57,Seafood,2012.0,OUT049,Tier 1,Medium,Supermarket Type1,0.05411,19.85,195.0768,4.0
Low Fat,FDQ09,Snack Foods,2012.0,OUT049,Tier 1,Medium,Supermarket Type1,0.058223,7.235,114.8834,4.0
Low Fat,FDZ46,Snack Foods,2012.0,OUT049,Tier 1,Medium,Supermarket Type1,0.069231,7.485,112.1228,4.0
Low Fat,FDB22,Snack Foods,2012.0,OUT049,Tier 1,Medium,Supermarket Type1,0.111614,8.02,152.6998,4.0
Low Fat,FDW33,Snack Foods,2012.0,OUT049,Tier 1,Medium,Supermarket Type1,0.099275,9.395,104.528,4.0
Low Fat,FDB10,Snack Foods,2012.0,OUT049,Tier 1,Medium,Supermarket Type1,0.067313,10.0,234.359,4.0
Low Fat,FDX58,Snack Foods,2012.0,OUT049,Tier 1,Medium,Supermarket Type1,0.043832,13.15,184.195,4.0
Low Fat,FDB34,Snack Foods,2012.0,OUT049,Tier 1,Medium,Supermarket Type1,0.026651,15.25,86.6198,4.0
Low Fat,FDE59,Starchy Foods,2012.0,OUT049,Tier 1,Medium,Supermarket Type1,0.062385,12.15,34.6532,4.0
Low Fat,FDE47,Starchy Foods,2012.0,OUT049,Tier 1,Medium,Supermarket Type1,0.037968,14.15,125.6046,4.0
Low Fat,FDH35,Starchy Foods,2012.0,OUT049,Tier 1,Medium,Supermarket Type1,0.060342,18.25,165.9526,4.0
Regular,FDS11,Breads,2012.0,OUT049,Tier 1,Medium,Supermarket Type1,0.055645,7.05,224.9088,4.0
Regular,FDT01,Canned,2012.0,OUT049,Tier 1,Medium,Supermarket Type1,0.184454,13.65,211.4902,4.0
Regular,FDN50,Canned,2012.0,OUT049,Tier 1,Medium,Supermarket Type1,0.026561,16.85,93.712,4.0
Regular,FDJ02,Canned,2012.0,OUT049,Tier 1,Medium,Supermarket Type1,0.025206,17.2,149.1418,4.0
Regular,FDV01,Canned,2012.0,OUT049,Tier 1,Medium,Supermarket Type1,0.085083,19.2,153.5314,4.0
Regular,FDH26,Canned,2012.0,OUT049,Tier 1,Medium,Supermarket Type1,0.034754,19.25,141.5496,4.0
Regular,FDB03,Dairy,2012.0,OUT049,Tier 1,Medium,Supermarket Type1,0.157076,17.75,240.5538,4.0
Regular,FDC29,Frozen Foods,2012.0,OUT049,Tier 1,Medium,Supermarket Type1,0.024243,8.39,116.0176,4.0
Regular,FDE41,Frozen Foods,2012.0,OUT049,Tier 1,Medium,Supermarket Type1,0.064114,9.195,86.5566,4.0
Regular,FDC05,Frozen Foods,2012.0,OUT049,Tier 1,Medium,Supermarket Type1,0.098938,13.1,195.7768,4.0
Regular,FDW16,Frozen Foods,2012.0,OUT049,Tier 1,Medium,Supermarket Type1,0.041539,17.35,93.1804,4.0
Regular,FDR44,Fruits and Vegetables,2012.0,OUT049,Tier 1,Medium,Supermarket Type1,0.103081,6.11,131.2968,4.0
Regular,FDU19,Fruits and Vegetables,2012.0,OUT049,Tier 1,Medium,Supermarket Type1,0.046844,8.77,174.2422,4.0
Regular,FDX56,Fruits and Vegetables,2012.0,OUT049,Tier 1,Medium,Supermarket Type1,0.0,17.1,208.5638,4.0
Regular,FDQ32,Fruits and Vegetables,2012.0,OUT049,Tier 1,Medium,Supermarket Type1,0.046681,17.85,121.9388,4.0
Regular,FDP03,Meat,2012.0,OUT049,Tier 1,Medium,Supermarket Type1,0.061272,5.15,125.6388,4.0
Regular,FDI09,Seafood,2012.0,OUT049,Tier 1,Medium,Supermarket Type1,0.129539,20.75,240.288,4.0
Regular,FDE10,Snack Foods,2012.0,OUT049,Tier 1,Medium,Supermarket Type1,0.0,6.67,133.0626,4.0
Regular,FDO45,Snack Foods,2012.0,OUT049,Tier 1,Medium,Supermarket Type1,0.038012,13.15,89.6856,4.0
Regular,FDO22,Snack Foods,2012.0,OUT049,Tier 1,Medium,Supermarket Type1,0.017887,13.5,79.496,4.0
Regular,FDY33,Snack Foods,2012.0,OUT049,Tier 1,Medium,Supermarket Type1,0.097352,14.5,160.7262,4.0
Low Fat,NCX06,Household,2018.0,OUT019,Tier 1,Small,Grocery Store,0.027466,12.6,181.5976,4.0
Low Fat,FDL36,Baking Goods,2018.0,OUT019,Tier 1,Small,Grocery Store,0.133198,12.6,91.083,4.0
Low Fat,FDV23,Breads,2018.0,OUT019,Tier 1,Small,Grocery Store,0.185307,12.6,125.6046,4.0
Low Fat,FDO13,Breakfast,2018.0,OUT019,Tier 1,Small,Grocery Store,0.106908,12.6,162.8526,4.0
Low Fat,FDE02,Canned,2018.0,OUT019,Tier 1,Small,Grocery Store,0.212294,12.6,92.2778,4.0
Low Fat,DRE15,Dairy,2018.0,OUT019,Tier 1,Small,Grocery Store,0.03114,12.6,74.8012,4.0
Low Fat,FDA38,Dairy,2018.0,OUT019,Tier 1,Small,Grocery Store,0.044612,12.6,241.1538,4.0
Low Fat,FDD39,Dairy,2018.0,OUT019,Tier 1,Small,Grocery Store,0.122832,12.6,217.685,4.0
Low Fat,FDD05,Frozen Foods,2018.0,OUT019,Tier 1,Small,Grocery Store,0.029085,12.6,122.0098,4.0
Low Fat,FDM28,Frozen Foods,2018.0,OUT019,Tier 1,Small,Grocery Store,0.079146,12.6,181.466,4.0
Low Fat,FDC45,Fruits and Vegetables,2018.0,OUT019,Tier 1,Small,Grocery Store,0.237651,12.6,170.2106,4.0
Low Fat,FDL20,Fruits and Vegetables,2018.0,OUT019,Tier 1,Small,Grocery Store,0.224837,12.6,112.7886,4.0
Low Fat,NCS53,Health and Hygiene,2018.0,OUT019,Tier 1,Small,Grocery Store,0.15719,12.6,156.8604,4.0
Low Fat,NCW29,Health and Hygiene,2018.0,OUT019,Tier 1,Small,Grocery Store,0.050535,12.6,130.031,4.0
Low Fat,NCF19,Household,2018.0,OUT019,Tier 1,Small,Grocery Store,0.061471,12.6,48.6034,4.0
Low Fat,NCF31,Household,2018.0,OUT019,Tier 1,Small,Grocery Store,0.090778,12.6,153.1024,4.0
Low Fat,NCI06,Household,2018.0,OUT019,Tier 1,Small,Grocery Store,0.083548,12.6,179.166,4.0
Low Fat,NCI31,Others,2018.0,OUT019,Tier 1,Small,Grocery Store,0.142393,12.6,36.419,4.0
Low Fat,NCM43,Others,2018.0,OUT019,Tier 1,Small,Grocery Store,0.034099,12.6,162.621,4.0
Low Fat,NCN19,Others,2018.0,OUT019,Tier 1,Small,Grocery Store,0.021185,12.6,189.553,4.0
Low Fat,FDX21,Snack Foods,2018.0,OUT019,Tier 1,Small,Grocery Store,0.148765,12.6,111.1912,4.0
Low Fat,FDZ58,Snack Foods,2018.0,OUT019,Tier 1,Small,Grocery Store,0.091355,12.6,122.3072,4.0
Low Fat,DRH49,Soft Drinks,2018.0,OUT019,Tier 1,Small,Grocery Store,0.043169,12.6,82.8592,4.0
Regular,FDL12,Baking Goods,2018.0,OUT019,Tier 1,Small,Grocery Store,0.212963,12.6,59.522,4.0
Regular,FDM36,Baking Goods,2018.0,OUT019,Tier 1,Small,Grocery Store,0.10283,12.6,172.6422,4.0
Regular,FDQ11,Breads,2018.0,OUT019,Tier 1,Small,Grocery Store,0.118536,12.6,256.3988,4.0
Regular,FDZ25,Canned,2018.0,OUT019,Tier 1,Small,Grocery Store,0.0,12.6,169.879,4.0
Regular,FDX38,Dairy,2018.0,OUT019,Tier 1,Small,Grocery Store,0.084404,12.6,49.5376,4.0
Regular,FDH17,Frozen Foods,2018.0,OUT019,Tier 1,Small,Grocery Store,0.029158,12.6,97.0726,4.0
Regular,FDU28,Frozen Foods,2018.0,OUT019,Tier 1,Small,Grocery Store,0.164439,12.6,188.4214,4.0
Regular,FDC57,Fruits and Vegetables,2018.0,OUT019,Tier 1,Small,Grocery Store,0.095588,12.6,193.982,4.0
Regular,FDK08,Fruits and Vegetables,2018.0,OUT019,Tier 1,Small,Grocery Store,0.21414,12.6,102.4016,4.0
Regular,FDS31,Fruits and Vegetables,2018.0,OUT019,Tier 1,Small,Grocery Store,0.0,12.6,178.5318,4.0
Regular,FDL21,Snack Foods,2018.0,OUT019,Tier 1,Small,Grocery Store,0.012512,12.6,38.748,4.0
Regular,FDX22,Snack Foods,2018.0,OUT019,Tier 1,Small,Grocery Store,0.040226,12.6,210.9928,4.0
Low Fat,FDQ14,Dairy,2018.0,OUT019,Tier 1,Small,Grocery Store,0.108182,12.6,149.605,4.0
Low Fat,NCO54,Household,2018.0,OUT019,Tier 1,Small,Grocery Store,0.024992,12.6,53.6614,4.0
Low Fat,FDV45,Snack Foods,2018.0,OUT019,Tier 1,Small,Grocery Store,0.078872,12.6,189.5556,4.0
Regular,FDX48,Baking Goods,2018.0,OUT019,Tier 1,Small,Grocery Store,0.066337,12.6,154.1656,4.0
Low Fat,FDU39,Meat,2016.0,OUT046,Tier 1,Small,Supermarket Type1,0.036038,18.85,58.4562,4.0
Low Fat,DRD49,Soft Drinks,2016.0,OUT046,Tier 1,Small,Supermarket Type1,0.167831,9.895,237.4564,4.0
Low Fat,FDC48,Baking Goods,2016.0,OUT046,Tier 1,Small,Supermarket Type1,0.015859,9.195,84.5592,4.0
Low Fat,FDW59,Breads,2016.0,OUT046,Tier 1,Small,Supermarket Type1,0.020716,13.15,83.5566,4.0
Low Fat,FDN13,Breakfast,2016.0,OUT046,Tier 1,Small,Supermarket Type1,0.152058,18.6,99.9358,4.0
Low Fat,FDT13,Canned,2016.0,OUT046,Tier 1,Small,Supermarket Type1,0.018572,14.85,187.3214,4.0
Low Fat,FDA49,Canned,2016.0,OUT046,Tier 1,Small,Supermarket Type1,0.064922,19.7,88.1198,4.0
Low Fat,FDC02,Canned,2016.0,OUT046,Tier 1,Small,Supermarket Type1,0.068822,21.35,258.3278,4.0
Low Fat,FDK51,Dairy,2016.0,OUT046,Tier 1,Small,Supermarket Type1,0.005235,19.85,265.8884,4.0
Low Fat,FDK40,Frozen Foods,2016.0,OUT046,Tier 1,Small,Supermarket Type1,0.021849,7.035,262.091,4.0
Low Fat,FDC53,Frozen Foods,2016.0,OUT046,Tier 1,Small,Supermarket Type1,0.008836,8.68,96.5384,4.0
Low Fat,FDI28,Frozen Foods,2016.0,OUT046,Tier 1,Small,Supermarket Type1,0.026322,14.3,77.6302,4.0
Low Fat,FDJ04,Frozen Foods,2016.0,OUT046,Tier 1,Small,Supermarket Type1,0.124452,18.0,118.5124,4.0
Low Fat,FDD16,Frozen Foods,2016.0,OUT046,Tier 1,Small,Supermarket Type1,0.036353,20.5,75.8696,4.0
Low Fat,FDP32,Fruits and Vegetables,2016.0,OUT046,Tier 1,Small,Supermarket Type1,0.087669,6.65,127.2678,4.0
Low Fat,DRM11,Hard Drinks,2016.0,OUT046,Tier 1,Small,Supermarket Type1,0.06607,6.57,261.0278,4.0
Low Fat,DRO35,Hard Drinks,2016.0,OUT046,Tier 1,Small,Supermarket Type1,0.03457,13.85,117.4492,4.0
Low Fat,NCX29,Health and Hygiene,2016.0,OUT046,Tier 1,Small,Supermarket Type1,0.089153,10.0,147.7102,4.0
Low Fat,NCZ17,Health and Hygiene,2016.0,OUT046,Tier 1,Small,Supermarket Type1,0.079432,12.15,38.6506,4.0
Low Fat,NCJ05,Health and Hygiene,2016.0,OUT046,Tier 1,Small,Supermarket Type1,0.046088,18.7,153.6682,4.0
Low Fat,NCV17,Health and Hygiene,2016.0,OUT046,Tier 1,Small,Supermarket Type1,0.016108,18.85,129.7626,4.0
Low Fat,NCA29,Household,2016.0,OUT046,Tier 1,Small,Supermarket Type1,0.027276,10.5,171.3106,4.0
Low Fat,NCX18,Household,2016.0,OUT046,Tier 1,Small,Supermarket Type1,0.0,14.15,196.311,4.0
Low Fat,NCZ54,Household,2016.0,OUT046,Tier 1,Small,Supermarket Type1,0.083359,14.65,161.9552,4.0
Low Fat,NCD18,Household,2016.0,OUT046,Tier 1,Small,Supermarket Type1,0.0,16.0,228.8668,4.0
Low Fat,NCF54,Household,2016.0,OUT046,Tier 1,Small,Supermarket Type1,0.047377,18.0,171.1422,4.0
Low Fat,NCC18,Household,2016.0,OUT046,Tier 1,Small,Supermarket Type1,0.17727,19.1,174.0422,4.0
Low Fat,NCZ06,Household,2016.0,OUT046,Tier 1,Small,Supermarket Type1,0.094162,19.6,251.9698,4.0
Low Fat,NCE42,Household,2016.0,OUT046,Tier 1,Small,Supermarket Type1,0.010602,21.1,235.3958,4.0
Low Fat,FDQ39,Meat,2016.0,OUT046,Tier 1,Small,Supermarket Type1,0.081042,14.8,192.4846,4.0
Low Fat,NCM55,Others,2016.0,OUT046,Tier 1,Small,Supermarket Type1,0.066726,15.6,185.8924,4.0
Low Fat,FDI22,Snack Foods,2016.0,OUT046,Tier 1,Small,Supermarket Type1,0.096212,12.6,207.2612,4.0
Low Fat,FDA21,Snack Foods,2016.0,OUT046,Tier 1,Small,Supermarket Type1,0.035961,13.65,186.3924,4.0
Low Fat,FDP46,Snack Foods,2016.0,OUT046,Tier 1,Small,Supermarket Type1,0.0,15.35,88.283,4.0
Low Fat,FDL34,Snack Foods,2016.0,OUT046,Tier 1,Small,Supermarket Type1,0.040946,16.0,143.1496,4.0
Low Fat,FDS10,Snack Foods,2016.0,OUT046,Tier 1,Small,Supermarket Type1,0.035186,19.2,181.3318,4.0
Low Fat,FDQ21,Snack Foods,2016.0,OUT046,Tier 1,Small,Supermarket Type1,0.019423,21.25,120.8756,4.0
Low Fat,DRE48,Soft Drinks,2016.0,OUT046,Tier 1,Small,Supermarket Type1,0.017326,8.43,197.9768,4.0
Low Fat,DRC49,Soft Drinks,2016.0,OUT046,Tier 1,Small,Supermarket Type1,0.065437,8.67,142.9128,4.0
Low Fat,DRK13,Soft Drinks,2016.0,OUT046,Tier 1,Small,Supermarket Type1,0.115168,11.8,199.8084,4.0
Low Fat,DRE25,Soft Drinks,2016.0,OUT046,Tier 1,Small,Supermarket Type1,0.073283,15.35,91.812,4.0
Low Fat,DRG37,Soft Drinks,2016.0,OUT046,Tier 1,Small,Supermarket Type1,0.019378,16.2,156.4972,4.0
Low Fat,FDG59,Starchy Foods,2016.0,OUT046,Tier 1,Small,Supermarket Type1,0.043235,15.85,38.3164,4.0
Regular,FDI60,Baking Goods,2016.0,OUT046,Tier 1,Small,Supermarket Type1,0.038321,7.22,61.851,4.0
Regular,FDY60,Baking Goods,2016.0,OUT046,Tier 1,Small,Supermarket Type1,0.0,10.5,143.3128,4.0
Regular,FDK60,Baking Goods,2016.0,OUT046,Tier 1,Small,Supermarket Type1,0.0,16.5,96.2068,4.0
Regular,FDM38,Canned,2016.0,OUT046,Tier 1,Small,Supermarket Type1,0.092771,5.885,54.1982,4.0
Regular,FDR25,Canned,2016.0,OUT046,Tier 1,Small,Supermarket Type1,0.139522,17.0,266.8884,4.0
Regular,FDH14,Canned,2016.0,OUT046,Tier 1,Small,Supermarket Type1,0.046809,17.1,141.4838,4.0
Regular,FDW26,Dairy,2016.0,OUT046,Tier 1,Small,Supermarket Type1,0.107057,11.8,224.1772,4.0
Regular,FDK03,Dairy,2016.0,OUT046,Tier 1,Small,Supermarket Type1,0.07392,12.6,255.6356,4.0
Regular,FDH17,Frozen Foods,2016.0,OUT046,Tier 1,Small,Supermarket Type1,0.016653,16.2,97.3726,4.0
Regular,FDK08,Fruits and Vegetables,2016.0,OUT046,Tier 1,Small,Supermarket Type1,0.122305,9.195,99.2016,4.0
Regular,FDW44,Fruits and Vegetables,2016.0,OUT046,Tier 1,Small,Supermarket Type1,0.035151,9.5,171.8448,4.0
Regular,FDD21,Fruits and Vegetables,2016.0,OUT046,Tier 1,Small,Supermarket Type1,0.030569,10.3,113.1176,4.0
Regular,FDY20,Fruits and Vegetables,2016.0,OUT046,Tier 1,Small,Supermarket Type1,0.081753,12.5,89.0488,4.0
Regular,FDT55,Fruits and Vegetables,2016.0,OUT046,Tier 1,Small,Supermarket Type1,0.043655,13.6,156.7946,4.0
Regular,FDP08,Fruits and Vegetables,2016.0,OUT046,Tier 1,Small,Supermarket Type1,0.11241,20.5,192.2478,4.0
Regular,FDI07,Meat,2016.0,OUT046,Tier 1,Small,Supermarket Type1,0.033761,12.35,196.9426,4.0
Regular,FDZ39,Meat,2016.0,OUT046,Tier 1,Small,Supermarket Type1,0.018025,19.7,104.499,4.0
Regular,FDI09,Seafood,2016.0,OUT046,Tier 1,Small,Supermarket Type1,0.129338,20.75,238.188,4.0
Regular,FDI58,Snack Foods,2016.0,OUT046,Tier 1,Small,Supermarket Type1,0.070704,7.64,93.412,4.0
Regular,FDX46,Snack Foods,2016.0,OUT046,Tier 1,Small,Supermarket Type1,0.058117,12.3,57.5562,4.0
Regular,FDL21,Snack Foods,2016.0,OUT046,Tier 1,Small,Supermarket Type1,0.007146,15.85,41.048,4.0
Regular,FDS22,Snack Foods,2016.0,OUT046,Tier 1,Small,Supermarket Type1,0.023154,16.85,43.9428,4.0
Regular,DRC01,Soft Drinks,2016.0,OUT046,Tier 1,Small,Supermarket Type1,0.019201,5.92,47.7692,4.0
Regular,FDE23,Starchy Foods,2016.0,OUT046,Tier 1,Small,Supermarket Type1,0.0,17.6,46.006,4.0
Low Fat,FDN09,Snack Foods,2015.0,OUT045,Tier 2,Medium,Supermarket Type1,0.0,14.15,244.1828,4.0
Low Fat,FDA15,Dairy,2020.0,OUT017,Tier 2,Medium,Supermarket Type1,0.016113,9.3,248.8092,4.0
Low Fat,FDY36,Baking Goods,2015.0,OUT045,Tier 2,Medium,Supermarket Type1,0.00943,12.3,71.338,4.0
Low Fat,FDH48,Baking Goods,2015.0,OUT045,Tier 2,Medium,Supermarket Type1,0.060603,13.5,85.554,4.0
Low Fat,FDG50,Canned,2015.0,OUT045,Tier 2,Medium,Supermarket Type1,0.015303,7.405,89.9146,4.0
Low Fat,FDS14,Dairy,2015.0,OUT045,Tier 2,Medium,Supermarket Type1,0.050065,7.285,157.4288,4.0
Low Fat,DRE27,Dairy,2015.0,OUT045,Tier 2,Medium,Supermarket Type1,0.13294,11.85,98.0726,4.0
Low Fat,DRJ39,Dairy,2015.0,OUT045,Tier 2,Medium,Supermarket Type1,0.0364,20.25,219.3482,4.0
Low Fat,FDF09,Fruits and Vegetables,2015.0,OUT045,Tier 2,Medium,Supermarket Type1,0.012174,6.215,36.4848,4.0
Low Fat,FDJ08,Fruits and Vegetables,2015.0,OUT045,Tier 2,Medium,Supermarket Type1,0.110897,11.1,191.5846,4.0
Low Fat,FDS43,Fruits and Vegetables,2015.0,OUT045,Tier 2,Medium,Supermarket Type1,0.040597,11.65,187.324,4.0
Low Fat,FDO44,Fruits and Vegetables,2015.0,OUT045,Tier 2,Medium,Supermarket Type1,0.087631,12.6,110.0228,4.0
Low Fat,FDE21,Fruits and Vegetables,2015.0,OUT045,Tier 2,Medium,Supermarket Type1,0.022991,12.8,114.9492,4.0
Low Fat,FDT31,Fruits and Vegetables,2015.0,OUT045,Tier 2,Medium,Supermarket Type1,0.012474,19.75,187.5872,4.0
Low Fat,DRN47,Hard Drinks,2015.0,OUT045,Tier 2,Small,Supermarket Type1,0.0,12.1,179.866,4.0
Low Fat,NCS05,Health and Hygiene,2015.0,OUT045,Tier 2,Small,Supermarket Type1,0.021021,11.5,130.7942,4.0
Low Fat,NCT41,Health and Hygiene,2015.0,OUT045,Tier 2,Small,Supermarket Type1,0.056104,15.7,153.5024,4.0
Low Fat,NCF43,Household,2015.0,OUT045,Tier 2,Small,Supermarket Type1,0.052051,8.51,142.247,4.0
Low Fat,NCK18,Household,2015.0,OUT045,Tier 2,Small,Supermarket Type1,0.0,9.6,164.2184,4.0
Low Fat,NCX18,Household,2015.0,OUT045,Tier 2,Small,Supermarket Type1,0.008812,14.15,196.511,4.0
Low Fat,NCL06,Household,2015.0,OUT045,Tier 2,Small,Supermarket Type1,0.072213,14.65,260.9594,4.0
Low Fat,NCE30,Household,2015.0,OUT045,Tier 2,Small,Supermarket Type1,0.0,16.0,210.4902,4.0
Low Fat,FDU39,Meat,2015.0,OUT045,Tier 2,Small,Supermarket Type1,0.036111,18.85,58.1562,4.0
Low Fat,NCN55,Others,2015.0,OUT045,Tier 2,Small,Supermarket Type1,0.059611,14.6,238.3538,4.0
Low Fat,FDH09,Seafood,2015.0,OUT045,Tier 2,Small,Supermarket Type1,0.056191,12.6,53.2982,4.0
Low Fat,FDR33,Snack Foods,2015.0,OUT045,Tier 2,Small,Supermarket Type1,0.026843,7.31,109.757,4.0
Low Fat,FDD34,Snack Foods,2015.0,OUT045,Tier 2,Small,Supermarket Type1,0.015908,7.945,161.421,4.0
Low Fat,FDL10,Snack Foods,2015.0,OUT045,Tier 2,Small,Supermarket Type1,0.039572,8.395,100.9042,4.0
Low Fat,FDA57,Snack Foods,2015.0,OUT045,Tier 2,Small,Supermarket Type1,0.039724,18.85,41.048,4.0
Low Fat,FDA45,Snack Foods,2015.0,OUT045,Tier 2,Small,Supermarket Type1,0.155695,21.25,177.637,4.0
Low Fat,DRF25,Soft Drinks,2015.0,OUT045,Tier 2,Small,Supermarket Type1,0.039004,9.0,37.019,4.0
Low Fat,DRJ24,Soft Drinks,2015.0,OUT045,Tier 2,Small,Supermarket Type1,0.113559,11.8,184.2924,4.0
Low Fat,DRN36,Soft Drinks,2015.0,OUT045,Tier 2,Small,Supermarket Type1,0.05028,15.2,94.1752,4.0
Low Fat,FDY36,Baking Goods,2020.0,OUT017,Tier 2,Small,Supermarket Type1,0.009464,12.3,73.838,4.0
Low Fat,FDZ48,Baking Goods,2020.0,OUT017,Tier 2,Small,Supermarket Type1,0.076389,17.75,111.1544,4.0
Low Fat,FDW59,Breads,2020.0,OUT017,Tier 2,Small,Supermarket Type1,0.020833,13.15,86.5566,4.0
Low Fat,FDU13,Canned,2020.0,OUT017,Tier 2,Small,Supermarket Type1,0.18862,8.355,146.4418,4.0
Low Fat,FDX25,Canned,2020.0,OUT017,Tier 2,Small,Supermarket Type1,0.102633,16.7,180.8292,4.0
Low Fat,FDY50,Dairy,2020.0,OUT017,Tier 2,Small,Supermarket Type1,0.131697,5.8,89.4172,4.0
Low Fat,FDA50,Dairy,2020.0,OUT017,Tier 2,Small,Supermarket Type1,0.087668,16.25,94.941,4.0
Low Fat,FDS50,Dairy,2020.0,OUT017,Tier 2,Small,Supermarket Type1,0.055747,17.0,220.0114,4.0
Low Fat,DRI51,Dairy,2020.0,OUT017,Tier 2,Small,Supermarket Type1,0.042481,17.25,173.4764,4.0
Low Fat,FDR26,Dairy,2020.0,OUT017,Tier 2,Small,Supermarket Type1,0.043079,20.7,177.8028,4.0
Low Fat,FDF17,Frozen Foods,2020.0,OUT017,Tier 2,Small,Supermarket Type1,0.042862,5.19,196.811,4.0
Low Fat,FDD08,Fruits and Vegetables,2020.0,OUT017,Tier 2,Small,Supermarket Type1,0.035554,8.3,37.4506,4.0
Low Fat,FDY07,Fruits and Vegetables,2020.0,OUT017,Tier 2,Small,Supermarket Type1,0.12229,11.8,46.3402,4.0
Low Fat,FDS07,Fruits and Vegetables,2020.0,OUT017,Tier 2,Small,Supermarket Type1,0.100322,12.35,113.7518,4.0
Low Fat,FDM44,Fruits and Vegetables,2020.0,OUT017,Tier 2,Small,Supermarket Type1,0.031225,12.5,102.899,4.0
Low Fat,DRN11,Hard Drinks,2020.0,OUT017,Tier 2,Small,Supermarket Type1,0.163902,7.85,143.3444,4.0
Low Fat,DRJ11,Hard Drinks,2020.0,OUT017,Tier 2,Small,Supermarket Type1,0.0,9.5,188.9872,4.0
Low Fat,DRJ35,Hard Drinks,2020.0,OUT017,Tier 2,Small,Supermarket Type1,0.046848,10.1,60.6878,4.0
Low Fat,NCZ41,Health and Hygiene,2020.0,OUT017,Tier 2,Small,Supermarket Type1,0.064786,19.85,123.7704,4.0
Low Fat,NCU30,Household,2020.0,OUT017,Tier 2,Small,Supermarket Type1,0.035072,5.11,163.221,4.0
Low Fat,NCF07,Household,2020.0,OUT017,Tier 2,Small,Supermarket Type1,0.032204,9.0,100.8016,4.0
Low Fat,NCQ06,Household,2020.0,OUT017,Tier 2,Small,Supermarket Type1,0.042061,13.0,254.1014,4.0
Low Fat,NCO18,Household,2020.0,OUT017,Tier 2,Small,Supermarket Type1,0.024791,13.15,177.5686,4.0
Low Fat,NCQ18,Household,2020.0,OUT017,Tier 2,High,Supermarket Type1,0.135837,15.75,100.37,4.0
Low Fat,NCF54,Household,2020.0,OUT017,Tier 2,High,Supermarket Type1,0.047645,18.0,172.6422,4.0
Low Fat,NCL18,Household,2020.0,OUT017,Tier 2,High,Supermarket Type1,0.168532,18.85,192.5136,4.0
Low Fat,NCZ06,Household,2020.0,OUT017,Tier 2,High,Supermarket Type1,0.094694,19.6,254.9698,4.0
Low Fat,FDQ46,Snack Foods,2020.0,OUT017,Tier 2,High,Supermarket Type1,0.1044,7.51,113.5544,4.0
Low Fat,FDW33,Snack Foods,2020.0,OUT017,Tier 2,High,Supermarket Type1,0.099681,9.395,106.428,4.0
Low Fat,FDR45,Snack Foods,2020.0,OUT017,Tier 2,High,Supermarket Type1,0.029107,10.8,240.5222,4.0
Low Fat,FDW45,Snack Foods,2020.0,OUT017,Tier 2,High,Supermarket Type1,0.039232,18.0,145.1418,4.0
Low Fat,DRJ49,Soft Drinks,2020.0,OUT017,Tier 2,High,Supermarket Type1,0.014072,6.865,127.3652,4.0
Low Fat,DRZ24,Soft Drinks,2020.0,OUT017,Tier 2,High,Supermarket Type1,0.08225,7.535,118.344,4.0
Low Fat,DRK01,Soft Drinks,2020.0,OUT017,Tier 2,High,Supermarket Type1,0.06141,7.63,94.6436,4.0
Low Fat,DRD49,Soft Drinks,2020.0,OUT017,Tier 2,High,Supermarket Type1,0.16878,9.895,236.8564,4.0
Low Fat,DRK49,Soft Drinks,2020.0,OUT017,Tier 2,High,Supermarket Type1,0.036147,14.15,39.3138,4.0
Low Fat,FDD11,Starchy Foods,2020.0,OUT017,Tier 2,High,Supermarket Type1,0.03079,12.85,254.904,4.0
Regular,FDW60,Baking Goods,2015.0,OUT045,Tier 2,High,Supermarket Type1,0.017097,5.44,178.137,4.0
Regular,FDB36,Baking Goods,2015.0,OUT045,Tier 2,High,Supermarket Type1,0.048626,5.465,129.2626,4.0
Regular,FDI60,Baking Goods,2015.0,OUT045,Tier 2,High,Supermarket Type1,0.038399,7.22,61.951,4.0
Regular,FDP12,Baking Goods,2015.0,OUT045,Tier 2,High,Supermarket Type1,0.045359,9.8,36.1874,4.0
Regular,FDT47,Breads,2015.0,OUT045,Tier 2,High,Supermarket Type1,0.024559,5.26,95.6068,4.0
Regular,FDU47,Breads,2015.0,OUT045,Tier 2,High,Supermarket Type1,0.114085,12.8,141.3838,4.0
Regular,FDP49,Breakfast,2015.0,OUT045,Tier 2,High,Supermarket Type1,0.069229,9.0,55.9614,4.0
Regular,FDR01,Canned,2015.0,OUT045,Tier 2,High,Supermarket Type1,0.05373,5.405,199.0742,4.0
Regular,FDQ01,Canned,2015.0,OUT045,Tier 2,High,Supermarket Type1,0.161028,19.7,254.1014,4.0
Regular,FDC51,Dairy,2015.0,OUT045,Tier 2,High,Supermarket Type1,0.009641,10.895,124.173,4.0
Regular,FDK03,Dairy,2015.0,OUT045,Tier 2,High,Supermarket Type1,0.07407,12.6,254.2356,4.0
Regular,FDF39,Dairy,2015.0,OUT045,Tier 2,High,Supermarket Type1,0.019551,14.85,263.791,4.0
Regular,FDE40,Dairy,2015.0,OUT045,Tier 2,High,Supermarket Type1,0.099345,15.6,63.6194,4.0
Regular,FDA27,Dairy,2015.0,OUT045,Tier 2,High,Supermarket Type1,0.03099,20.35,256.3672,4.0
Regular,FDV44,Fruits and Vegetables,2015.0,OUT045,Tier 2,High,Supermarket Type1,0.039925,8.365,189.2188,4.0
Regular,FDC33,Fruits and Vegetables,2015.0,OUT045,Tier 2,High,Supermarket Type1,0.069078,8.96,197.7768,4.0
Regular,FDX07,Fruits and Vegetables,2015.0,OUT045,Tier 2,High,Supermarket Type1,0.022965,19.2,181.695,4.0
Regular,FDS15,Meat,2015.0,OUT045,Tier 2,High,Supermarket Type1,0.078219,9.195,107.6596,4.0
Regular,FDM15,Meat,2015.0,OUT045,Tier 2,High,Supermarket Type1,0.057538,11.8,149.8366,4.0
Regular,FDI09,Seafood,2015.0,OUT045,Tier 2,High,Supermarket Type1,0.0,20.75,239.988,4.0
Regular,FDJ10,Snack Foods,2015.0,OUT045,Tier 2,High,Supermarket Type1,0.129766,5.095,141.6838,4.0
Regular,FDS09,Snack Foods,2015.0,OUT045,Tier 2,High,Supermarket Type1,0.081253,8.895,49.8008,4.0
Regular,FDY33,Snack Foods,2015.0,OUT045,Tier 2,High,Supermarket Type1,0.097398,14.5,157.4262,4.0
Regular,FDR22,Snack Foods,2015.0,OUT045,Tier 2,High,Supermarket Type1,0.0186,19.35,110.2544,4.0
Regular,FDT12,Baking Goods,2020.0,OUT017,Tier 2,High,Supermarket Type1,0.049902,6.215,225.8062,4.0
Regular,FDP12,Baking Goods,2020.0,OUT017,Tier 2,High,Supermarket Type1,0.045523,9.8,35.0874,4.0
Regular,FDQ48,Baking Goods,2020.0,OUT017,Tier 2,High,Supermarket Type1,0.034606,14.3,95.9726,4.0
Regular,FDR24,Baking Goods,2020.0,OUT017,Tier 2,High,Supermarket Type1,0.063207,17.35,89.383,4.0
Regular,FDX47,Breads,2020.0,OUT017,Tier 2,High,Supermarket Type1,0.0348,6.55,157.5288,4.0
Regular,FDM25,Breakfast,2020.0,OUT017,Tier 2,High,Supermarket Type1,0.061009,10.695,177.5712,4.0
Regular,FDS25,Canned,2020.0,OUT017,Tier 2,High,Supermarket Type1,0.1408,6.885,111.4228,4.0
Regular,FDJ02,Canned,2020.0,OUT017,Tier 2,High,Supermarket Type1,0.025309,17.2,147.0418,4.0
Regular,FDZ02,Dairy,2020.0,OUT017,Tier 2,High,Supermarket Type1,0.038363,6.905,98.1726,4.0
Regular,FDI27,Dairy,2020.0,OUT017,Tier 2,High,Supermarket Type1,0.0,8.71,43.5744,4.0
Regular,FDS02,Dairy,2020.0,OUT017,Tier 2,High,Supermarket Type1,0.146692,10.195,194.5794,4.0
Regular,FDJ15,Dairy,2020.0,OUT017,Tier 2,High,Supermarket Type1,0.023454,11.35,181.9608,4.0
Regular,FDA27,Dairy,2020.0,OUT017,Tier 2,High,Supermarket Type1,0.031103,20.35,257.2672,4.0
Regular,FDT52,Frozen Foods,2020.0,OUT017,Tier 2,High,Supermarket Type1,0.047698,9.695,244.6144,4.0
Regular,FDS16,Frozen Foods,2020.0,OUT017,Tier 2,High,Supermarket Type1,0.066551,15.15,144.676,4.0
Regular,FDH17,Frozen Foods,2020.0,OUT017,Tier 2,High,Supermarket Type1,0.016748,16.2,98.6726,4.0
Regular,FDY04,Frozen Foods,2020.0,OUT017,Tier 2,High,Supermarket Type1,0.042717,17.7,163.221,4.0
Regular,FDS56,Fruits and Vegetables,2020.0,OUT017,Tier 2,High,Supermarket Type1,0.038976,5.785,264.2252,4.0
Regular,FDD44,Fruits and Vegetables,2020.0,OUT017,Tier 2,Medium,Supermarket Type1,0.078844,8.05,257.0646,4.0
Regular,FDQ51,Meat,2020.0,OUT017,Tier 2,Medium,Supermarket Type1,0.0,16.0,48.1718,4.0
Regular,FDL03,Meat,2020.0,OUT017,Tier 2,Medium,Supermarket Type1,0.027234,19.25,197.511,4.0
Regular,FDG33,Seafood,2020.0,OUT017,Tier 2,Medium,Supermarket Type1,0.141034,5.365,173.6764,4.0
Regular,FDE10,Snack Foods,2020.0,OUT017,Tier 2,Medium,Supermarket Type1,0.090457,6.67,131.2626,4.0
Regular,FDS33,Snack Foods,2020.0,OUT017,Tier 2,Medium,Supermarket Type1,0.124127,6.67,88.9514,4.0
Regular,FDJ34,Snack Foods,2020.0,OUT017,Tier 2,Medium,Supermarket Type1,0.094185,11.8,126.2704,4.0
Regular,FDP45,Snack Foods,2020.0,OUT017,Tier 2,Medium,Supermarket Type1,0.030798,15.7,252.9724,4.0
Regular,FDM58,Snack Foods,2020.0,OUT017,Tier 2,Medium,Supermarket Type1,0.080141,16.85,111.4544,4.0
Regular,FDN22,Snack Foods,2020.0,OUT017,Tier 2,Medium,Supermarket Type1,0.139088,18.85,251.7724,4.0
Regular,DRC01,Soft Drinks,2020.0,OUT017,Tier 2,Medium,Supermarket Type1,0.019309,5.92,49.0692,4.0
Regular,DRZ11,Soft Drinks,2020.0,OUT017,Tier 2,Medium,Supermarket Type1,0.113302,8.85,125.1388,4.0
Regular,FDF11,Starchy Foods,2020.0,OUT017,Tier 2,Medium,Supermarket Type1,0.017731,10.195,239.8538,4.0
Regular,FDE23,Starchy Foods,2020.0,OUT017,Tier 2,Medium,Supermarket Type1,0.053482,17.6,47.806,4.0
Low Fat,NCZ18,Household,2015.0,OUT045,Tier 2,Medium,Supermarket Type1,0.186445,7.825,255.5698,4.0
Regular,FDI04,Frozen Foods,2015.0,OUT045,Tier 2,Medium,Supermarket Type1,0.07306,13.65,196.2426,4.0
Regular,FDR44,Fruits and Vegetables,2015.0,OUT045,Tier 2,Medium,Supermarket Type1,0.10313,6.11,129.5968,4.0
Regular,FDF45,Fruits and Vegetables,2015.0,OUT045,Tier 2,Medium,Supermarket Type1,0.012229,18.2,56.8904,4.0
Regular,FDO22,Snack Foods,2015.0,OUT045,Tier 2,Medium,Supermarket Type1,0.017896,13.5,79.496,4.0
Low Fat,NCH18,Household,2017.0,OUT035,Tier 2,Small,Supermarket Type1,0.044653,9.3,247.0802,4.0
Low Fat,FDG24,Baking Goods,2017.0,OUT035,Tier 2,Small,Supermarket Type1,0.014628,7.975,82.325,4.0
Low Fat,FDQ12,Baking Goods,2017.0,OUT035,Tier 2,Small,Supermarket Type1,0.035404,12.65,230.601,4.0
Low Fat,FDS47,Breads,2017.0,OUT035,Tier 2,Small,Supermarket Type1,0.128861,16.75,86.2856,4.0
Low Fat,FDW13,Canned,2017.0,OUT035,Tier 2,Small,Supermarket Type1,0.097866,8.5,51.1324,4.0
Low Fat,FDK02,Canned,2017.0,OUT035,Tier 2,Small,Supermarket Type1,0.112203,12.5,121.144,4.0
Low Fat,FDJ04,Frozen Foods,2017.0,OUT035,Tier 2,Small,Supermarket Type1,0.124429,18.0,119.9124,4.0
Low Fat,FDQ16,Frozen Foods,2017.0,OUT035,Tier 2,Small,Supermarket Type1,0.041731,19.7,109.2912,4.0
Low Fat,FDX43,Fruits and Vegetables,2017.0,OUT035,Tier 2,Small,Supermarket Type1,0.085259,5.655,165.85,4.0
Low Fat,FDV32,Fruits and Vegetables,2017.0,OUT035,Tier 2,Small,Supermarket Type1,0.088692,7.785,61.851,4.0
Low Fat,FDK56,Fruits and Vegetables,2017.0,OUT035,Tier 2,Small,Supermarket Type1,0.0,9.695,185.1898,4.0
Low Fat,FDE44,Fruits and Vegetables,2017.0,OUT035,Tier 2,Small,Supermarket Type1,0.171356,14.65,47.6692,4.0
Low Fat,FDY55,Fruits and Vegetables,2017.0,OUT035,Tier 2,Small,Supermarket Type1,0.081305,16.75,258.4988,4.0
Low Fat,FDL44,Fruits and Vegetables,2017.0,OUT035,Tier 2,Small,Supermarket Type1,0.012273,18.25,160.2894,4.0
Low Fat,NCS29,Health and Hygiene,2017.0,OUT035,Tier 2,Small,Supermarket Type1,0.069532,9.0,266.5884,4.0
Low Fat,NCX29,Health and Hygiene,2017.0,OUT035,Tier 2,Small,Supermarket Type1,0.089136,10.0,146.9102,4.0
Low Fat,NCO29,Health and Hygiene,2017.0,OUT035,Tier 2,Small,Supermarket Type1,0.03225,11.15,164.0526,4.0
Low Fat,NCO41,Health and Hygiene,2017.0,OUT035,Tier 2,Small,Supermarket Type1,0.018845,12.5,96.7384,4.0
Low Fat,NCY17,Health and Hygiene,2017.0,OUT035,Tier 2,Small,Supermarket Type1,0.163065,18.2,43.3086,4.0
Low Fat,NCU30,Household,2017.0,OUT035,Tier 2,Small,Supermarket Type1,0.034868,5.11,163.821,4.0
Low Fat,NCX42,Household,2017.0,OUT035,Tier 2,Small,Supermarket Type1,0.005977,6.36,163.3526,4.0
Low Fat,NCR06,Household,2017.0,OUT035,Tier 2,Small,Supermarket Type1,0.006764,12.5,40.8112,4.0
Low Fat,NCQ18,Household,2017.0,OUT035,Tier 2,Small,Supermarket Type1,0.135047,15.75,98.57,4.0
Low Fat,NCK07,Others,2017.0,OUT035,Tier 2,Small,Supermarket Type1,0.048677,10.65,166.1526,4.0
Low Fat,FDT58,Snack Foods,2017.0,OUT035,Tier 2,Small,Supermarket Type1,0.085938,9.0,168.6816,4.0
Low Fat,FDE22,Snack Foods,2017.0,OUT035,Tier 2,Small,Supermarket Type1,0.029567,9.695,160.492,4.0
Low Fat,FDP46,Snack Foods,2017.0,OUT035,Tier 2,Small,Supermarket Type1,0.074602,15.35,90.983,4.0
Low Fat,DRJ01,Soft Drinks,2017.0,OUT035,Tier 2,Small,Supermarket Type1,0.115011,6.135,161.5236,4.0
Regular,FDB36,Baking Goods,2017.0,OUT035,Tier 2,Small,Supermarket Type1,0.048518,5.465,132.9626,4.0
Regular,FDM24,Baking Goods,2017.0,OUT035,Tier 2,Small,Supermarket Type1,0.079312,6.135,151.7366,4.0
Regular,FDQ36,Baking Goods,2017.0,OUT035,Tier 2,Small,Supermarket Type1,0.161517,7.855,37.0848,4.0
Regular,FDB12,Baking Goods,2017.0,OUT035,Tier 2,Small,Supermarket Type1,0.105288,11.15,103.2648,4.0
Regular,FDV60,Baking Goods,2017.0,OUT035,Tier 2,Small,Supermarket Type1,0.117339,20.2,195.011,4.0
Regular,FDM25,Breakfast,2017.0,OUT035,Tier 2,Small,Supermarket Type1,0.060654,10.695,174.7712,4.0
Regular,FDR01,Canned,2017.0,OUT035,Tier 2,Small,Supermarket Type1,0.053611,5.405,197.7742,4.0
Regular,FDY01,Canned,2017.0,OUT035,Tier 2,Small,Supermarket Type1,0.170251,11.8,116.4834,4.0
Regular,FDB38,Canned,2017.0,OUT035,Tier 2,Small,Supermarket Type1,0.027342,19.5,158.292,4.0
Regular,FDS28,Frozen Foods,2017.0,OUT035,Tier 2,Small,Supermarket Type1,0.082386,8.18,56.6588,4.0
Regular,FDT52,Frozen Foods,2017.0,OUT035,Tier 2,Small,Supermarket Type1,0.047421,9.695,246.0144,4.0
Regular,FDL28,Frozen Foods,2017.0,OUT035,Tier 2,Small,Supermarket Type1,0.063163,10.0,228.6668,4.0
Regular,FDP52,Frozen Foods,2017.0,OUT035,Tier 2,Small,Supermarket Type1,0.0,18.7,229.201,4.0
Regular,FDH20,Fruits and Vegetables,2017.0,OUT035,Tier 2,Small,Supermarket Type1,0.024944,16.1,95.441,4.0
Regular,FDF56,Fruits and Vegetables,2017.0,OUT035,Tier 2,Small,Supermarket Type1,0.11944,16.7,182.1976,4.0
Regular,FDU03,Meat,2017.0,OUT035,Tier 2,Small,Supermarket Type1,0.091561,18.7,182.3292,4.0
Regular,FDG33,Seafood,2017.0,OUT035,Tier 2,Small,Supermarket Type1,0.140214,5.365,173.7764,4.0
Regular,FDP22,Snack Foods,2017.0,OUT035,Tier 2,Small,Supermarket Type1,0.099113,14.65,52.8666,4.0
Regular,DRA24,Soft Drinks,2017.0,OUT035,Tier 2,Small,Supermarket Type1,0.039921,19.35,163.3868,4.0
Regular,FDE11,Starchy Foods,2017.0,OUT035,Tier 2,Small,Supermarket Type1,0.0,17.7,183.5924,4.0
Low Fat,NCE07,Household,2017.0,OUT035,Tier 2,Small,Supermarket Type1,0.013128,8.18,142.0154,4.0
Low Fat,FDH21,Seafood,2011.0,OUT010,Tier 3,Medium,Grocery Store,0.052264,10.395,158.4604,4.0
Low Fat,DRD37,Soft Drinks,2011.0,OUT010,Tier 3,Medium,Grocery Store,0.023168,9.8,47.506,4.0
Low Fat,FDZ12,Baking Goods,2011.0,OUT010,Tier 3,Medium,Grocery Store,0.172365,9.17,144.847,4.0
Low Fat,FDO24,Baking Goods,2011.0,OUT010,Tier 3,Medium,Grocery Store,0.294949,11.1,159.0604,4.0
Low Fat,FDT36,Baking Goods,2011.0,OUT010,Tier 3,Medium,Grocery Store,0.186251,12.3,37.2874,4.0
Low Fat,FDN01,Breakfast,2011.0,OUT010,Tier 3,Medium,Grocery Store,0.121181,8.895,177.037,4.0
Low Fat,FDO25,Canned,2011.0,OUT010,Tier 3,Medium,Grocery Store,0.213324,6.3,208.527,4.0
Low Fat,FDS13,Canned,2011.0,OUT010,Tier 3,Medium,Grocery Store,0.208398,6.465,265.2884,4.0
Low Fat,FDK02,Canned,2011.0,OUT010,Tier 3,Medium,Grocery Store,0.187841,12.5,119.244,4.0
Low Fat,FDD02,Canned,2011.0,OUT010,Tier 3,Medium,Grocery Store,0.084177,16.6,118.0124,4.0
Low Fat,FDA49,Canned,2011.0,OUT010,Tier 3,Medium,Grocery Store,0.108666,19.7,86.4198,4.0
Low Fat,DRD15,Dairy,2011.0,OUT010,Tier 3,Medium,Grocery Store,0.095065,10.6,232.4642,4.0
Low Fat,FDS26,Dairy,2011.0,OUT010,Tier 3,Medium,Grocery Store,0.149753,20.35,259.7594,4.0
Low Fat,FDE16,Frozen Foods,2011.0,OUT010,Tier 3,Medium,Grocery Store,0.044094,8.895,208.3954,4.0
Low Fat,NCV41,Health and Hygiene,2011.0,OUT010,Tier 3,Medium,Grocery Store,0.028519,14.35,109.2228,4.0
Low Fat,NCA18,Household,2011.0,OUT010,Tier 3,Medium,Grocery Store,0.093862,10.1,115.9492,4.0
Low Fat,NCD31,Household,2011.0,OUT010,Tier 3,Medium,Grocery Store,0.025834,12.1,165.1526,4.0
Low Fat,NCH07,Household,2011.0,OUT010,Tier 3,Medium,Grocery Store,0.155106,13.15,157.2604,4.0
Low Fat,NCI54,Household,2011.0,OUT010,Tier 3,Medium,Grocery Store,0.056238,15.2,110.7912,4.0
Low Fat,FDA39,Meat,2011.0,OUT010,Tier 3,High,Grocery Store,0.021287,6.32,38.5822,4.0
Low Fat,FDK22,Snack Foods,2011.0,OUT010,Tier 3,High,Grocery Store,0.043663,9.8,217.185,4.0
Low Fat,FDZ33,Snack Foods,2011.0,OUT010,Tier 3,High,Grocery Store,0.0,10.195,147.2076,4.0
Low Fat,FDZ10,Snack Foods,2011.0,OUT010,Tier 3,High,Grocery Store,0.074423,17.85,128.002,4.0
Low Fat,FDM34,Snack Foods,2011.0,OUT010,Tier 3,High,Grocery Store,0.112893,19.0,131.0626,4.0
Low Fat,FDS10,Snack Foods,2011.0,OUT010,Tier 3,High,Grocery Store,0.058893,19.2,178.9318,4.0
Low Fat,DRF36,Soft Drinks,2011.0,OUT010,Tier 3,High,Grocery Store,0.039464,16.1,189.9846,4.0
Regular,FDL13,Breakfast,2011.0,OUT010,Tier 3,High,Grocery Store,0.094266,13.85,233.93,4.0
Regular,FDY02,Dairy,2011.0,OUT010,Tier 3,High,Grocery Store,0.146701,8.945,262.291,4.0
Regular,FDH40,Frozen Foods,2011.0,OUT010,Tier 3,High,Grocery Store,0.132112,11.6,82.2276,4.0
Regular,FDW19,Fruits and Vegetables,2011.0,OUT010,Tier 3,High,Grocery Store,0.064442,12.35,110.957,4.0
Regular,FDE33,Fruits and Vegetables,2011.0,OUT010,Tier 3,High,Grocery Store,0.08308,19.35,80.3644,4.0
Regular,FDU15,Meat,2011.0,OUT010,Tier 3,High,Grocery Store,0.044526,13.65,37.9532,4.0
Regular,FDR27,Meat,2011.0,OUT010,Tier 3,High,Grocery Store,0.160852,15.1,131.3942,4.0
Regular,FDI21,Snack Foods,2011.0,OUT010,Tier 3,High,Grocery Store,0.094742,5.59,63.1168,4.0
Regular,FDL58,Snack Foods,2011.0,OUT010,Tier 3,High,Grocery Store,0.12411,5.78,262.3568,4.0
Regular,DRB13,Soft Drinks,2011.0,OUT010,Tier 3,Small,Grocery Store,0.011791,6.115,189.053,4.0
Regular,DRB48,Soft Drinks,2011.0,OUT010,Tier 3,Small,Grocery Store,0.0416,16.75,40.9822,4.0
Regular,FDQ19,Fruits and Vegetables,2011.0,OUT010,Tier 3,Small,Grocery Store,0.024044,7.35,241.0512,4.0
Low Fat,FDT48,Baking Goods,2014.0,OUT013,Tier 3,High,Supermarket Type1,0.045917,4.92,198.8084,4.0
Low Fat,FDW25,Canned,2014.0,OUT013,Tier 3,High,Supermarket Type1,0.037368,5.175,86.9224,4.0
Low Fat,FDW01,Canned,2014.0,OUT013,Tier 3,High,Supermarket Type1,0.0,14.5,154.4682,4.0
Low Fat,FDD57,Fruits and Vegetables,2014.0,OUT013,Tier 3,High,Supermarket Type1,0.022381,18.1,93.6094,4.0
Low Fat,FDD35,Starchy Foods,2014.0,OUT013,Tier 3,High,Supermarket Type1,0.025843,12.15,119.844,4.0
Low Fat,FDB60,Baking Goods,2014.0,OUT013,Tier 3,High,Supermarket Type1,0.028498,9.3,195.8136,4.0
Low Fat,FDR60,Baking Goods,2014.0,OUT013,Tier 3,High,Supermarket Type1,0.130307,14.3,75.7328,4.0
Low Fat,FDU59,Breads,2014.0,OUT013,Tier 3,High,Supermarket Type1,0.096306,5.78,161.9552,4.0
Low Fat,FDP23,Breads,2014.0,OUT013,Tier 3,High,Supermarket Type1,0.0,6.71,218.9166,4.0
Low Fat,FDU23,Breads,2014.0,OUT013,Tier 3,High,Supermarket Type1,0.021705,12.15,163.5184,4.0
Low Fat,FDC39,Dairy,2014.0,OUT013,Tier 3,High,Supermarket Type1,0.159063,7.405,208.9296,4.0
Low Fat,FDV50,Dairy,2014.0,OUT013,Tier 3,High,Supermarket Type1,0.122469,14.3,121.973,4.0
Low Fat,FDF52,Frozen Foods,2014.0,OUT013,Tier 3,High,Supermarket Type1,0.066728,9.3,181.6292,4.0
Low Fat,FDL04,Frozen Foods,2014.0,OUT013,Tier 3,High,Supermarket Type1,0.11183,19.0,105.4622,4.0
Low Fat,FDS55,Fruits and Vegetables,2014.0,OUT013,Tier 3,High,Supermarket Type1,0.081097,7.02,148.4734,4.0
Low Fat,FDB20,Fruits and Vegetables,2014.0,OUT013,Tier 3,High,Supermarket Type1,0.051937,7.72,77.9986,4.0
Low Fat,FDW08,Fruits and Vegetables,2014.0,OUT013,Tier 3,High,Supermarket Type1,0.148258,12.1,108.428,4.0
Low Fat,FDL56,Fruits and Vegetables,2014.0,OUT013,Tier 3,High,Supermarket Type1,0.125676,14.1,86.9198,4.0
Low Fat,FDI20,Fruits and Vegetables,2014.0,OUT013,Tier 3,High,Supermarket Type1,0.038532,19.1,210.6586,4.0
Low Fat,FDA44,Fruits and Vegetables,2014.0,OUT013,Tier 3,High,Supermarket Type1,0.053178,19.7,55.993,4.0
Low Fat,DRH11,Hard Drinks,2014.0,OUT013,Tier 3,High,Supermarket Type1,0.075495,5.98,55.3614,4.0
Low Fat,DRI47,Hard Drinks,2014.0,OUT013,Tier 3,High,Supermarket Type1,0.020903,14.7,144.5128,4.0
Low Fat,DRJ47,Hard Drinks,2014.0,OUT013,Tier 3,High,Supermarket Type1,0.044213,18.25,173.408,4.0
Low Fat,NCL53,Health and Hygiene,2014.0,OUT013,Tier 3,High,Supermarket Type1,0.036205,7.5,176.1028,4.0
Low Fat,NCM17,Health and Hygiene,2014.0,OUT013,Tier 3,High,Supermarket Type1,0.071077,7.93,44.9086,4.0
Low Fat,NCV53,Health and Hygiene,2014.0,OUT013,Tier 3,High,Supermarket Type1,0.018798,8.27,241.288,4.0
Low Fat,NCQ17,Health and Hygiene,2014.0,OUT013,Tier 3,High,Supermarket Type1,0.0,10.3,154.663,4.0
Low Fat,NCN17,Health and Hygiene,2014.0,OUT013,Tier 3,High,Supermarket Type1,0.054893,11.0,101.9358,4.0
Low Fat,NCY17,Health and Hygiene,2014.0,OUT013,Tier 3,High,Supermarket Type1,0.16296,18.2,43.5086,4.0
Low Fat,NCK06,Household,2014.0,OUT013,Tier 3,High,Supermarket Type1,0.008639,5.03,122.2756,4.0
Low Fat,NCH18,Household,2014.0,OUT013,Tier 3,High,Supermarket Type1,0.044624,9.3,245.4802,4.0
Low Fat,NCA18,Household,2014.0,OUT013,Tier 3,High,Supermarket Type1,0.056031,10.1,115.1492,4.0
Low Fat,NCR06,Household,2014.0,OUT013,Tier 3,High,Supermarket Type1,0.00676,12.5,42.8112,4.0
Low Fat,NCQ18,Household,2014.0,OUT013,Tier 3,High,Supermarket Type1,0.13496,15.75,101.37,4.0
Low Fat,NCU06,Household,2014.0,OUT013,Tier 3,High,Supermarket Type1,0.074345,17.6,230.901,4.0
Low Fat,NCR50,Household,2014.0,OUT013,Tier 3,High,Supermarket Type1,0.01181,20.2,154.634,4.0
Low Fat,FDH58,Snack Foods,2014.0,OUT013,Tier 3,High,Supermarket Type1,0.036909,12.3,115.9834,4.0
Low Fat,FDR09,Snack Foods,2014.0,OUT013,Tier 3,High,Supermarket Type1,0.07766,18.25,260.2962,4.0
Low Fat,DRE13,Soft Drinks,2014.0,OUT013,Tier 3,High,Supermarket Type1,0.027682,6.28,85.5198,4.0
Low Fat,DRE60,Soft Drinks,2014.0,OUT013,Tier 3,High,Supermarket Type1,0.159202,9.395,226.072,4.0
Low Fat,DRH25,Soft Drinks,2014.0,OUT013,Tier 3,High,Supermarket Type1,0.014581,18.7,50.2324,4.0
Regular,FDW60,Baking Goods,2014.0,OUT013,Tier 3,High,Supermarket Type1,0.017048,5.44,174.637,4.0
Regular,FDB12,Baking Goods,2014.0,OUT013,Tier 3,High,Supermarket Type1,0.10522,11.15,102.7648,4.0
Regular,FDX11,Baking Goods,2014.0,OUT013,Tier 3,High,Supermarket Type1,0.106663,16.0,179.7634,4.0
Regular,FDN23,Breads,2014.0,OUT013,Tier 3,High,Supermarket Type1,0.075445,6.575,146.0444,4.0
Regular,FDT23,Breads,2014.0,OUT013,Tier 3,High,Supermarket Type1,0.074669,7.72,76.3986,4.0
Regular,FDX49,Canned,2014.0,OUT013,Tier 3,High,Supermarket Type1,0.101747,4.615,231.33,4.0
Regular,FDZ37,Canned,2014.0,OUT013,Tier 3,High,Supermarket Type1,0.0,8.1,88.5198,4.0
Regular,FDV37,Canned,2014.0,OUT013,Tier 3,High,Supermarket Type1,0.083444,13.0,195.8426,4.0
Regular,FDZ25,Canned,2014.0,OUT013,Tier 3,High,Supermarket Type1,0.027594,15.7,171.179,4.0
Regular,FDC52,Dairy,2014.0,OUT013,Tier 3,High,Supermarket Type1,0.008273,11.15,150.4708,4.0
Regular,FDV16,Frozen Foods,2014.0,OUT013,Tier 3,High,Supermarket Type1,0.082862,7.75,32.6558,4.0
Regular,FDM04,Frozen Foods,2014.0,OUT013,Tier 3,High,Supermarket Type1,0.047081,9.195,51.1666,4.0
Regular,FDS04,Frozen Foods,2014.0,OUT013,Tier 3,High,Supermarket Type1,0.146541,10.195,141.7838,4.0
Regular,FDZ16,Frozen Foods,2014.0,OUT013,Tier 3,High,Supermarket Type1,0.159723,16.85,194.1478,4.0
Regular,FDC33,Fruits and Vegetables,2014.0,OUT013,Tier 3,High,Supermarket Type1,0.068881,8.96,195.3768,4.0
Regular,FDW31,Fruits and Vegetables,2014.0,OUT013,Tier 3,High,Supermarket Type1,0.043122,11.35,197.9742,4.0
Regular,FDW55,Fruits and Vegetables,2014.0,OUT013,Tier 3,High,Supermarket Type1,0.021952,12.6,250.9092,4.0
Regular,FDJ20,Fruits and Vegetables,2014.0,OUT013,Tier 3,High,Supermarket Type1,0.100092,20.7,125.5388,4.0
Regular,FDP03,Meat,2014.0,OUT013,Tier 3,High,Supermarket Type1,0.061126,5.15,122.5388,4.0
Regular,FDH46,Snack Foods,2014.0,OUT013,Tier 3,High,Supermarket Type1,0.041248,6.935,101.8332,4.0
Regular,FDM58,Snack Foods,2014.0,OUT013,Tier 3,High,Supermarket Type1,0.079624,16.85,111.6544,4.0
Regular,DRC36,Soft Drinks,2014.0,OUT013,Tier 3,High,Supermarket Type1,0.0,13.0,173.6054,4.0
Regular,DRA24,Soft Drinks,2014.0,OUT013,Tier 3,High,Supermarket Type1,0.039895,19.35,162.4868,4.0
Regular,FDH47,Starchy Foods,2014.0,OUT013,Tier 3,High,Supermarket Type1,0.128709,13.5,96.1068,4.0
Low Fat,FDV47,Breads,2014.0,OUT013,Tier 3,High,Supermarket Type1,0.054162,17.1,85.3566,4.0
Regular,FDE35,Starchy Foods,2014.0,OUT013,Tier 3,High,Supermarket Type1,0.043864,7.06,59.5904,4.0
Low Fat,FDN01,Breakfast,2022.0,OUT018,Tier 3,Medium,Supermarket Type2,0.072694,8.895,175.937,4.0
Low Fat,NCD31,Household,2022.0,OUT018,Tier 3,Medium,Supermarket Type2,0.015497,12.1,165.5526,4.0
Low Fat,DRE37,Soft Drinks,2022.0,OUT018,Tier 3,Medium,Supermarket Type2,0.094603,13.5,187.0872,4.0
Low Fat,FDB60,Baking Goods,2022.0,OUT018,Tier 3,Medium,Supermarket Type2,0.028638,9.3,195.8136,4.0
Low Fat,FDW48,Baking Goods,2022.0,OUT018,Tier 3,Medium,Supermarket Type2,0.008576,18.0,80.2618,4.0
Low Fat,FDT59,Breads,2022.0,OUT018,Tier 3,Medium,Supermarket Type2,0.015976,13.65,230.2668,4.0
Low Fat,FDS01,Canned,2022.0,OUT018,Tier 3,Medium,Supermarket Type2,0.017817,11.6,177.0686,4.0
Low Fat,FDG26,Canned,2022.0,OUT018,Tier 3,Medium,Supermarket Type2,0.042824,18.85,254.433,4.0
Low Fat,FDQ14,Dairy,2022.0,OUT018,Tier 3,Medium,Supermarket Type2,0.062039,9.27,148.005,4.0
Low Fat,FDV50,Dairy,2022.0,OUT018,Tier 3,Medium,Supermarket Type2,0.123071,14.3,121.173,4.0
Low Fat,DRF51,Dairy,2022.0,OUT018,Tier 3,Medium,Supermarket Type2,0.166514,15.75,38.0506,4.0
Low Fat,FDB52,Dairy,2022.0,OUT018,Tier 3,Medium,Supermarket Type2,0.03056,17.75,257.4672,4.0
Low Fat,FDX28,Frozen Foods,2022.0,OUT018,Tier 3,Medium,Supermarket Type2,0.125688,6.325,100.9042,4.0
Low Fat,FDK40,Frozen Foods,2022.0,OUT018,Tier 3,Medium,Supermarket Type2,0.021938,7.035,264.691,4.0
Low Fat,FDU40,Frozen Foods,2022.0,OUT018,Tier 3,Medium,Supermarket Type2,0.037556,20.85,195.3478,4.0
Low Fat,FDX43,Fruits and Vegetables,2022.0,OUT018,Tier 3,Medium,Supermarket Type2,0.085622,5.655,167.25,4.0
Low Fat,FDY31,Fruits and Vegetables,2022.0,OUT018,Tier 3,Medium,Supermarket Type2,0.04374,5.98,145.3418,4.0
Low Fat,FDV07,Fruits and Vegetables,2022.0,OUT018,Tier 3,Medium,Supermarket Type2,0.03141,9.5,110.3228,4.0
Low Fat,FDU08,Fruits and Vegetables,2022.0,OUT018,Tier 3,Medium,Supermarket Type2,0.027427,10.3,97.3042,4.0
Low Fat,FDC20,Fruits and Vegetables,2022.0,OUT018,Tier 3,Medium,Supermarket Type2,0.024069,10.65,56.2272,4.0
Low Fat,FDH57,Fruits and Vegetables,2022.0,OUT018,Tier 3,Medium,Supermarket Type2,0.035893,10.895,131.3284,4.0
Low Fat,FDX08,Fruits and Vegetables,2022.0,OUT018,Tier 3,Medium,Supermarket Type2,0.022696,12.85,179.9318,4.0
Low Fat,FDY43,Fruits and Vegetables,2022.0,OUT018,Tier 3,Medium,Supermarket Type2,0.098803,14.85,169.7474,4.0
Low Fat,FDL44,Fruits and Vegetables,2022.0,OUT018,Tier 3,Medium,Supermarket Type2,0.012325,18.25,162.8894,4.0
Low Fat,FDP20,Fruits and Vegetables,2022.0,OUT018,Tier 3,Medium,Supermarket Type2,0.045855,19.85,127.102,4.0
Low Fat,FDE32,Fruits and Vegetables,2022.0,OUT018,Tier 3,Medium,Supermarket Type2,0.048958,20.7,37.8506,4.0
Low Fat,NCN41,Health and Hygiene,2022.0,OUT018,Tier 3,Medium,Supermarket Type2,0.052422,17.0,123.773,4.0
Low Fat,NCZ18,Household,2022.0,OUT018,Tier 3,Medium,Supermarket Type2,0.186826,7.825,253.5698,4.0
Low Fat,NCF30,Household,2022.0,OUT018,Tier 3,Medium,Supermarket Type2,0.126758,17.0,124.5362,4.0
Low Fat,NCT06,Household,2022.0,OUT018,Tier 3,Medium,Supermarket Type2,0.0,17.1,167.0842,4.0
Low Fat,NCJ42,Household,2022.0,OUT018,Tier 3,Medium,Supermarket Type2,0.01436,19.75,100.8332,4.0
Low Fat,FDS03,Meat,2022.0,OUT018,Tier 3,Medium,Supermarket Type2,0.079953,7.825,62.7826,4.0
Low Fat,FDV51,Meat,2022.0,OUT018,Tier 3,Medium,Supermarket Type2,0.032671,16.35,165.4842,4.0
Low Fat,NCN55,Others,2022.0,OUT018,Tier 3,Medium,Supermarket Type2,0.059733,14.6,241.2538,4.0
Low Fat,NCJ19,Others,2022.0,OUT018,Tier 3,Medium,Supermarket Type2,0.118661,18.6,58.7588,4.0
Low Fat,FDL10,Snack Foods,2022.0,OUT018,Tier 3,Medium,Supermarket Type2,0.039653,8.395,99.5042,4.0
Low Fat,FDX09,Snack Foods,2022.0,OUT018,Tier 3,Medium,Supermarket Type2,0.065515,9.0,178.137,4.0
Low Fat,FDT34,Snack Foods,2022.0,OUT018,Tier 3,Medium,Supermarket Type2,0.175061,9.3,106.7964,4.0
Low Fat,FDK33,Snack Foods,2022.0,OUT018,Tier 3,Medium,Supermarket Type2,0.011281,17.85,213.756,4.0
Low Fat,DRI13,Soft Drinks,2022.0,OUT018,Tier 3,Medium,Supermarket Type2,0.02041,15.35,218.3508,4.0
Regular,FDQ11,Breads,2022.0,OUT018,Tier 3,Medium,Supermarket Type2,0.067977,5.695,257.4988,4.0
Regular,FDZ35,Breads,2022.0,OUT018,Tier 3,Medium,Supermarket Type2,0.022369,9.6,104.799,4.0
Regular,FDM01,Breakfast,2022.0,OUT018,Tier 3,Medium,Supermarket Type2,0.094952,7.895,101.1332,4.0
Regular,FDN38,Canned,2022.0,OUT018,Tier 3,Medium,Supermarket Type2,0.092347,6.615,251.8408,4.0
Regular,FDV13,Canned,2022.0,OUT018,Tier 3,Medium,Supermarket Type2,0.027723,17.35,89.6856,4.0
Regular,FDV01,Canned,2022.0,OUT018,Tier 3,Medium,Supermarket Type2,0.085297,19.2,153.4314,4.0
Regular,FDB38,Canned,2022.0,OUT018,Tier 3,Medium,Supermarket Type2,0.027458,19.5,158.792,4.0
Regular,FDW14,Dairy,2022.0,OUT018,Tier 3,Medium,Supermarket Type2,0.038367,8.3,87.1198,4.0
Regular,FDB03,Dairy,2022.0,OUT018,Tier 3,Medium,Supermarket Type2,0.157471,17.75,239.1538,4.0
Regular,FDT52,Frozen Foods,2022.0,OUT018,Tier 3,Medium,Supermarket Type2,0.047623,9.695,246.2144,4.0
Regular,FDR44,Fruits and Vegetables,2022.0,OUT018,Tier 3,Medium,Supermarket Type2,0.10334,6.11,131.2968,4.0
Regular,FDO56,Fruits and Vegetables,2022.0,OUT018,Tier 3,Medium,Supermarket Type2,0.045166,10.195,118.4808,4.0
Regular,FDD21,Fruits and Vegetables,2022.0,OUT018,Tier 3,Medium,Supermarket Type2,0.030694,10.3,114.2176,4.0
Regular,FDQ55,Fruits and Vegetables,2022.0,OUT018,Tier 3,Medium,Supermarket Type2,0.013091,13.65,114.8834,4.0
Regular,FDY56,Fruits and Vegetables,2022.0,OUT018,Tier 3,Medium,Supermarket Type2,0.062666,16.35,225.6062,4.0
Regular,FDX56,Fruits and Vegetables,2022.0,OUT018,Tier 3,Medium,Supermarket Type2,0.074361,17.1,206.1638,4.0
Regular,FDW39,Meat,2022.0,OUT018,Tier 3,Medium,Supermarket Type2,0.037061,6.69,176.837,4.0
Regular,FDZ57,Snack Foods,2022.0,OUT018,Tier 3,Medium,Supermarket Type2,0.037918,10.0,129.6994,4.0
Regular,FDO21,Snack Foods,2022.0,OUT018,Tier 3,Medium,Supermarket Type2,0.009803,11.6,223.0404,4.0
Regular,FDY22,Snack Foods,2022.0,OUT018,Tier 3,Medium,Supermarket Type2,0.160371,16.5,143.9128,4.0
Low Fat,DRK11,Hard Drinks,2022.0,OUT018,Tier 3,Medium,Supermarket Type2,0.010808,8.21,150.5392,4.0
Low Fat,FDU23,Breads,2018.0,OUT027,Tier 3,Medium,Supermarket Type3,0.021618,12.6,167.1184,4.0
Low Fat,DRC49,Soft Drinks,2018.0,OUT027,Tier 3,Medium,Supermarket Type3,0.06512,12.6,145.7128,4.0
Low Fat,FDK36,Baking Goods,2018.0,OUT027,Tier 3,Medium,Supermarket Type3,0.00718,12.6,47.4034,4.0
Low Fat,FDO24,Baking Goods,2018.0,OUT027,Tier 3,Medium,Supermarket Type3,0.175362,12.6,158.9604,4.0
Low Fat,FDT36,Baking Goods,2018.0,OUT027,Tier 3,Medium,Supermarket Type3,0.110736,12.6,35.2874,4.0
Low Fat,FDV36,Baking Goods,2018.0,OUT027,Tier 3,Medium,Supermarket Type3,0.026175,12.6,127.102,4.0
Low Fat,FDP23,Breads,2018.0,OUT027,Tier 3,Medium,Supermarket Type3,0.035415,12.6,218.2166,4.0
Low Fat,FDU11,Breads,2018.0,OUT027,Tier 3,Medium,Supermarket Type3,0.092145,12.6,120.7098,4.0
Low Fat,FDU35,Breads,2018.0,OUT027,Tier 3,Medium,Supermarket Type3,0.078832,12.6,98.97,4.0
Low Fat,FDU59,Breads,2018.0,OUT027,Tier 3,Medium,Supermarket Type3,0.095919,12.6,162.6552,4.0
Low Fat,FDR14,Dairy,2018.0,OUT027,Tier 3,Medium,Supermarket Type3,0.173206,12.6,53.3298,4.0
Low Fat,FDU14,Dairy,2018.0,OUT027,Tier 3,Medium,Supermarket Type3,0.034584,12.6,248.375,4.0
Low Fat,FDA16,Frozen Foods,2018.0,OUT027,Tier 3,Medium,Supermarket Type3,0.033778,12.6,222.8456,4.0
Low Fat,FDF52,Frozen Foods,2018.0,OUT027,Tier 3,Medium,Supermarket Type3,0.06646,12.6,184.2292,4.0
Low Fat,FDG29,Frozen Foods,2018.0,OUT027,Tier 3,Medium,Supermarket Type3,0.056019,12.6,40.0454,4.0
Low Fat,FDG52,Frozen Foods,2018.0,OUT027,Tier 3,Medium,Supermarket Type3,0.065313,12.6,47.1402,4.0
Low Fat,FDA56,Fruits and Vegetables,2018.0,OUT027,Tier 3,Medium,Supermarket Type3,0.008722,12.6,123.5414,4.0
Low Fat,FDQ56,Fruits and Vegetables,2018.0,OUT027,Tier 3,Medium,Supermarket Type3,0.105086,12.6,82.3908,4.0
Low Fat,FDZ20,Fruits and Vegetables,2018.0,OUT027,Tier 3,Medium,Supermarket Type3,0.0,12.6,253.0356,4.0
Low Fat,NCO05,Health and Hygiene,2018.0,OUT027,Tier 3,Medium,Supermarket Type3,0.046334,12.6,97.2384,4.0
Low Fat,NCT29,Health and Hygiene,2018.0,OUT027,Tier 3,Medium,Supermarket Type3,0.0638,12.6,123.0414,4.0
Low Fat,NCJ42,Household,2018.0,OUT027,Tier 3,Medium,Supermarket Type3,0.014232,12.6,100.9332,4.0
Low Fat,NCL30,Household,2018.0,OUT027,Tier 3,Medium,Supermarket Type3,0.048703,12.6,125.9336,4.0
Low Fat,NCO06,Household,2018.0,OUT027,Tier 3,Medium,Supermarket Type3,0.107507,12.6,34.8558,4.0
Low Fat,FDS39,Meat,2018.0,OUT027,Tier 3,Medium,Supermarket Type3,0.022352,12.6,143.7812,4.0
Low Fat,NCN14,Others,2018.0,OUT027,Tier 3,Medium,Supermarket Type3,0.091473,12.6,184.6608,4.0
Low Fat,FDH21,Seafood,2018.0,OUT027,Tier 3,Medium,Supermarket Type3,0.031074,12.6,157.5604,4.0
Low Fat,FDC58,Snack Foods,2018.0,OUT027,Tier 3,Medium,Supermarket Type3,0.0,12.6,45.7428,4.0
Low Fat,FDM34,Snack Foods,2018.0,OUT027,Tier 3,Medium,Supermarket Type3,0.067121,12.6,132.9626,4.0
Low Fat,FDO34,Snack Foods,2018.0,OUT027,Tier 3,Medium,Supermarket Type3,0.029794,12.6,167.2816,4.0
Low Fat,FDT21,Snack Foods,2018.0,OUT027,Tier 3,Medium,Supermarket Type3,0.0,12.6,248.8092,4.0
Low Fat,DRM48,Soft Drinks,2018.0,OUT027,Tier 3,Medium,Supermarket Type3,0.11235,12.6,39.1848,4.0
Low Fat,DRZ24,Soft Drinks,2018.0,OUT027,Tier 3,Medium,Supermarket Type3,0.0,12.6,121.044,4.0
Regular,FDQ48,Baking Goods,2018.0,OUT027,Tier 3,Medium,Supermarket Type3,0.034245,12.6,97.2726,4.0
Regular,FDY60,Baking Goods,2018.0,OUT027,Tier 3,Medium,Supermarket Type3,0.026243,12.6,143.8128,4.0
Regular,FDX47,Breads,2018.0,OUT027,Tier 3,Medium,Supermarket Type3,0.034437,12.6,156.5288,4.0
Regular,FDG38,Canned,2018.0,OUT027,Tier 3,Medium,Supermarket Type3,0.052474,12.6,83.6224,4.0
Regular,FDQ25,Canned,2018.0,OUT027,Tier 3,Medium,Supermarket Type3,0.02814,12.6,173.7422,4.0
Regular,FDF40,Dairy,2018.0,OUT027,Tier 3,Medium,Supermarket Type3,0.022403,12.6,250.9092,4.0
Regular,FDU50,Dairy,2018.0,OUT027,Tier 3,Medium,Supermarket Type3,0.074806,12.6,112.9176,4.0
Regular,FDG05,Frozen Foods,2018.0,OUT027,Tier 3,Medium,Supermarket Type3,0.087422,12.6,154.463,4.0
Regular,FDT16,Frozen Foods,2018.0,OUT027,Tier 3,Medium,Supermarket Type3,0.048427,12.6,258.7278,4.0
Regular,FDV04,Frozen Foods,2018.0,OUT027,Tier 3,Medium,Supermarket Type3,0.149289,12.6,158.4288,4.0
Regular,FDY16,Frozen Foods,2018.0,OUT027,Tier 3,Medium,Supermarket Type3,0.09178,12.6,182.5266,4.0
Regular,FDB57,Fruits and Vegetables,2018.0,OUT027,Tier 3,Medium,Supermarket Type3,0.018714,12.6,223.4772,4.0
Regular,FDC08,Fruits and Vegetables,2018.0,OUT027,Tier 3,Medium,Supermarket Type3,0.102949,12.6,225.272,4.0
Regular,FDK08,Fruits and Vegetables,2018.0,OUT027,Tier 3,Medium,Supermarket Type3,0.121712,12.6,101.2016,4.0
Regular,FDN08,Fruits and Vegetables,2018.0,OUT027,Tier 3,Medium,Supermarket Type3,0.087937,12.6,115.9466,4.0
Regular,FDQ19,Fruits and Vegetables,2018.0,OUT027,Tier 3,Medium,Supermarket Type3,0.014296,12.6,242.6512,4.0
Regular,FDU43,Fruits and Vegetables,2018.0,OUT027,Tier 3,Medium,Supermarket Type3,0.057762,12.6,237.3564,4.0
Regular,FDW55,Fruits and Vegetables,2018.0,OUT027,Tier 3,Medium,Supermarket Type3,0.021864,12.6,247.0092,4.0
Regular,FDZ31,Fruits and Vegetables,2018.0,OUT027,Tier 3,Medium,Supermarket Type3,0.112669,12.6,191.0504,4.0
Regular,FDH31,Meat,2018.0,OUT027,Tier 3,Medium,Supermarket Type3,0.020312,12.6,98.1042,4.0
Regular,FDO39,Meat,2018.0,OUT027,Tier 3,Medium,Supermarket Type3,0.136702,12.6,182.1608,4.0
Regular,FDQ51,Meat,2018.0,OUT027,Tier 3,Medium,Supermarket Type3,0.017466,12.6,45.4718,4.0
Regular,FDZ51,Meat,2018.0,OUT027,Tier 3,Medium,Supermarket Type3,0.054289,12.6,96.6094,4.0
Regular,FDL09,Snack Foods,2018.0,OUT027,Tier 3,Medium,Supermarket Type3,0.127416,12.6,167.4816,4.0
Regular,FDO09,Snack Foods,2018.0,OUT027,Tier 3,Medium,Supermarket Type3,0.124668,12.6,261.091,4.0
Regular,FDO45,Snack Foods,2018.0,OUT027,Tier 3,Medium,Supermarket Type3,0.037769,12.6,88.5856,4.0
Regular,FDP45,Snack Foods,2018.0,OUT027,Tier 3,Medium,Supermarket Type3,0.030477,12.6,252.2724,4.0
Regular,DRA59,Soft Drinks,2018.0,OUT027,Tier 3,Medium,Supermarket Type3,0.127308,12.6,186.6924,4.0
Regular,FDB23,Starchy Foods,2018.0,OUT027,Tier 3,Medium,Supermarket Type3,0.005562,12.6,224.0062,4.0
Regular,FDE11,Starchy Foods,2018.0,OUT027,Tier 3,Medium,Supermarket Type3,0.134442,12.6,183.9924,4.0
Low Fat,FDU02,Dairy,2017.0,OUT035,Tier 2,Small,Supermarket Type1,0.102492,13.35,230.5352,3.9
Low Fat,NCB30,Household,2017.0,OUT035,Tier 2,Small,Supermarket Type1,0.025698,14.6,196.5084,3.9
Low Fat,FDC37,Baking Goods,2018.0,OUT019,Tier 1,Small,Grocery Store,0.057557,12.6,107.6938,3.9
Low Fat,DRH01,Soft Drinks,2016.0,OUT046,Tier 1,Small,Supermarket Type1,0.097904,17.5,174.8738,3.9
Regular,FDV20,Fruits and Vegetables,2018.0,OUT027,Tier 3,Medium,Supermarket Type3,0.059512,12.6,128.0678,3.9
Low Fat,FDM39,Dairy,2011.0,OUT010,Tier 3,Small,Grocery Store,0.089499,6.42,178.1002,3.9
Low Fat,NCP05,Health and Hygiene,2015.0,OUT045,Tier 2,Small,Supermarket Type1,0.0,19.6,153.3024,3.9
Low Fat,NCX54,Household,2015.0,OUT045,Tier 2,Small,Supermarket Type1,0.048157,9.195,106.1622,3.9
Low Fat,FDH19,Meat,2017.0,OUT035,Tier 2,Small,Supermarket Type1,0.033082,19.35,172.5738,3.9
Low Fat,FDV25,Canned,2015.0,OUT045,Tier 2,Small,Supermarket Type1,0.0,5.905,222.5456,3.9
Low Fat,FDD58,Snack Foods,2016.0,OUT046,Tier 1,Small,Supermarket Type1,0.059352,7.76,101.87,3.9
Low Fat,FDV45,Snack Foods,2022.0,OUT018,Tier 3,Medium,Supermarket Type2,0.045231,16.75,187.9556,3.9
Low Fat,FDL40,Frozen Foods,2017.0,OUT035,Tier 2,Small,Supermarket Type1,0.011611,17.7,95.041,3.9
Low Fat,FDX44,Fruits and Vegetables,2020.0,OUT017,Tier 2,Small,Supermarket Type1,0.04321,9.3,90.8172,3.9
Low Fat,NCC30,Household,2012.0,OUT049,Tier 1,Medium,Supermarket Type1,0.027622,16.6,177.6344,3.9
Regular,FDS31,Fruits and Vegetables,2014.0,OUT013,Tier 3,High,Supermarket Type1,0.044156,13.1,178.8318,3.9
Low Fat,FDV39,Meat,2015.0,OUT045,Tier 2,Small,Supermarket Type1,0.007295,11.3,198.1426,3.9
Low Fat,DRF36,Soft Drinks,2015.0,OUT045,Tier 2,Small,Supermarket Type1,0.023625,16.1,189.3846,3.9
Low Fat,FDZ10,Snack Foods,2018.0,OUT027,Tier 3,Medium,Supermarket Type3,0.044248,12.6,126.202,3.9
Low Fat,FDK36,Baking Goods,2017.0,OUT035,Tier 2,Small,Supermarket Type1,0.007214,7.09,47.9034,3.9
Regular,FDV20,Fruits and Vegetables,2018.0,OUT019,Tier 1,Small,Grocery Store,0.104705,12.6,125.2678,3.9
Low Fat,NCJ29,Health and Hygiene,2015.0,OUT045,Tier 2,Small,Supermarket Type1,0.035264,10.6,86.1224,3.9
Regular,FDW07,Fruits and Vegetables,2015.0,OUT045,Tier 2,Small,Supermarket Type1,0.142978,18.0,87.4514,3.9
Low Fat,NCR05,Health and Hygiene,2016.0,OUT046,Tier 1,Small,Supermarket Type1,0.054631,10.1,200.2084,3.9
Low Fat,FDW28,Frozen Foods,2016.0,OUT046,Tier 1,Small,Supermarket Type1,0.0,18.25,196.8452,3.9
Low Fat,FDP32,Fruits and Vegetables,2017.0,OUT035,Tier 2,Small,Supermarket Type1,0.087653,6.65,128.8678,3.9
Low Fat,FDU04,Frozen Foods,2022.0,OUT018,Tier 3,Medium,Supermarket Type2,0.0,7.93,123.2414,3.9
Regular,FDT01,Canned,2015.0,OUT045,Tier 2,Medium,Supermarket Type1,0.184541,13.65,211.5902,3.9
Low Fat,NCR38,Household,2020.0,OUT017,Tier 2,Medium,Supermarket Type1,0.114161,17.25,253.1724,3.9
Low Fat,FDF14,Canned,2012.0,OUT049,Tier 1,Medium,Supermarket Type1,0.027212,7.55,152.734,3.9
Regular,FDX57,Snack Foods,2011.0,OUT010,Tier 3,Medium,Grocery Store,0.079114,17.25,99.2068,3.9
Low Fat,DRI39,Dairy,2011.0,OUT010,Tier 3,Medium,Grocery Store,0.162462,13.8,55.893,3.9
Low Fat,FDU11,Breads,2015.0,OUT045,Tier 2,Medium,Supermarket Type1,0.092781,4.785,119.7098,3.9
Low Fat,NCP50,Others,2014.0,OUT013,Tier 3,High,Supermarket Type1,0.020543,17.35,80.5618,3.9
Regular,FDT10,Snack Foods,2016.0,OUT046,Tier 1,Small,Supermarket Type1,0.062045,16.7,57.4562,3.9
Low Fat,FDX26,Dairy,2011.0,OUT010,Tier 3,Medium,Grocery Store,0.146973,17.7,184.1292,3.9
Low Fat,FDY27,Dairy,2022.0,OUT018,Tier 3,Medium,Supermarket Type2,0.032028,6.38,178.3344,3.9
Regular,FDL32,Fruits and Vegetables,2012.0,OUT049,Tier 1,Medium,Supermarket Type1,0.122657,15.7,110.1544,3.9
Regular,FDR27,Meat,2020.0,OUT017,Tier 2,Medium,Supermarket Type1,0.096644,15.1,131.9942,3.9
Regular,FDX39,Meat,2012.0,OUT049,Tier 1,Medium,Supermarket Type1,0.049753,14.3,210.3586,3.9
Regular,FDF21,Fruits and Vegetables,2011.0,OUT010,Tier 3,Medium,Grocery Store,0.098465,10.3,188.653,3.9
Low Fat,FDU40,Frozen Foods,2014.0,OUT013,Tier 3,High,Supermarket Type1,0.037373,20.85,192.7478,3.9
Low Fat,DRL37,Soft Drinks,2017.0,OUT035,Tier 2,Small,Supermarket Type1,0.053362,15.5,41.577,3.9
Low Fat,FDB39,Dairy,2015.0,OUT045,Tier 2,Medium,Supermarket Type1,0.038597,11.6,57.9272,3.9
Low Fat,FDU23,Breads,2012.0,OUT049,Tier 1,Medium,Supermarket Type1,0.021757,12.15,165.0184,3.9
Low Fat,FDM28,Frozen Foods,2012.0,OUT049,Tier 1,Medium,Supermarket Type1,0.045274,15.7,177.966,3.9
Low Fat,FDU55,Fruits and Vegetables,2012.0,OUT049,Tier 1,Medium,Supermarket Type1,0.035967,16.2,260.3278,3.9
Low Fat,DRQ35,Hard Drinks,2012.0,OUT049,Tier 1,Medium,Supermarket Type1,0.042357,9.3,123.2388,3.9
Low Fat,NCL29,Health and Hygiene,2012.0,OUT049,Tier 1,Medium,Supermarket Type1,0.114117,9.695,158.8604,3.9
Low Fat,NCC31,Household,2012.0,OUT049,Tier 1,Medium,Supermarket Type1,0.019901,8.02,157.5972,3.9
Low Fat,NCX18,Household,2012.0,OUT049,Tier 1,Medium,Supermarket Type1,0.0,14.15,197.111,3.9
Low Fat,NCG19,Household,2012.0,OUT049,Tier 1,Medium,Supermarket Type1,0.148164,20.25,232.7616,3.9
Low Fat,NCO07,Others,2012.0,OUT049,Tier 1,Medium,Supermarket Type1,0.009791,9.06,213.256,3.9
Low Fat,FDQ58,Snack Foods,2012.0,OUT049,Tier 1,Medium,Supermarket Type1,0.015326,7.315,153.434,3.9
Low Fat,FDZ22,Snack Foods,2012.0,OUT049,Tier 1,Medium,Supermarket Type1,0.04534,9.395,85.025,3.9
Low Fat,FDC46,Snack Foods,2012.0,OUT049,Tier 1,Medium,Supermarket Type1,0.116724,17.7,182.4266,3.9
Low Fat,DRZ24,Soft Drinks,2012.0,OUT049,Tier 1,Medium,Supermarket Type1,0.081915,7.535,120.344,3.9
Low Fat,DRD60,Soft Drinks,2012.0,OUT049,Tier 1,Medium,Supermarket Type1,0.03729,15.7,182.7634,3.9
Regular,FDV60,Baking Goods,2012.0,OUT049,Tier 1,Medium,Supermarket Type1,0.117544,20.2,197.311,3.9
Regular,FDN23,Breads,2012.0,OUT049,Tier 1,Medium,Supermarket Type1,0.075625,6.575,145.7444,3.9
Regular,FDR13,Canned,2012.0,OUT049,Tier 1,Medium,Supermarket Type1,0.028765,9.895,115.3492,3.9
Regular,FDH14,Canned,2012.0,OUT049,Tier 1,Medium,Supermarket Type1,0.046881,17.1,141.3838,3.9
Regular,FDY44,Fruits and Vegetables,2012.0,OUT049,Tier 1,Medium,Supermarket Type1,0.024443,14.15,196.411,3.9
Regular,FDF56,Fruits and Vegetables,2012.0,OUT049,Tier 1,Medium,Supermarket Type1,0.119648,16.7,180.9976,3.9
Regular,FDG21,Seafood,2012.0,OUT049,Tier 1,Medium,Supermarket Type1,0.146527,17.35,147.905,3.9
Regular,FDV22,Snack Foods,2012.0,OUT049,Tier 1,Medium,Supermarket Type1,0.009954,14.85,158.263,3.9
Low Fat,FDA32,Fruits and Vegetables,2018.0,OUT019,Tier 1,Small,Grocery Store,0.052691,12.6,216.3192,3.9
Low Fat,DRM37,Soft Drinks,2018.0,OUT019,Tier 1,Small,Grocery Store,0.16878,12.6,197.8768,3.9
Low Fat,FDY48,Baking Goods,2018.0,OUT019,Tier 1,Small,Grocery Store,0.041557,12.6,104.4332,3.9
Low Fat,FDT37,Canned,2018.0,OUT019,Tier 1,Small,Grocery Store,0.061754,12.6,253.3014,3.9
Low Fat,FDB05,Frozen Foods,2018.0,OUT019,Tier 1,Small,Grocery Store,0.14567,12.6,247.2776,3.9
Low Fat,FDA19,Fruits and Vegetables,2018.0,OUT019,Tier 1,Small,Grocery Store,0.0,12.6,126.6994,3.9
Low Fat,FDI32,Fruits and Vegetables,2018.0,OUT019,Tier 1,Small,Grocery Store,0.305305,12.6,116.6834,3.9
Low Fat,DRH23,Hard Drinks,2018.0,OUT019,Tier 1,Small,Grocery Store,0.298205,12.6,55.7614,3.9
Low Fat,NCN53,Health and Hygiene,2018.0,OUT019,Tier 1,Small,Grocery Store,0.053148,12.6,36.3874,3.9
Low Fat,NCP41,Health and Hygiene,2018.0,OUT019,Tier 1,Small,Grocery Store,0.028383,12.6,109.4596,3.9
Low Fat,NCR53,Health and Hygiene,2018.0,OUT019,Tier 1,Small,Grocery Store,0.253948,12.6,223.8404,3.9
Low Fat,NCD54,Household,2018.0,OUT019,Tier 1,Small,Grocery Store,0.050791,12.6,142.7786,3.9
Low Fat,NCP42,Household,2018.0,OUT019,Tier 1,Small,Grocery Store,0.028208,12.6,195.5478,3.9
Low Fat,NCR38,Household,2018.0,OUT019,Tier 1,Small,Grocery Store,0.198756,12.6,250.7724,3.9
Low Fat,NCO55,Others,2018.0,OUT019,Tier 1,Small,Grocery Store,0.159394,12.6,105.6938,3.9
Regular,FDY35,Breads,2018.0,OUT019,Tier 1,Small,Grocery Store,0.028062,12.6,44.0402,3.9
Regular,FDC52,Dairy,2018.0,OUT019,Tier 1,Small,Grocery Store,0.014497,12.6,150.8708,3.9
Regular,FDE40,Dairy,2018.0,OUT019,Tier 1,Small,Grocery Store,0.173588,12.6,60.0194,3.9
Regular,FDF40,Dairy,2018.0,OUT019,Tier 1,Small,Grocery Store,0.039416,12.6,247.8092,3.9
Regular,FDK20,Fruits and Vegetables,2018.0,OUT019,Tier 1,Small,Grocery Store,0.072762,12.6,120.9072,3.9
Regular,FDR32,Fruits and Vegetables,2018.0,OUT019,Tier 1,Small,Grocery Store,0.150239,12.6,229.3694,3.9
Regular,FDW46,Snack Foods,2018.0,OUT019,Tier 1,Small,Grocery Store,0.123089,12.6,63.6484,3.9
Low Fat,FDD02,Canned,2016.0,OUT046,Tier 1,Small,Supermarket Type1,0.0,16.6,118.8124,3.9
Low Fat,FDJ32,Fruits and Vegetables,2016.0,OUT046,Tier 1,Small,Supermarket Type1,0.057792,10.695,61.4536,3.9
Low Fat,NCG30,Household,2016.0,OUT046,Tier 1,Small,Supermarket Type1,0.112321,20.2,123.6046,3.9
Low Fat,FDK45,Seafood,2016.0,OUT046,Tier 1,Small,Supermarket Type1,0.033858,11.65,113.386,3.9
Low Fat,FDN60,Baking Goods,2016.0,OUT046,Tier 1,Small,Supermarket Type1,0.095158,15.1,159.2604,3.9
Low Fat,FDG50,Canned,2016.0,OUT046,Tier 1,Small,Supermarket Type1,0.015272,7.405,89.9146,3.9
Low Fat,FDU13,Canned,2016.0,OUT046,Tier 1,Small,Supermarket Type1,0.187559,8.355,148.0418,3.9
Low Fat,FDP25,Canned,2016.0,OUT046,Tier 1,Small,Supermarket Type1,0.021208,15.2,219.4824,3.9
Low Fat,DRE15,Dairy,2016.0,OUT046,Tier 1,Small,Supermarket Type1,0.0,13.35,77.6012,3.9
Low Fat,FDC44,Fruits and Vegetables,2016.0,OUT046,Tier 1,Small,Supermarket Type1,0.172597,15.6,114.8518,3.9
Low Fat,DRJ47,Hard Drinks,2016.0,OUT046,Tier 1,Small,Supermarket Type1,0.04425,18.25,174.708,3.9
Low Fat,NCP05,Health and Hygiene,2016.0,OUT046,Tier 1,Small,Supermarket Type1,0.025287,19.6,151.8024,3.9
Low Fat,NCY53,Health and Hygiene,2016.0,OUT046,Tier 1,Small,Supermarket Type1,0.058481,20.0,113.3544,3.9
Low Fat,NCC43,Household,2016.0,OUT046,Tier 1,Small,Supermarket Type1,0.092783,7.39,252.6066,3.9
Low Fat,NCE18,Household,2016.0,OUT046,Tier 1,Small,Supermarket Type1,0.021425,10.0,250.175,3.9
Low Fat,NCS18,Household,2016.0,OUT046,Tier 1,Small,Supermarket Type1,0.042211,12.65,108.6938,3.9
Low Fat,FDS51,Meat,2016.0,OUT046,Tier 1,Small,Supermarket Type1,0.03218,13.35,61.2194,3.9
Low Fat,FDL46,Snack Foods,2016.0,OUT046,Tier 1,Small,Supermarket Type1,0.054057,20.35,116.8466,3.9
Low Fat,DRD60,Soft Drinks,2016.0,OUT046,Tier 1,Small,Supermarket Type1,0.037232,15.7,183.1634,3.9
Regular,FDX36,Baking Goods,2016.0,OUT046,Tier 1,Small,Supermarket Type1,0.128283,9.695,226.1404,3.9
Regular,FDU37,Canned,2016.0,OUT046,Tier 1,Small,Supermarket Type1,0.0,9.5,79.596,3.9
Regular,FDM57,Snack Foods,2016.0,OUT046,Tier 1,Small,Supermarket Type1,0.075849,11.65,85.1908,3.9
Regular,FDJ34,Snack Foods,2016.0,OUT046,Tier 1,Small,Supermarket Type1,0.093656,11.8,127.1704,3.9
Low Fat,FDD46,Snack Foods,2015.0,OUT045,Tier 2,Medium,Supermarket Type1,0.141542,6.035,153.2018,3.9
Low Fat,DRF01,Soft Drinks,2020.0,OUT017,Tier 2,Medium,Supermarket Type1,0.176071,5.655,144.0102,3.9
Low Fat,DRD27,Dairy,2015.0,OUT045,Tier 2,Medium,Supermarket Type1,0.0,18.75,97.9042,3.9
Low Fat,FDJ52,Frozen Foods,2015.0,OUT045,Tier 2,Medium,Supermarket Type1,0.017823,7.145,161.3578,3.9
Low Fat,FDF16,Frozen Foods,2015.0,OUT045,Tier 2,Medium,Supermarket Type1,0.086307,7.3,146.8076,3.9
Low Fat,FDC32,Fruits and Vegetables,2015.0,OUT045,Tier 2,Medium,Supermarket Type1,0.09931,18.35,91.4462,3.9
Low Fat,FDA44,Fruits and Vegetables,2015.0,OUT045,Tier 2,Medium,Supermarket Type1,0.053331,19.7,56.793,3.9
Low Fat,NCK06,Household,2015.0,OUT045,Tier 2,Small,Supermarket Type1,0.008664,5.03,119.3756,3.9
Low Fat,NCB31,Household,2015.0,OUT045,Tier 2,Small,Supermarket Type1,0.118915,6.235,264.791,3.9
Low Fat,NCB30,Household,2015.0,OUT045,Tier 2,Small,Supermarket Type1,0.025755,14.6,199.6084,3.9
Low Fat,NCZ54,Household,2015.0,OUT045,Tier 2,Small,Supermarket Type1,0.083528,14.65,162.4552,3.9
Low Fat,NCF54,Household,2015.0,OUT045,Tier 2,Small,Supermarket Type1,0.047473,18.0,170.5422,3.9
Low Fat,FDN15,Meat,2015.0,OUT045,Tier 2,Small,Supermarket Type1,0.016768,17.5,141.418,3.9
Low Fat,NCM26,Others,2015.0,OUT045,Tier 2,Small,Supermarket Type1,0.02319,20.5,153.434,3.9
Low Fat,FDK46,Snack Foods,2015.0,OUT045,Tier 2,Small,Supermarket Type1,0.051572,9.6,258.462,3.9
Low Fat,FDK22,Snack Foods,2015.0,OUT045,Tier 2,Small,Supermarket Type1,0.026139,9.8,216.785,3.9
Low Fat,FDA21,Snack Foods,2015.0,OUT045,Tier 2,Small,Supermarket Type1,0.036034,13.65,183.7924,3.9
Low Fat,FDW45,Snack Foods,2015.0,OUT045,Tier 2,Small,Supermarket Type1,0.03909,18.0,148.4418,3.9
Low Fat,FDN45,Snack Foods,2015.0,OUT045,Tier 2,Small,Supermarket Type1,0.118342,19.35,222.6088,3.9
Low Fat,DRD25,Soft Drinks,2015.0,OUT045,Tier 2,Small,Supermarket Type1,0.079132,6.135,112.686,3.9
Low Fat,DRL60,Soft Drinks,2015.0,OUT045,Tier 2,Small,Supermarket Type1,0.027114,8.52,151.9682,3.9
Low Fat,DRJ25,Soft Drinks,2015.0,OUT045,Tier 2,Small,Supermarket Type1,0.150873,14.6,47.5692,3.9
Low Fat,DRH01,Soft Drinks,2015.0,OUT045,Tier 2,Small,Supermarket Type1,0.098103,17.5,172.9738,3.9
Low Fat,FDH12,Baking Goods,2020.0,OUT017,Tier 2,Small,Supermarket Type1,0.085434,9.6,105.028,3.9
Low Fat,FDR47,Breads,2020.0,OUT017,Tier 2,Small,Supermarket Type1,0.087963,17.85,193.3794,3.9
Low Fat,FDS37,Canned,2020.0,OUT017,Tier 2,Small,Supermarket Type1,0.032126,7.655,115.7492,3.9
Low Fat,FDB28,Dairy,2020.0,OUT017,Tier 2,Small,Supermarket Type1,0.093914,6.615,198.7426,3.9
Low Fat,FDT02,Dairy,2020.0,OUT017,Tier 2,Small,Supermarket Type1,0.024332,12.6,34.9874,3.9
Low Fat,FDO32,Fruits and Vegetables,2020.0,OUT017,Tier 2,Small,Supermarket Type1,0.121225,6.36,45.906,3.9
Low Fat,FDB21,Fruits and Vegetables,2020.0,OUT017,Tier 2,Small,Supermarket Type1,0.149361,7.475,243.4854,3.9
Low Fat,NCS42,Household,2020.0,OUT017,Tier 2,Small,Supermarket Type1,0.069809,8.6,90.5146,3.9
Low Fat,NCF30,Household,2020.0,OUT017,Tier 2,High,Supermarket Type1,0.126958,17.0,125.8362,3.9
Low Fat,NCP55,Others,2020.0,OUT017,Tier 2,High,Supermarket Type1,0.011253,14.65,57.0614,3.9
Low Fat,FDH33,Snack Foods,2020.0,OUT017,Tier 2,High,Supermarket Type1,0.122414,12.85,42.9428,3.9
Low Fat,FDF59,Starchy Foods,2020.0,OUT017,Tier 2,High,Supermarket Type1,0.0,12.5,127.102,3.9
Low Fat,FDF35,Starchy Foods,2020.0,OUT017,Tier 2,High,Supermarket Type1,0.15486,15.0,106.1938,3.9
Regular,FDX49,Canned,2015.0,OUT045,Tier 2,High,Supermarket Type1,0.102038,4.615,231.93,3.9
Regular,FDV37,Canned,2015.0,OUT045,Tier 2,High,Supermarket Type1,0.083683,13.0,198.5426,3.9
Regular,FDZ02,Dairy,2015.0,OUT045,Tier 2,High,Supermarket Type1,0.038225,6.905,99.8726,3.9
Regular,FDN04,Frozen Foods,2015.0,OUT045,Tier 2,High,Supermarket Type1,0.014116,11.8,178.5344,3.9
Regular,FDH28,Frozen Foods,2015.0,OUT045,Tier 2,High,Supermarket Type1,0.110254,15.85,37.3506,3.9
Regular,FDB41,Frozen Foods,2015.0,OUT045,Tier 2,High,Supermarket Type1,0.09751,19.0,48.1718,3.9
Regular,FDR32,Fruits and Vegetables,2015.0,OUT045,Tier 2,High,Supermarket Type1,0.085982,6.78,228.4694,3.9
Regular,FDW27,Meat,2015.0,OUT045,Tier 2,High,Supermarket Type1,0.151159,5.86,156.6314,3.9
Regular,FDR34,Snack Foods,2015.0,OUT045,Tier 2,High,Supermarket Type1,0.015998,17.0,229.1352,3.9
Regular,FDE23,Starchy Foods,2015.0,OUT045,Tier 2,High,Supermarket Type1,0.053289,17.6,47.306,3.9
Regular,FDM60,Baking Goods,2020.0,OUT017,Tier 2,High,Supermarket Type1,0.0,10.8,40.7138,3.9
Regular,FDM36,Baking Goods,2020.0,OUT017,Tier 2,High,Supermarket Type1,0.059063,11.65,172.0422,3.9
Regular,FDA25,Canned,2020.0,OUT017,Tier 2,High,Supermarket Type1,0.068511,16.5,103.699,3.9
Regular,FDQ40,Frozen Foods,2020.0,OUT017,Tier 2,High,Supermarket Type1,0.036231,11.1,175.0712,3.9
Regular,FDN16,Frozen Foods,2020.0,OUT017,Tier 2,High,Supermarket Type1,0.063055,12.6,102.399,3.9
Regular,FDR28,Frozen Foods,2020.0,OUT017,Tier 2,High,Supermarket Type1,0.026043,13.85,161.221,3.9
Regular,FDU44,Fruits and Vegetables,2020.0,OUT017,Tier 2,Medium,Supermarket Type1,0.058756,12.15,161.0552,3.9
Regular,FDD56,Fruits and Vegetables,2020.0,OUT017,Tier 2,Medium,Supermarket Type1,0.104365,15.2,177.1054,3.9
Regular,FDS32,Fruits and Vegetables,2020.0,OUT017,Tier 2,Medium,Supermarket Type1,0.029822,17.75,139.9838,3.9
Regular,FDI08,Fruits and Vegetables,2020.0,OUT017,Tier 2,Medium,Supermarket Type1,0.066672,18.2,248.1092,3.9
Regular,FDJ21,Snack Foods,2020.0,OUT017,Tier 2,Medium,Supermarket Type1,0.038746,16.7,143.8102,3.9
Regular,FDX57,Snack Foods,2020.0,OUT017,Tier 2,Medium,Supermarket Type1,0.047534,17.25,96.9068,3.9
Regular,DRC36,Soft Drinks,2020.0,OUT017,Tier 2,Medium,Supermarket Type1,0.045239,13.0,174.1054,3.9
Low Fat,FDN24,Baking Goods,2020.0,OUT017,Tier 2,Medium,Supermarket Type1,0.113908,14.1,53.3956,3.9
Low Fat,FDJ48,Baking Goods,2017.0,OUT035,Tier 2,Small,Supermarket Type1,0.056424,11.3,247.8118,3.9
Low Fat,FDN48,Baking Goods,2017.0,OUT035,Tier 2,Small,Supermarket Type1,0.064938,13.35,90.0804,3.9
Low Fat,FDW48,Baking Goods,2017.0,OUT035,Tier 2,Small,Supermarket Type1,0.008539,18.0,81.2618,3.9
Low Fat,FDO37,Breakfast,2017.0,OUT035,Tier 2,Small,Supermarket Type1,0.021373,8.06,231.7326,3.9
Low Fat,FDS14,Dairy,2017.0,OUT035,Tier 2,Small,Supermarket Type1,0.049954,7.285,156.5288,3.9
Low Fat,FDU14,Dairy,2017.0,OUT035,Tier 2,Small,Supermarket Type1,0.034746,17.75,248.275,3.9
Low Fat,FDX28,Frozen Foods,2017.0,OUT035,Tier 2,Small,Supermarket Type1,0.125154,6.325,99.2042,3.9
Low Fat,FDD45,Fruits and Vegetables,2017.0,OUT035,Tier 2,Small,Supermarket Type1,0.116227,8.615,95.9436,3.9
Low Fat,FDU32,Fruits and Vegetables,2017.0,OUT035,Tier 2,Small,Supermarket Type1,0.025963,8.785,120.9414,3.9
Low Fat,FDI32,Fruits and Vegetables,2017.0,OUT035,Tier 2,Small,Supermarket Type1,0.17434,17.7,116.6834,3.9
Low Fat,NCZ05,Health and Hygiene,2017.0,OUT035,Tier 2,Small,Supermarket Type1,0.058121,8.485,104.499,3.9
Low Fat,NCN17,Health and Hygiene,2017.0,OUT035,Tier 2,Small,Supermarket Type1,0.054929,11.0,101.7358,3.9
Low Fat,NCJ54,Household,2017.0,OUT035,Tier 2,Small,Supermarket Type1,0.060056,9.895,234.2642,3.9
Low Fat,NCP54,Household,2017.0,OUT035,Tier 2,Small,Supermarket Type1,0.035143,15.35,124.373,3.9
Low Fat,NCR54,Household,2017.0,OUT035,Tier 2,Small,Supermarket Type1,0.0,16.35,198.211,3.9
Low Fat,NCE42,Household,2017.0,OUT035,Tier 2,Small,Supermarket Type1,0.0106,21.1,233.9958,3.9
Low Fat,FDK27,Meat,2017.0,OUT035,Tier 2,Small,Supermarket Type1,0.008945,11.0,122.3756,3.9
Low Fat,FDM03,Meat,2017.0,OUT035,Tier 2,Small,Supermarket Type1,0.123008,12.65,106.0938,3.9
Low Fat,FDT03,Meat,2017.0,OUT035,Tier 2,Small,Supermarket Type1,0.009997,21.25,185.5608,3.9
Low Fat,NCO02,Others,2017.0,OUT035,Tier 2,Small,Supermarket Type1,0.073354,11.15,66.8142,3.9
Low Fat,DRG37,Soft Drinks,2017.0,OUT035,Tier 2,Small,Supermarket Type1,0.019375,16.2,155.8972,3.9
Low Fat,FDD35,Starchy Foods,2017.0,OUT035,Tier 2,Small,Supermarket Type1,0.0,12.15,119.244,3.9
Low Fat,FDE59,Starchy Foods,2017.0,OUT035,Tier 2,Small,Supermarket Type1,0.062276,12.15,37.9532,3.9
Low Fat,FDI35,Starchy Foods,2017.0,OUT035,Tier 2,Small,Supermarket Type1,0.041283,14.0,182.4634,3.9
Regular,FDV11,Breads,2017.0,OUT035,Tier 2,Small,Supermarket Type1,0.081652,9.1,177.0054,3.9
Regular,FDM02,Canned,2017.0,OUT035,Tier 2,Small,Supermarket Type1,0.073721,12.5,85.6198,3.9
Regular,FDQ01,Canned,2017.0,OUT035,Tier 2,Small,Supermarket Type1,0.160671,19.7,254.7014,3.9
Regular,FDA52,Frozen Foods,2017.0,OUT035,Tier 2,Small,Supermarket Type1,0.128398,16.2,178.337,3.9
Regular,FDE17,Frozen Foods,2017.0,OUT035,Tier 2,Small,Supermarket Type1,0.054445,20.1,151.7366,3.9
Regular,FDN56,Fruits and Vegetables,2017.0,OUT035,Tier 2,Small,Supermarket Type1,0.107037,5.46,144.2786,3.9
Regular,FDZ08,Fruits and Vegetables,2017.0,OUT035,Tier 2,Small,Supermarket Type1,0.109972,12.5,82.7592,3.9
Regular,FDQ55,Fruits and Vegetables,2017.0,OUT035,Tier 2,Small,Supermarket Type1,0.013036,13.65,114.7834,3.9
Regular,FDX32,Fruits and Vegetables,2017.0,OUT035,Tier 2,Small,Supermarket Type1,0.099839,15.1,143.3786,3.9
Regular,FDZ31,Fruits and Vegetables,2017.0,OUT035,Tier 2,Small,Supermarket Type1,0.113196,15.35,190.8504,3.9
Regular,FDY33,Snack Foods,2017.0,OUT035,Tier 2,Small,Supermarket Type1,0.0,14.5,159.3262,3.9
Low Fat,FDP57,Snack Foods,2017.0,OUT035,Tier 2,Small,Supermarket Type1,0.052434,17.5,103.999,3.9
Low Fat,DRF37,Soft Drinks,2017.0,OUT035,Tier 2,Small,Supermarket Type1,0.084317,17.25,263.391,3.9
Low Fat,FDP38,Canned,2011.0,OUT010,Tier 3,Medium,Grocery Store,0.053732,10.1,49.8008,3.9
Low Fat,FDB27,Dairy,2011.0,OUT010,Tier 3,Medium,Grocery Store,0.092712,7.575,197.7768,3.9
Low Fat,FDQ04,Frozen Foods,2011.0,OUT010,Tier 3,Medium,Grocery Store,0.14186,6.4,41.0796,3.9
Low Fat,FDD57,Fruits and Vegetables,2011.0,OUT010,Tier 3,Medium,Grocery Store,0.037492,18.1,95.5094,3.9
Low Fat,NCY41,Health and Hygiene,2011.0,OUT010,Tier 3,Medium,Grocery Store,0.126766,16.75,35.7532,3.9
Low Fat,NCK06,Household,2011.0,OUT010,Tier 3,Medium,Grocery Store,0.014473,5.03,122.0756,3.9
Low Fat,FDR09,Snack Foods,2011.0,OUT010,Tier 3,High,Grocery Store,0.130095,18.25,257.2962,3.9
Low Fat,DRJ01,Soft Drinks,2011.0,OUT010,Tier 3,High,Grocery Store,0.192541,6.135,160.2236,3.9
Low Fat,DRE49,Soft Drinks,2011.0,OUT010,Tier 3,High,Grocery Store,0.035568,20.75,151.8024,3.9
Regular,FDM51,Meat,2011.0,OUT010,Tier 3,High,Grocery Store,0.0,11.8,102.4674,3.9
Regular,FDX03,Meat,2011.0,OUT010,Tier 3,High,Grocery Store,0.102262,15.85,47.1744,3.9
Regular,FDN39,Meat,2011.0,OUT010,Tier 3,High,Grocery Store,0.109668,19.35,166.0816,3.9
Regular,FDZ21,Snack Foods,2011.0,OUT010,Tier 3,Small,Grocery Store,0.065649,17.6,94.841,3.9
Low Fat,NCV29,Health and Hygiene,2014.0,OUT013,Tier 3,High,Supermarket Type1,0.022824,11.8,177.0686,3.9
Low Fat,FDX60,Baking Goods,2014.0,OUT013,Tier 3,High,Supermarket Type1,0.080527,14.35,79.296,3.9
Low Fat,FDU13,Canned,2014.0,OUT013,Tier 3,High,Supermarket Type1,0.0,8.355,145.6418,3.9
Low Fat,FDZ38,Dairy,2014.0,OUT013,Tier 3,High,Supermarket Type1,0.007994,17.6,171.6422,3.9
Low Fat,FDB17,Frozen Foods,2014.0,OUT013,Tier 3,High,Supermarket Type1,0.036642,13.15,180.7976,3.9
Low Fat,FDI56,Fruits and Vegetables,2014.0,OUT013,Tier 3,High,Supermarket Type1,0.093308,7.325,92.7146,3.9
Low Fat,FDQ44,Fruits and Vegetables,2014.0,OUT013,Tier 3,High,Supermarket Type1,0.03611,20.5,120.1756,3.9
Low Fat,DRG11,Hard Drinks,2014.0,OUT013,Tier 3,High,Supermarket Type1,0.083769,6.385,109.8596,3.9
Low Fat,NCZ05,Health and Hygiene,2014.0,OUT013,Tier 3,High,Supermarket Type1,0.058084,8.485,103.199,3.9
Low Fat,NCK17,Health and Hygiene,2014.0,OUT013,Tier 3,High,Supermarket Type1,0.037863,11.0,40.948,3.9
Low Fat,NCK53,Health and Hygiene,2014.0,OUT013,Tier 3,High,Supermarket Type1,0.03755,11.6,101.2042,3.9
Low Fat,NCP02,Household,2014.0,OUT013,Tier 3,High,Supermarket Type1,0.044771,7.105,58.2562,3.9
Low Fat,NCN18,Household,2014.0,OUT013,Tier 3,High,Supermarket Type1,0.124611,8.895,113.1544,3.9
Low Fat,FDJ45,Seafood,2014.0,OUT013,Tier 3,High,Supermarket Type1,0.07335,17.75,34.2216,3.9
Low Fat,FDD34,Snack Foods,2014.0,OUT013,Tier 3,High,Supermarket Type1,0.015863,7.945,161.821,3.9
Low Fat,FDS57,Snack Foods,2014.0,OUT013,Tier 3,High,Supermarket Type1,0.103356,15.5,142.847,3.9
Low Fat,DRD24,Soft Drinks,2014.0,OUT013,Tier 3,High,Supermarket Type1,0.030769,13.85,141.7154,3.9
Regular,FDU24,Baking Goods,2014.0,OUT013,Tier 3,High,Supermarket Type1,0.0,6.78,94.012,3.9
Regular,FDU12,Baking Goods,2014.0,OUT013,Tier 3,High,Supermarket Type1,0.075688,15.5,262.9568,3.9
Regular,FDM25,Breakfast,2014.0,OUT013,Tier 3,High,Supermarket Type1,0.060615,10.695,174.0712,3.9
Regular,FDY49,Canned,2014.0,OUT013,Tier 3,High,Supermarket Type1,0.012002,17.2,165.3184,3.9
Regular,FDL02,Canned,2014.0,OUT013,Tier 3,High,Supermarket Type1,0.103997,20.0,107.4622,3.9
Regular,FDE51,Dairy,2014.0,OUT013,Tier 3,High,Supermarket Type1,0.096387,5.925,45.6086,3.9
Regular,FDA04,Frozen Foods,2014.0,OUT013,Tier 3,High,Supermarket Type1,0.066674,11.3,259.1962,3.9
Regular,FDE04,Frozen Foods,2014.0,OUT013,Tier 3,High,Supermarket Type1,0.018008,19.75,180.466,3.9
Regular,FDL32,Fruits and Vegetables,2014.0,OUT013,Tier 3,High,Supermarket Type1,0.0,15.7,112.4544,3.9
Regular,FDQ15,Meat,2014.0,OUT013,Tier 3,High,Supermarket Type1,0.150948,20.35,81.0276,3.9
Low Fat,FDV25,Canned,2014.0,OUT013,Tier 3,High,Supermarket Type1,0.045614,5.905,221.5456,3.9
Regular,FDQ48,Baking Goods,2014.0,OUT013,Tier 3,High,Supermarket Type1,0.034383,14.3,96.5726,3.9
Regular,FDO31,Fruits and Vegetables,2014.0,OUT013,Tier 3,High,Supermarket Type1,0.028959,6.76,78.396,3.9
Low Fat,FDT48,Baking Goods,2022.0,OUT018,Tier 3,Medium,Supermarket Type2,0.046142,4.92,199.1084,3.9
Low Fat,FDF12,Baking Goods,2022.0,OUT018,Tier 3,Medium,Supermarket Type2,0.082764,8.235,146.5076,3.9
Low Fat,FDG52,Frozen Foods,2022.0,OUT018,Tier 3,Medium,Supermarket Type2,0.065898,13.65,46.1402,3.9
Low Fat,FDI56,Fruits and Vegetables,2022.0,OUT018,Tier 3,Medium,Supermarket Type2,0.093766,7.325,90.3146,3.9
Low Fat,FDD45,Fruits and Vegetables,2022.0,OUT018,Tier 3,Medium,Supermarket Type2,0.116723,8.615,95.4436,3.9
Low Fat,DRG23,Hard Drinks,2022.0,OUT018,Tier 3,Medium,Supermarket Type2,0.0,8.88,154.0682,3.9
Low Fat,DRI47,Hard Drinks,2022.0,OUT018,Tier 3,Medium,Supermarket Type2,0.021005,14.7,144.5128,3.9
Low Fat,NCW54,Household,2022.0,OUT018,Tier 3,Medium,Supermarket Type2,0.096806,7.5,56.2588,3.9
Low Fat,NCE18,Household,2022.0,OUT018,Tier 3,Medium,Supermarket Type2,0.021513,10.0,247.775,3.9
Low Fat,NCK54,Household,2022.0,OUT018,Tier 3,Medium,Supermarket Type2,0.0,12.15,118.515,3.9
Low Fat,FDP27,Meat,2022.0,OUT018,Tier 3,Medium,Supermarket Type2,0.119937,8.155,189.153,3.9
Low Fat,FDQ58,Snack Foods,2022.0,OUT018,Tier 3,Medium,Supermarket Type2,0.015364,7.315,154.334,3.9
Low Fat,DRK13,Soft Drinks,2022.0,OUT018,Tier 3,Medium,Supermarket Type2,0.115637,11.8,199.7084,3.9
Low Fat,DRM37,Soft Drinks,2022.0,OUT018,Tier 3,Medium,Supermarket Type2,0.09679,15.35,197.2768,3.9
Low Fat,FDC11,Starchy Foods,2022.0,OUT018,Tier 3,Medium,Supermarket Type2,0.14237,20.5,90.6172,3.9
Regular,FDY12,Baking Goods,2022.0,OUT018,Tier 3,Medium,Supermarket Type2,0.141184,9.8,50.5008,3.9
Regular,FDU12,Baking Goods,2022.0,OUT018,Tier 3,Medium,Supermarket Type2,0.07606,15.5,265.1568,3.9
Regular,FDE40,Dairy,2022.0,OUT018,Tier 3,Medium,Supermarket Type2,0.0,15.6,62.4194,3.9
Regular,FDB29,Frozen Foods,2022.0,OUT018,Tier 3,Medium,Supermarket Type2,0.052625,16.7,113.4176,3.9
Regular,FDB41,Frozen Foods,2022.0,OUT018,Tier 3,Medium,Supermarket Type2,0.09771,19.0,48.6718,3.9
Regular,FDR56,Fruits and Vegetables,2022.0,OUT018,Tier 3,Medium,Supermarket Type2,0.101176,15.5,198.9768,3.9
Regular,FDJ58,Snack Foods,2022.0,OUT018,Tier 3,Medium,Supermarket Type2,0.105725,15.6,169.9764,3.9
Regular,DRD01,Soft Drinks,2022.0,OUT018,Tier 3,Medium,Supermarket Type2,0.061425,12.1,56.7614,3.9
Regular,FDA55,Fruits and Vegetables,2022.0,OUT018,Tier 3,Medium,Supermarket Type2,0.057221,17.2,225.4088,3.9
Low Fat,FDS48,Baking Goods,2018.0,OUT027,Tier 3,Medium,Supermarket Type3,0.027645,12.6,149.4708,3.9
Low Fat,FDG02,Canned,2018.0,OUT027,Tier 3,Medium,Supermarket Type3,0.011207,12.6,191.4188,3.9
Low Fat,DRG03,Dairy,2018.0,OUT027,Tier 3,Medium,Supermarket Type3,0.061686,12.6,153.9998,3.9
Low Fat,DRK39,Dairy,2018.0,OUT027,Tier 3,Medium,Supermarket Type3,0.049624,12.6,83.225,3.9
Low Fat,FDD39,Dairy,2018.0,OUT027,Tier 3,Medium,Supermarket Type3,0.069815,12.6,214.385,3.9
Low Fat,FDB17,Frozen Foods,2018.0,OUT027,Tier 3,Medium,Supermarket Type3,0.036495,12.6,179.0976,3.9
Low Fat,FDY07,Fruits and Vegetables,2018.0,OUT027,Tier 3,Medium,Supermarket Type3,0.0,12.6,45.9402,3.9
Low Fat,NCC19,Household,2018.0,OUT027,Tier 3,Medium,Supermarket Type3,0.096411,12.6,192.982,3.9
Low Fat,NCE07,Household,2018.0,OUT027,Tier 3,Medium,Supermarket Type3,0.013066,12.6,140.9154,3.9
Low Fat,NCF19,Household,2018.0,OUT027,Tier 3,Medium,Supermarket Type3,0.034939,12.6,49.0034,3.9
Low Fat,NCG18,Household,2018.0,OUT027,Tier 3,Medium,Supermarket Type3,0.022867,12.6,102.8332,3.9
Low Fat,NCJ18,Household,2018.0,OUT027,Tier 3,Medium,Supermarket Type3,0.163148,12.6,116.6124,3.9
Low Fat,NCQ18,Household,2018.0,OUT027,Tier 3,Medium,Supermarket Type3,0.134419,12.6,99.67,3.9
Low Fat,FDV15,Meat,2018.0,OUT027,Tier 3,Medium,Supermarket Type3,0.145465,12.6,105.7648,3.9
Low Fat,FDN45,Snack Foods,2018.0,OUT027,Tier 3,Medium,Supermarket Type3,0.117531,12.6,222.7088,3.9
Low Fat,DRE49,Soft Drinks,2018.0,OUT027,Tier 3,Medium,Supermarket Type3,0.0,12.6,153.8024,3.9
Regular,FDB36,Baking Goods,2018.0,OUT027,Tier 3,Medium,Supermarket Type3,0.048292,12.6,133.1626,3.9
Regular,FDY47,Breads,2018.0,OUT027,Tier 3,Medium,Supermarket Type3,0.054221,12.6,129.131,3.9
Regular,FDF28,Frozen Foods,2018.0,OUT027,Tier 3,Medium,Supermarket Type3,0.037681,12.6,125.1046,3.9
Regular,FDF29,Frozen Foods,2018.0,OUT027,Tier 3,Medium,Supermarket Type3,0.019838,12.6,128.131,3.9
Regular,FDX07,Fruits and Vegetables,2018.0,OUT027,Tier 3,Medium,Supermarket Type3,0.022808,12.6,183.495,3.9
Regular,FDY56,Fruits and Vegetables,2018.0,OUT027,Tier 3,Medium,Supermarket Type3,0.062109,12.6,223.7062,3.9
Regular,FDW51,Meat,2018.0,OUT027,Tier 3,Medium,Supermarket Type3,0.094201,12.6,213.356,3.9
Regular,FDG21,Seafood,2018.0,OUT027,Tier 3,Medium,Supermarket Type3,0.145591,12.6,148.705,3.9
Regular,FDJ34,Snack Foods,2018.0,OUT027,Tier 3,Medium,Supermarket Type3,0.093202,12.6,125.5704,3.9
Regular,DRA24,Soft Drinks,2018.0,OUT027,Tier 3,Medium,Supermarket Type3,0.039735,12.6,165.7868,3.9
Low Fat,NCY41,Health and Hygiene,2018.0,OUT027,Tier 3,Medium,Supermarket Type3,0.075369,12.6,35.2532,3.9
Regular,FDS46,Snack Foods,2016.0,OUT046,Tier 1,Small,Supermarket Type1,0.047257,17.6,119.6782,3.8
Low Fat,NCF19,Household,2020.0,OUT017,Tier 2,Small,Supermarket Type1,0.035307,13.0,47.5034,3.8
Low Fat,NCK19,Others,2011.0,OUT010,Tier 3,Small,Grocery Store,0.151421,9.8,194.3478,3.8
Regular,FDS15,Meat,2020.0,OUT017,Tier 2,Small,Supermarket Type1,0.078502,9.195,108.7596,3.8
Regular,FDY34,Snack Foods,2022.0,OUT018,Tier 3,Medium,Supermarket Type2,0.011027,10.5,166.4842,3.8
Regular,FDU45,Snack Foods,2018.0,OUT027,Tier 3,Medium,Supermarket Type3,0.035334,12.6,115.3518,3.8
Low Fat,FDR02,Dairy,2014.0,OUT013,Tier 3,High,Supermarket Type1,0.022047,16.7,110.2886,3.8
Low Fat,FDS48,Baking Goods,2016.0,OUT046,Tier 1,Small,Supermarket Type1,0.027779,15.15,150.1708,3.8
Regular,FDY56,Fruits and Vegetables,2012.0,OUT049,Tier 1,Medium,Supermarket Type1,0.062508,16.35,227.1062,3.8
Low Fat,FDW23,Baking Goods,2018.0,OUT019,Tier 1,Small,Grocery Store,0.143593,12.6,37.3164,3.8
Low Fat,FDE24,Baking Goods,2017.0,OUT035,Tier 2,Small,Supermarket Type1,0.093445,14.85,141.0812,3.8
Regular,FDQ45,Snack Foods,2014.0,OUT013,Tier 3,High,Supermarket Type1,0.010908,9.5,182.3608,3.8
Low Fat,NCP42,Household,2020.0,OUT017,Tier 2,Small,Supermarket Type1,0.016202,8.51,195.2478,3.8
Low Fat,FDK43,Meat,2015.0,OUT045,Tier 2,Medium,Supermarket Type1,0.026895,9.8,128.402,3.8
Low Fat,FDA44,Fruits and Vegetables,2011.0,OUT010,Tier 3,Medium,Grocery Store,0.089084,19.7,54.593,3.8
Low Fat,NCG43,Household,2022.0,OUT018,Tier 3,Medium,Supermarket Type2,0.074542,20.2,94.1462,3.8
Regular,FDS45,Snack Foods,2014.0,OUT013,Tier 3,High,Supermarket Type1,0.029471,5.175,105.4622,3.8
Low Fat,FDS03,Meat,2011.0,OUT010,Tier 3,Medium,Grocery Store,0.133282,7.825,63.2826,3.8
Low Fat,FDQ23,Breads,2017.0,OUT035,Tier 2,Small,Supermarket Type1,0.024521,6.55,100.6332,3.8
Low Fat,FDO13,Breakfast,2014.0,OUT013,Tier 3,High,Supermarket Type1,0.061009,7.865,166.0526,3.8
Low Fat,DRD49,Soft Drinks,2017.0,OUT035,Tier 2,Small,Supermarket Type1,0.167799,9.895,239.4564,3.8
Low Fat,NCK17,Health and Hygiene,2018.0,OUT027,Tier 3,Medium,Supermarket Type3,0.037711,12.6,41.548,3.8
Low Fat,FDT08,Fruits and Vegetables,2012.0,OUT049,Tier 1,Medium,Supermarket Type1,0.049295,13.65,150.505,3.8
Low Fat,FDL46,Snack Foods,2020.0,OUT017,Tier 2,Medium,Supermarket Type1,0.054363,20.35,117.9466,3.8
Low Fat,NCQ05,Health and Hygiene,2011.0,OUT010,Tier 3,Medium,Grocery Store,0.036164,11.395,150.1708,3.8
Regular,FDW46,Snack Foods,2022.0,OUT018,Tier 3,Medium,Supermarket Type2,0.070588,13.0,65.9484,3.8
Regular,FDR19,Fruits and Vegetables,2014.0,OUT013,Tier 3,High,Supermarket Type1,0.159588,13.5,145.3102,3.8
Low Fat,FDE45,Fruits and Vegetables,2016.0,OUT046,Tier 1,Small,Supermarket Type1,0.040357,12.1,177.8002,3.8
Low Fat,NCO17,Health and Hygiene,2017.0,OUT035,Tier 2,Small,Supermarket Type1,0.0,10.0,120.644,3.8
Low Fat,FDM21,Snack Foods,2012.0,OUT049,Tier 1,Medium,Supermarket Type1,0.064464,20.2,255.7646,3.8
Low Fat,FDV24,Baking Goods,2012.0,OUT049,Tier 1,Medium,Supermarket Type1,0.0,5.635,148.705,3.8
Low Fat,FDG60,Baking Goods,2012.0,OUT049,Tier 1,Medium,Supermarket Type1,0.060794,20.35,233.6616,3.8
Low Fat,FDO13,Breakfast,2012.0,OUT049,Tier 1,Medium,Supermarket Type1,0.061155,7.865,165.3526,3.8
Low Fat,FDO50,Canned,2012.0,OUT049,Tier 1,Medium,Supermarket Type1,0.07829,16.25,93.1804,3.8
Low Fat,FDS26,Dairy,2012.0,OUT049,Tier 1,Medium,Supermarket Type1,0.089608,20.35,262.1594,3.8
Low Fat,DRH39,Dairy,2012.0,OUT049,Tier 1,Medium,Supermarket Type1,0.092834,20.7,77.667,3.8
Low Fat,FDF09,Fruits and Vegetables,2012.0,OUT049,Tier 1,Medium,Supermarket Type1,0.012168,6.215,37.4848,3.8
Low Fat,FDE57,Fruits and Vegetables,2012.0,OUT049,Tier 1,Medium,Supermarket Type1,0.036342,9.6,142.9154,3.8
Low Fat,FDW08,Fruits and Vegetables,2012.0,OUT049,Tier 1,Medium,Supermarket Type1,0.148612,12.1,104.528,3.8
Low Fat,NCV41,Health and Hygiene,2012.0,OUT049,Tier 1,Medium,Supermarket Type1,0.017065,14.35,109.5228,3.8
Low Fat,FDD22,Snack Foods,2012.0,OUT049,Tier 1,Medium,Supermarket Type1,0.099805,10.0,113.7544,3.8
Low Fat,DRJ25,Soft Drinks,2012.0,OUT049,Tier 1,Medium,Supermarket Type1,0.150802,14.6,48.7692,3.8
Regular,FDB12,Baking Goods,2012.0,OUT049,Tier 1,Medium,Supermarket Type1,0.105471,11.15,105.8648,3.8
Regular,FDF24,Baking Goods,2012.0,OUT049,Tier 1,Medium,Supermarket Type1,0.02541,15.5,83.2934,3.8
Regular,FDS46,Snack Foods,2012.0,OUT049,Tier 1,Medium,Supermarket Type1,0.047331,17.6,120.8782,3.8
Low Fat,NCJ30,Household,2012.0,OUT049,Tier 1,Medium,Supermarket Type1,0.080766,5.82,169.179,3.8
Regular,FDR15,Meat,2012.0,OUT049,Tier 1,Medium,Supermarket Type1,0.03349,9.3,156.6314,3.8
Low Fat,FDA10,Snack Foods,2018.0,OUT019,Tier 1,Small,Grocery Store,0.248302,12.6,124.1072,3.8
Low Fat,FDY21,Snack Foods,2018.0,OUT019,Tier 1,Small,Grocery Store,0.303743,12.6,196.011,3.8
Low Fat,DRG37,Soft Drinks,2018.0,OUT019,Tier 1,Small,Grocery Store,0.033929,12.6,154.3972,3.8
Low Fat,FDT60,Baking Goods,2018.0,OUT019,Tier 1,Small,Grocery Store,0.132275,12.6,123.8388,3.8
Low Fat,FDW48,Baking Goods,2018.0,OUT019,Tier 1,Small,Grocery Store,0.0,12.6,81.8618,3.8
Low Fat,FDG02,Canned,2018.0,OUT019,Tier 1,Small,Grocery Store,0.019717,12.6,191.9188,3.8
Low Fat,FDG32,Fruits and Vegetables,2018.0,OUT019,Tier 1,Small,Grocery Store,0.308145,12.6,222.0772,3.8
Low Fat,DRI11,Hard Drinks,2018.0,OUT019,Tier 1,Small,Grocery Store,0.060237,12.6,115.9834,3.8
Low Fat,NCN29,Health and Hygiene,2018.0,OUT019,Tier 1,Small,Grocery Store,0.021214,12.6,48.2034,3.8
Low Fat,NCB31,Household,2018.0,OUT019,Tier 1,Small,Grocery Store,0.207783,12.6,262.291,3.8
Low Fat,NCN43,Others,2018.0,OUT019,Tier 1,Small,Grocery Store,0.011835,12.6,121.373,3.8
Regular,FDG12,Baking Goods,2018.0,OUT019,Tier 1,Small,Grocery Store,0.0,12.6,121.3098,3.8
Regular,FDV60,Baking Goods,2018.0,OUT019,Tier 1,Small,Grocery Store,0.205484,12.6,198.011,3.8
Regular,FDZ32,Fruits and Vegetables,2018.0,OUT019,Tier 1,Small,Grocery Store,0.066766,12.6,107.1964,3.8
Low Fat,NCF55,Household,2016.0,OUT046,Tier 1,Small,Supermarket Type1,0.021666,6.675,33.3874,3.8
Low Fat,FDA11,Baking Goods,2016.0,OUT046,Tier 1,Small,Supermarket Type1,0.043239,7.75,92.5436,3.8
Low Fat,FDO12,Baking Goods,2016.0,OUT046,Tier 1,Small,Supermarket Type1,0.054931,15.75,194.4452,3.8
Low Fat,FDE38,Canned,2016.0,OUT046,Tier 1,Small,Supermarket Type1,0.044607,6.52,164.2842,3.8
Low Fat,DRD15,Dairy,2016.0,OUT046,Tier 1,Small,Supermarket Type1,0.056796,10.6,232.8642,3.8
Low Fat,FDE53,Frozen Foods,2016.0,OUT046,Tier 1,Small,Supermarket Type1,0.02688,10.895,106.428,3.8
Low Fat,FDB45,Fruits and Vegetables,2016.0,OUT046,Tier 1,Small,Supermarket Type1,0.02133,20.85,105.5306,3.8
Low Fat,NCZ29,Health and Hygiene,2016.0,OUT046,Tier 1,Small,Supermarket Type1,0.071371,15.0,125.2362,3.8
Low Fat,NCF06,Household,2016.0,OUT046,Tier 1,Small,Supermarket Type1,0.020198,6.235,257.9962,3.8
Low Fat,NCT18,Household,2016.0,OUT046,Tier 1,Small,Supermarket Type1,0.059405,14.6,179.6976,3.8
Low Fat,FDY51,Meat,2016.0,OUT046,Tier 1,Small,Supermarket Type1,0.081135,12.5,220.0798,3.8
Low Fat,NCK31,Others,2016.0,OUT046,Tier 1,Small,Supermarket Type1,0.027048,10.895,50.6666,3.8
Low Fat,FDQ58,Snack Foods,2016.0,OUT046,Tier 1,Small,Supermarket Type1,0.015302,7.315,154.434,3.8
Low Fat,FDP34,Snack Foods,2016.0,OUT046,Tier 1,Small,Supermarket Type1,0.137228,12.85,155.563,3.8
Low Fat,FDP10,Snack Foods,2016.0,OUT046,Tier 1,Small,Supermarket Type1,0.12809,19.0,107.0622,3.8
Low Fat,DRE12,Soft Drinks,2016.0,OUT046,Tier 1,Small,Supermarket Type1,0.070781,4.59,114.586,3.8
Regular,FDX12,Baking Goods,2016.0,OUT046,Tier 1,Small,Supermarket Type1,0.026064,18.2,241.8196,3.8
Regular,FDL51,Dairy,2016.0,OUT046,Tier 1,Small,Supermarket Type1,0.047491,20.7,213.9876,3.8
Regular,FDW43,Fruits and Vegetables,2016.0,OUT046,Tier 1,Small,Supermarket Type1,0.022425,20.1,226.3036,3.8
Regular,FDM15,Meat,2016.0,OUT046,Tier 1,Small,Supermarket Type1,0.057422,11.8,149.9366,3.8
Regular,FDM45,Snack Foods,2016.0,OUT046,Tier 1,Small,Supermarket Type1,0.088195,8.655,119.6756,3.8
Regular,FDR22,Snack Foods,2016.0,OUT046,Tier 1,Small,Supermarket Type1,0.018563,19.35,110.5544,3.8
Regular,FDP52,Frozen Foods,2016.0,OUT046,Tier 1,Small,Supermarket Type1,0.070692,18.7,230.201,3.8
Low Fat,NCY41,Health and Hygiene,2015.0,OUT045,Tier 2,Medium,Supermarket Type1,0.075889,16.75,37.6532,3.8
Low Fat,NCK42,Household,2015.0,OUT045,Tier 2,Medium,Supermarket Type1,0.013147,7.475,214.5192,3.8
Low Fat,FDG24,Baking Goods,2020.0,OUT017,Tier 2,Medium,Supermarket Type1,0.014714,7.975,83.125,3.8
Low Fat,NCD31,Household,2020.0,OUT017,Tier 2,Medium,Supermarket Type1,0.015522,12.1,165.8526,3.8
Low Fat,FDW35,Breads,2015.0,OUT045,Tier 2,Medium,Supermarket Type1,0.011112,10.6,43.8454,3.8
Low Fat,FDT59,Breads,2015.0,OUT045,Tier 2,Medium,Supermarket Type1,0.015944,13.65,231.9668,3.8
Low Fat,FDY27,Dairy,2015.0,OUT045,Tier 2,Medium,Supermarket Type1,0.031963,6.38,178.0344,3.8
Low Fat,FDU02,Dairy,2015.0,OUT045,Tier 2,Medium,Supermarket Type1,0.102719,13.35,228.8352,3.8
Low Fat,NCU53,Health and Hygiene,2015.0,OUT045,Tier 2,Small,Supermarket Type1,0.042839,5.485,163.7842,3.8
Low Fat,NCZ29,Health and Hygiene,2015.0,OUT045,Tier 2,Small,Supermarket Type1,0.071516,15.0,127.7362,3.8
Low Fat,NCJ18,Household,2015.0,OUT045,Tier 2,Small,Supermarket Type1,0.164274,12.35,119.8124,3.8
Low Fat,NCH07,Household,2015.0,OUT045,Tier 2,Small,Supermarket Type1,0.092855,13.15,158.7604,3.8
Low Fat,NCO42,Household,2015.0,OUT045,Tier 2,Small,Supermarket Type1,0.024706,21.25,145.1102,3.8
Low Fat,NCL19,Others,2015.0,OUT045,Tier 2,Small,Supermarket Type1,0.015708,15.35,143.447,3.8
Low Fat,FDE22,Snack Foods,2015.0,OUT045,Tier 2,Small,Supermarket Type1,0.029633,9.695,159.692,3.8
Low Fat,FDN10,Snack Foods,2015.0,OUT045,Tier 2,Small,Supermarket Type1,0.046217,11.5,120.3124,3.8
Low Fat,FDK34,Snack Foods,2015.0,OUT045,Tier 2,Small,Supermarket Type1,0.038605,13.35,236.3564,3.8
Low Fat,FDM10,Snack Foods,2015.0,OUT045,Tier 2,Small,Supermarket Type1,0.076126,18.25,214.0218,3.8
Low Fat,FDT60,Baking Goods,2020.0,OUT017,Tier 2,Small,Supermarket Type1,0.075976,12.0,124.1388,3.8
Low Fat,FDU48,Baking Goods,2020.0,OUT017,Tier 2,Small,Supermarket Type1,0.055672,18.85,133.3284,3.8
Low Fat,FDM13,Breakfast,2020.0,OUT017,Tier 2,Small,Supermarket Type1,0.063533,6.425,133.0626,3.8
Low Fat,FDW37,Canned,2020.0,OUT017,Tier 2,Small,Supermarket Type1,0.124752,19.2,90.9488,3.8
Low Fat,FDW49,Canned,2020.0,OUT017,Tier 2,Small,Supermarket Type1,0.083019,19.5,180.2002,3.8
Low Fat,FDD04,Dairy,2020.0,OUT017,Tier 2,Small,Supermarket Type1,0.09048,16.0,142.4154,3.8
Low Fat,FDZ20,Fruits and Vegetables,2020.0,OUT017,Tier 2,Small,Supermarket Type1,0.034501,16.1,255.7356,3.8
Low Fat,FDM56,Fruits and Vegetables,2020.0,OUT017,Tier 2,Small,Supermarket Type1,0.070589,16.7,107.9912,3.8
Low Fat,NCO41,Health and Hygiene,2020.0,OUT017,Tier 2,Small,Supermarket Type1,0.018955,12.5,100.1384,3.8
Low Fat,NCH07,Household,2020.0,OUT017,Tier 2,Small,Supermarket Type1,0.093191,13.15,158.1604,3.8
Low Fat,NCC18,Household,2020.0,OUT017,Tier 2,High,Supermarket Type1,0.178273,19.1,172.4422,3.8
Low Fat,FDK55,Meat,2020.0,OUT017,Tier 2,High,Supermarket Type1,0.025907,18.5,87.7172,3.8
Low Fat,NCN55,Others,2020.0,OUT017,Tier 2,High,Supermarket Type1,0.059827,14.6,239.2538,3.8
Low Fat,NCQ38,Others,2020.0,OUT017,Tier 2,High,Supermarket Type1,0.013442,16.35,104.528,3.8
Low Fat,FDT46,Snack Foods,2020.0,OUT017,Tier 2,High,Supermarket Type1,0.030981,11.35,51.9008,3.8
Low Fat,FDN10,Snack Foods,2020.0,OUT017,Tier 2,High,Supermarket Type1,0.046385,11.5,118.9124,3.8
Low Fat,FDA10,Snack Foods,2020.0,OUT017,Tier 2,High,Supermarket Type1,0.142618,20.35,123.2072,3.8
Low Fat,FDA34,Starchy Foods,2020.0,OUT017,Tier 2,High,Supermarket Type1,0.014945,11.5,171.808,3.8
Low Fat,FDE59,Starchy Foods,2020.0,OUT017,Tier 2,High,Supermarket Type1,0.06264,12.15,36.6532,3.8
Regular,FDS36,Baking Goods,2015.0,OUT045,Tier 2,High,Supermarket Type1,0.046982,8.38,108.157,3.8
Regular,FDI12,Baking Goods,2015.0,OUT045,Tier 2,High,Supermarket Type1,0.100603,9.395,88.3856,3.8
Regular,FDX36,Baking Goods,2015.0,OUT045,Tier 2,High,Supermarket Type1,0.128543,9.695,226.5404,3.8
Regular,FDH60,Baking Goods,2015.0,OUT045,Tier 2,High,Supermarket Type1,0.0,19.7,197.911,3.8
Regular,FDS59,Breads,2015.0,OUT045,Tier 2,High,Supermarket Type1,0.043982,14.8,110.657,3.8
Regular,FDK25,Breakfast,2015.0,OUT045,Tier 2,High,Supermarket Type1,0.15715,11.6,168.2474,3.8
Regular,FDH50,Canned,2015.0,OUT045,Tier 2,High,Supermarket Type1,0.161763,15.0,185.9266,3.8
Regular,FDR55,Fruits and Vegetables,2015.0,OUT045,Tier 2,High,Supermarket Type1,0.132351,12.15,190.3872,3.8
Regular,FDZ39,Meat,2015.0,OUT045,Tier 2,High,Supermarket Type1,0.018061,19.7,102.599,3.8
Regular,FDE10,Snack Foods,2015.0,OUT045,Tier 2,High,Supermarket Type1,0.090131,6.67,131.4626,3.8
Regular,FDM45,Snack Foods,2015.0,OUT045,Tier 2,High,Supermarket Type1,0.088374,8.655,119.3756,3.8
Regular,FDF34,Snack Foods,2015.0,OUT045,Tier 2,High,Supermarket Type1,0.014048,9.3,196.5084,3.8
Regular,FDY60,Baking Goods,2020.0,OUT017,Tier 2,High,Supermarket Type1,0.02652,10.5,144.8128,3.8
Regular,FDB04,Dairy,2020.0,OUT017,Tier 2,High,Supermarket Type1,0.063584,11.35,89.4856,3.8
Regular,FDH52,Frozen Foods,2020.0,OUT017,Tier 2,High,Supermarket Type1,0.044151,9.42,61.5194,3.8
Regular,FDX52,Frozen Foods,2020.0,OUT017,Tier 2,High,Supermarket Type1,0.04224,11.5,194.982,3.8
Regular,FDR44,Fruits and Vegetables,2020.0,OUT017,Tier 2,High,Supermarket Type1,0.103503,6.11,129.6968,3.8
Regular,FDV20,Fruits and Vegetables,2020.0,OUT017,Tier 2,Medium,Supermarket Type1,0.0,20.2,129.0678,3.8
Regular,FDV27,Meat,2020.0,OUT017,Tier 2,Medium,Supermarket Type1,0.040216,7.97,90.4514,3.8
Regular,FDI34,Snack Foods,2020.0,OUT017,Tier 2,Medium,Supermarket Type1,0.085618,10.65,229.3668,3.8
Low Fat,FDW58,Snack Foods,2017.0,OUT035,Tier 2,Small,Supermarket Type1,0.007552,20.75,107.1622,3.8
Low Fat,FDU36,Baking Goods,2017.0,OUT035,Tier 2,Small,Supermarket Type1,0.046262,6.15,97.8384,3.8
Low Fat,FDB60,Baking Goods,2017.0,OUT035,Tier 2,Small,Supermarket Type1,0.028517,9.3,194.6136,3.8
Low Fat,FDI26,Canned,2017.0,OUT035,Tier 2,Small,Supermarket Type1,0.03488,5.94,177.9344,3.8
Low Fat,FDR49,Canned,2017.0,OUT035,Tier 2,Small,Supermarket Type1,0.139202,8.71,46.1376,3.8
Low Fat,FDY13,Canned,2017.0,OUT035,Tier 2,Small,Supermarket Type1,0.030122,12.1,78.067,3.8
Low Fat,FDT02,Dairy,2017.0,OUT035,Tier 2,Small,Supermarket Type1,0.02419,12.6,34.4874,3.8
Low Fat,NCP18,Household,2017.0,OUT035,Tier 2,Small,Supermarket Type1,0.028593,12.15,151.0708,3.8
Low Fat,NCX18,Household,2017.0,OUT035,Tier 2,Small,Supermarket Type1,0.008792,14.15,195.011,3.8
Low Fat,NCB43,Household,2017.0,OUT035,Tier 2,Small,Supermarket Type1,0.099893,20.2,187.6898,3.8
Low Fat,FDE47,Starchy Foods,2017.0,OUT035,Tier 2,Small,Supermarket Type1,0.037902,14.15,126.3046,3.8
Regular,FDS36,Baking Goods,2017.0,OUT035,Tier 2,Small,Supermarket Type1,0.046878,8.38,109.857,3.8
Regular,FDM12,Baking Goods,2017.0,OUT035,Tier 2,Small,Supermarket Type1,0.069904,16.7,188.6214,3.8
Regular,FDB26,Canned,2017.0,OUT035,Tier 2,Small,Supermarket Type1,0.031262,14.0,52.564,3.8
Regular,FDH56,Fruits and Vegetables,2017.0,OUT035,Tier 2,Small,Supermarket Type1,0.063805,9.8,117.3492,3.8
Regular,FDU31,Fruits and Vegetables,2017.0,OUT035,Tier 2,Small,Supermarket Type1,0.024986,10.5,216.7508,3.8
Regular,FDG10,Snack Foods,2017.0,OUT035,Tier 2,Small,Supermarket Type1,0.010937,6.63,55.8588,3.8
Regular,FDS58,Snack Foods,2017.0,OUT035,Tier 2,Small,Supermarket Type1,0.021003,9.285,161.1578,3.8
Regular,DRM49,Soft Drinks,2017.0,OUT035,Tier 2,Small,Supermarket Type1,0.151925,6.11,46.6086,3.8
Low Fat,NCS42,Household,2017.0,OUT035,Tier 2,Small,Supermarket Type1,0.069403,8.6,91.2146,3.8
Low Fat,FDU23,Breads,2011.0,OUT010,Tier 3,Medium,Grocery Store,0.036361,12.15,166.0184,3.8
Low Fat,FDX01,Canned,2011.0,OUT010,Tier 3,Medium,Grocery Store,0.040446,10.1,118.115,3.8
Low Fat,FDA43,Fruits and Vegetables,2011.0,OUT010,Tier 3,Medium,Grocery Store,0.108254,10.895,194.8794,3.8
Low Fat,NCN29,Health and Hygiene,2011.0,OUT010,Tier 3,Medium,Grocery Store,0.02028,15.2,49.1034,3.8
Low Fat,NCZ30,Household,2011.0,OUT010,Tier 3,Medium,Grocery Store,0.043828,6.59,121.4098,3.8
Low Fat,NCH30,Household,2011.0,OUT010,Tier 3,Medium,Grocery Store,0.112402,17.1,112.986,3.8
Low Fat,FDL46,Snack Foods,2011.0,OUT010,Tier 3,High,Grocery Store,0.09048,20.35,119.5466,3.8
Regular,FDE17,Frozen Foods,2011.0,OUT010,Tier 3,High,Grocery Store,0.0,20.1,152.2366,3.8
Regular,FDQ08,Fruits and Vegetables,2011.0,OUT010,Tier 3,High,Grocery Store,0.031686,15.7,63.1536,3.8
Regular,FDT32,Fruits and Vegetables,2011.0,OUT010,Tier 3,High,Grocery Store,0.109858,19.0,188.8214,3.8
Regular,FDM09,Snack Foods,2011.0,OUT010,Tier 3,High,Grocery Store,0.143832,11.15,169.979,3.8
Regular,FDD10,Snack Foods,2011.0,OUT010,Tier 3,Small,Grocery Store,0.077029,20.6,177.2344,3.8
Regular,FDS21,Snack Foods,2011.0,OUT010,Tier 3,Small,Grocery Store,0.034942,19.85,61.9194,3.8
Low Fat,FDW49,Canned,2014.0,OUT013,Tier 3,High,Supermarket Type1,0.082484,19.5,179.2002,3.8
Low Fat,FDW11,Breads,2014.0,OUT013,Tier 3,High,Supermarket Type1,0.048741,12.6,60.4194,3.8
Low Fat,FDH27,Dairy,2014.0,OUT013,Tier 3,High,Supermarket Type1,0.058298,7.075,145.8128,3.8
Low Fat,FDU07,Fruits and Vegetables,2014.0,OUT013,Tier 3,High,Supermarket Type1,0.059797,11.1,151.8366,3.8
Low Fat,FDI32,Fruits and Vegetables,2014.0,OUT013,Tier 3,High,Supermarket Type1,0.174228,17.7,117.1834,3.8
Low Fat,DRK23,Hard Drinks,2014.0,OUT013,Tier 3,High,Supermarket Type1,0.071917,8.395,254.804,3.8
Low Fat,NCJ17,Health and Hygiene,2014.0,OUT013,Tier 3,High,Supermarket Type1,0.15243,7.68,85.5224,3.8
Low Fat,NCY29,Health and Hygiene,2014.0,OUT013,Tier 3,High,Supermarket Type1,0.07717,13.65,55.593,3.8
Low Fat,NCO54,Household,2014.0,OUT013,Tier 3,High,Supermarket Type1,0.014262,19.5,57.1614,3.8
Low Fat,NCN19,Others,2014.0,OUT013,Tier 3,High,Supermarket Type1,0.012089,13.1,189.853,3.8
Low Fat,NCQ38,Others,2014.0,OUT013,Tier 3,High,Supermarket Type1,0.013355,16.35,105.528,3.8
Regular,FDZ36,Baking Goods,2014.0,OUT013,Tier 3,High,Supermarket Type1,0.065729,6.035,188.324,3.8
Regular,FDL24,Baking Goods,2014.0,OUT013,Tier 3,High,Supermarket Type1,0.024876,10.3,173.0422,3.8
Regular,FDV60,Baking Goods,2014.0,OUT013,Tier 3,High,Supermarket Type1,0.0,20.2,197.211,3.8
Regular,FDJ38,Canned,2014.0,OUT013,Tier 3,High,Supermarket Type1,0.040172,8.6,188.553,3.8
Regular,FDD38,Canned,2014.0,OUT013,Tier 3,High,Supermarket Type1,0.008185,16.75,101.2674,3.8
Regular,FDD40,Dairy,2014.0,OUT013,Tier 3,High,Supermarket Type1,0.014781,20.25,193.8162,3.8
Regular,FDS16,Frozen Foods,2014.0,OUT013,Tier 3,High,Supermarket Type1,0.066122,15.15,145.676,3.8
Regular,FDY03,Meat,2014.0,OUT013,Tier 3,High,Supermarket Type1,0.076058,17.6,111.8202,3.8
Regular,FDO09,Snack Foods,2014.0,OUT013,Tier 3,High,Supermarket Type1,0.12517,13.5,261.491,3.8
Regular,FDV22,Snack Foods,2014.0,OUT013,Tier 3,High,Supermarket Type1,0.009931,14.85,157.463,3.8
Low Fat,FDW35,Breads,2022.0,OUT018,Tier 3,Medium,Supermarket Type2,0.011134,10.6,42.8454,3.8
Low Fat,FDH24,Baking Goods,2022.0,OUT018,Tier 3,Medium,Supermarket Type2,0.021518,20.7,157.5288,3.8
Low Fat,FDA38,Dairy,2022.0,OUT018,Tier 3,Medium,Supermarket Type2,0.025584,5.44,239.1538,3.8
Low Fat,FDB51,Dairy,2022.0,OUT018,Tier 3,Medium,Supermarket Type2,0.038611,6.92,61.4852,3.8
Low Fat,FDV02,Dairy,2022.0,OUT018,Tier 3,Medium,Supermarket Type2,0.060792,16.75,170.4106,3.8
Low Fat,FDX50,Dairy,2022.0,OUT018,Tier 3,Medium,Supermarket Type2,0.074931,20.1,108.9228,3.8
Low Fat,FDR26,Dairy,2022.0,OUT018,Tier 3,Medium,Supermarket Type2,0.043011,20.7,177.2028,3.8
Low Fat,FDP04,Frozen Foods,2022.0,OUT018,Tier 3,Medium,Supermarket Type2,0.013869,15.35,62.5168,3.8
Low Fat,FDI52,Frozen Foods,2022.0,OUT018,Tier 3,Medium,Supermarket Type2,0.105105,18.7,121.7072,3.8
Low Fat,NCO17,Health and Hygiene,2022.0,OUT018,Tier 3,Medium,Supermarket Type2,0.073679,10.0,120.944,3.8
Low Fat,NCK53,Health and Hygiene,2022.0,OUT018,Tier 3,Medium,Supermarket Type2,0.037734,11.6,98.1042,3.8
Low Fat,NCL41,Health and Hygiene,2022.0,OUT018,Tier 3,Medium,Supermarket Type2,0.041908,12.35,36.2216,3.8
Low Fat,NCD42,Health and Hygiene,2022.0,OUT018,Tier 3,Medium,Supermarket Type2,0.012689,16.5,39.7506,3.8
Low Fat,NCX17,Health and Hygiene,2022.0,OUT018,Tier 3,Medium,Supermarket Type2,0.114066,21.25,233.03,3.8
Low Fat,NCP02,Household,2022.0,OUT018,Tier 3,Medium,Supermarket Type2,0.044991,7.105,59.2562,3.8
Low Fat,NCC55,Household,2022.0,OUT018,Tier 3,Medium,Supermarket Type2,0.064023,10.695,36.0848,3.8
Low Fat,FDK15,Meat,2022.0,OUT018,Tier 3,Medium,Supermarket Type2,0.098815,10.8,100.5042,3.8
Low Fat,NCO43,Others,2022.0,OUT018,Tier 3,Medium,Supermarket Type2,0.04729,5.5,100.5016,3.8
Low Fat,FDQ34,Snack Foods,2022.0,OUT018,Tier 3,Medium,Supermarket Type2,0.162904,10.85,104.9622,3.8
Low Fat,FDB59,Snack Foods,2022.0,OUT018,Tier 3,Medium,Supermarket Type2,0.015341,18.25,200.0084,3.8
Low Fat,DRA12,Soft Drinks,2022.0,OUT018,Tier 3,Medium,Supermarket Type2,0.041113,11.6,142.0154,3.8
Low Fat,DRH49,Soft Drinks,2022.0,OUT018,Tier 3,Medium,Supermarket Type2,0.024756,19.7,83.8592,3.8
Regular,FDZ36,Baking Goods,2022.0,OUT018,Tier 3,Medium,Supermarket Type2,0.066052,6.035,187.724,3.8
Regular,FDB49,Baking Goods,2022.0,OUT018,Tier 3,Medium,Supermarket Type2,0.030274,8.3,98.5384,3.8
Regular,FDU49,Canned,2022.0,OUT018,Tier 3,Medium,Supermarket Type2,0.030819,19.5,86.054,3.8
Regular,FDX27,Dairy,2022.0,OUT018,Tier 3,Medium,Supermarket Type2,0.114582,20.7,94.3436,3.8
Regular,FDQ31,Fruits and Vegetables,2022.0,OUT018,Tier 3,Medium,Supermarket Type2,0.054067,5.785,87.0856,3.8
Regular,FDG08,Fruits and Vegetables,2022.0,OUT018,Tier 3,Medium,Supermarket Type2,0.166033,13.15,170.8764,3.8
Regular,FDO19,Fruits and Vegetables,2022.0,OUT018,Tier 3,Medium,Supermarket Type2,0.016664,17.7,47.9034,3.8
Low Fat,FDI20,Fruits and Vegetables,2018.0,OUT027,Tier 3,Medium,Supermarket Type3,0.038377,12.6,211.5586,3.8
Low Fat,FDX24,Baking Goods,2018.0,OUT027,Tier 3,Medium,Supermarket Type3,0.013862,12.6,94.4462,3.8
Low Fat,FDO50,Canned,2018.0,OUT027,Tier 3,Medium,Supermarket Type3,0.07779,12.6,93.0804,3.8
Low Fat,FDV49,Canned,2018.0,OUT027,Tier 3,Medium,Supermarket Type3,0.025702,12.6,262.6226,3.8
Low Fat,FDD29,Frozen Foods,2018.0,OUT027,Tier 3,Medium,Supermarket Type3,0.018321,12.6,255.3698,3.8
Low Fat,FDE09,Fruits and Vegetables,2018.0,OUT027,Tier 3,Medium,Supermarket Type3,0.021499,12.6,111.5228,3.8
Low Fat,FDJ32,Fruits and Vegetables,2018.0,OUT027,Tier 3,Medium,Supermarket Type3,0.057512,12.6,62.5536,3.8
Low Fat,FDN32,Fruits and Vegetables,2018.0,OUT027,Tier 3,Medium,Supermarket Type3,0.015485,12.6,185.6266,3.8
Low Fat,FDZ56,Fruits and Vegetables,2018.0,OUT027,Tier 3,Medium,Supermarket Type3,0.025612,12.6,168.2474,3.8
Low Fat,DRI23,Hard Drinks,2018.0,OUT027,Tier 3,Medium,Supermarket Type3,0.136533,12.6,159.6578,3.8
Low Fat,DRL47,Hard Drinks,2018.0,OUT027,Tier 3,Medium,Supermarket Type3,0.038549,12.6,127.5362,3.8
Low Fat,NCB07,Household,2018.0,OUT027,Tier 3,Medium,Supermarket Type3,0.077132,12.6,197.411,3.8
Low Fat,NCF42,Household,2018.0,OUT027,Tier 3,Medium,Supermarket Type3,0.166573,12.6,176.1712,3.8
Low Fat,NCK06,Household,2018.0,OUT027,Tier 3,Medium,Supermarket Type3,0.008605,12.6,123.1756,3.8
Low Fat,NCM07,Others,2018.0,OUT027,Tier 3,Medium,Supermarket Type3,0.039768,12.6,83.9908,3.8
Low Fat,NCO02,Others,2018.0,OUT027,Tier 3,Medium,Supermarket Type3,0.073013,12.6,67.5142,3.8
Low Fat,FDI57,Seafood,2018.0,OUT027,Tier 3,Medium,Supermarket Type3,0.053764,12.6,195.7768,3.8
Low Fat,FDE46,Snack Foods,2018.0,OUT027,Tier 3,Medium,Supermarket Type3,0.015693,12.6,150.7366,3.8
Regular,FDJ36,Baking Goods,2018.0,OUT027,Tier 3,Medium,Supermarket Type3,0.127639,12.6,104.5332,3.8
Regular,FDB38,Canned,2018.0,OUT027,Tier 3,Medium,Supermarket Type3,0.027214,12.6,159.692,3.8
Regular,FDD26,Canned,2018.0,OUT027,Tier 3,Medium,Supermarket Type3,0.071806,12.6,186.5924,3.8
Regular,FDR01,Canned,2018.0,OUT027,Tier 3,Medium,Supermarket Type3,0.053362,12.6,200.1742,3.8
Regular,FDR25,Canned,2018.0,OUT027,Tier 3,Medium,Supermarket Type3,0.138846,12.6,263.7884,3.8
Regular,FDN03,Meat,2018.0,OUT027,Tier 3,Medium,Supermarket Type3,0.015017,12.6,248.6408,3.8
Regular,FDR27,Meat,2018.0,OUT027,Tier 3,Medium,Supermarket Type3,0.095635,12.6,130.7942,3.8
Regular,FDU51,Meat,2018.0,OUT027,Tier 3,Medium,Supermarket Type3,0.096046,12.6,178.7028,3.8
Regular,FDX39,Meat,2018.0,OUT027,Tier 3,Medium,Supermarket Type3,0.049436,12.6,209.7586,3.8
Regular,FDT09,Snack Foods,2018.0,OUT027,Tier 3,Medium,Supermarket Type3,0.012204,12.6,133.2284,3.8
Low Fat,FDQ20,Fruits and Vegetables,2018.0,OUT027,Tier 3,Medium,Supermarket Type3,0.029641,12.6,40.8138,3.8
Regular,FDX07,Fruits and Vegetables,2011.0,OUT010,Tier 3,Small,Grocery Store,0.0,19.2,182.095,3.7
Low Fat,FDO23,Breads,2015.0,OUT045,Tier 2,Small,Supermarket Type1,0.0,17.85,93.1436,3.7
Regular,FDX10,Snack Foods,2018.0,OUT027,Tier 3,Medium,Supermarket Type3,0.123111,12.6,36.9874,3.7
Regular,FDL12,Baking Goods,2016.0,OUT046,Tier 1,Small,Supermarket Type1,0.121633,15.85,60.622,3.7
Low Fat,FDY21,Snack Foods,2016.0,OUT046,Tier 1,Small,Supermarket Type1,0.173481,15.1,194.511,3.7
Low Fat,NCP18,Household,2018.0,OUT027,Tier 3,Medium,Supermarket Type3,0.02846,12.6,149.9708,3.7
Regular,DRB48,Soft Drinks,2014.0,OUT013,Tier 3,High,Supermarket Type1,0.024833,16.75,38.7822,3.7
Low Fat,NCO26,Household,2016.0,OUT046,Tier 1,Small,Supermarket Type1,0.076856,7.235,116.0492,3.7
Low Fat,FDA45,Snack Foods,2017.0,OUT035,Tier 2,Small,Supermarket Type1,0.15535,21.25,178.237,3.7
Low Fat,FDR07,Fruits and Vegetables,2018.0,OUT027,Tier 3,Medium,Supermarket Type3,0.077367,12.6,97.0094,3.7
Low Fat,NCB30,Household,2018.0,OUT027,Tier 3,Medium,Supermarket Type3,0.025579,12.6,198.8084,3.7
Regular,FDX49,Canned,2018.0,OUT027,Tier 3,Medium,Supermarket Type3,0.101339,12.6,232.63,3.7
Regular,FDS45,Snack Foods,2018.0,OUT019,Tier 1,Small,Grocery Store,0.051644,12.6,107.3622,3.7
Low Fat,FDY59,Baking Goods,2012.0,OUT049,Tier 1,Medium,Supermarket Type1,0.031452,8.195,94.3462,3.7
Regular,FDW43,Fruits and Vegetables,2012.0,OUT049,Tier 1,Medium,Supermarket Type1,0.02246,20.1,226.8036,3.7
Low Fat,NCM07,Others,2017.0,OUT035,Tier 2,Small,Supermarket Type1,0.039954,9.395,82.4908,3.7
Low Fat,NCM55,Others,2011.0,OUT010,Tier 3,Medium,Grocery Store,0.111686,15.6,184.7924,3.7
Regular,FDK20,Fruits and Vegetables,2012.0,OUT049,Tier 1,Medium,Supermarket Type1,0.041622,12.6,124.0072,3.7
Low Fat,DRK23,Hard Drinks,2022.0,OUT018,Tier 3,Medium,Supermarket Type2,0.07227,8.395,254.104,3.7
Regular,FDX33,Snack Foods,2018.0,OUT027,Tier 3,Medium,Supermarket Type3,0.116916,12.6,159.4578,3.7
Regular,FDY02,Dairy,2020.0,OUT017,Tier 2,Medium,Supermarket Type1,0.0,8.945,264.791,3.7
Low Fat,FDD50,Canned,2016.0,OUT046,Tier 1,Small,Supermarket Type1,0.141642,18.85,168.1132,3.7
Low Fat,FDK34,Snack Foods,2014.0,OUT013,Tier 3,High,Supermarket Type1,0.038495,13.35,240.2564,3.7
Regular,FDE35,Starchy Foods,2011.0,OUT010,Tier 3,Medium,Grocery Store,0.07348,7.06,58.8904,3.7
Regular,FDS21,Snack Foods,2022.0,OUT018,Tier 3,Medium,Supermarket Type2,0.020961,19.85,62.0194,3.7
Low Fat,FDQ56,Fruits and Vegetables,2017.0,OUT035,Tier 2,Small,Supermarket Type1,0.105577,6.59,85.6908,3.7
Low Fat,FDH10,Snack Foods,2014.0,OUT013,Tier 3,High,Supermarket Type1,0.049264,21.0,195.0478,3.7
Low Fat,FDR14,Dairy,2020.0,OUT017,Tier 2,Medium,Supermarket Type1,0.175034,11.65,55.5298,3.7
Low Fat,FDO13,Breakfast,2020.0,OUT017,Tier 2,Medium,Supermarket Type1,0.061405,7.865,166.3526,3.7
Low Fat,FDZ56,Fruits and Vegetables,2014.0,OUT013,Tier 3,High,Supermarket Type1,0.025716,16.25,168.1474,3.7
Low Fat,FDK40,Frozen Foods,2012.0,OUT049,Tier 1,Medium,Supermarket Type1,0.021883,7.035,263.791,3.7
Low Fat,FDQ16,Frozen Foods,2012.0,OUT049,Tier 1,Medium,Supermarket Type1,0.041803,19.7,110.3912,3.7
Low Fat,FDY31,Fruits and Vegetables,2012.0,OUT049,Tier 1,Medium,Supermarket Type1,0.043631,5.98,148.2418,3.7
Low Fat,FDW36,Baking Goods,2012.0,OUT049,Tier 1,Medium,Supermarket Type1,0.057021,11.15,106.8622,3.7
Low Fat,FDV50,Dairy,2012.0,OUT049,Tier 1,Medium,Supermarket Type1,0.122762,14.3,124.373,3.7
Low Fat,FDC41,Frozen Foods,2012.0,OUT049,Tier 1,Medium,Supermarket Type1,0.117095,15.6,78.067,3.7
Low Fat,DRN59,Hard Drinks,2012.0,OUT049,Tier 1,Medium,Supermarket Type1,0.064241,15.0,45.206,3.7
Low Fat,NCN05,Health and Hygiene,2012.0,OUT049,Tier 1,Medium,Supermarket Type1,0.014482,8.235,182.295,3.7
Low Fat,NCS53,Health and Hygiene,2012.0,OUT049,Tier 1,Medium,Supermarket Type1,0.089918,14.5,160.3604,3.7
Low Fat,NCD07,Household,2012.0,OUT049,Tier 1,Medium,Supermarket Type1,0.055515,9.1,112.5518,3.7
Low Fat,NCC07,Household,2012.0,OUT049,Tier 1,Medium,Supermarket Type1,0.023988,19.6,104.5964,3.7
Low Fat,FDH34,Snack Foods,2012.0,OUT049,Tier 1,Medium,Supermarket Type1,0.031144,8.63,183.9582,3.7
Low Fat,FDP58,Snack Foods,2012.0,OUT049,Tier 1,Medium,Supermarket Type1,0.0,11.1,220.7482,3.7
Low Fat,FDS57,Snack Foods,2012.0,OUT049,Tier 1,Medium,Supermarket Type1,0.103603,15.5,143.547,3.7
Low Fat,FDB59,Snack Foods,2012.0,OUT049,Tier 1,Medium,Supermarket Type1,0.015303,18.25,198.0084,3.7
Regular,FDK60,Baking Goods,2012.0,OUT049,Tier 1,Medium,Supermarket Type1,0.09401,16.5,95.2068,3.7
Regular,FDO01,Breakfast,2012.0,OUT049,Tier 1,Medium,Supermarket Type1,0.020751,21.1,128.7994,3.7
Regular,FDR32,Fruits and Vegetables,2012.0,OUT049,Tier 1,Medium,Supermarket Type1,0.0,6.78,227.5694,3.7
Regular,FDT32,Fruits and Vegetables,2012.0,OUT049,Tier 1,Medium,Supermarket Type1,0.065736,19.0,189.6214,3.7
Regular,DRB13,Soft Drinks,2012.0,OUT049,Tier 1,Medium,Supermarket Type1,0.007055,6.115,188.653,3.7
Low Fat,FDN24,Baking Goods,2018.0,OUT019,Tier 1,Small,Grocery Store,0.198317,12.6,54.3956,3.7
Low Fat,FDB09,Fruits and Vegetables,2018.0,OUT019,Tier 1,Small,Grocery Store,0.100493,12.6,123.1046,3.7
Low Fat,NCE19,Household,2018.0,OUT019,Tier 1,Small,Grocery Store,0.162857,12.6,54.5956,3.7
Low Fat,NCQ30,Household,2018.0,OUT019,Tier 1,Small,Grocery Store,0.050902,12.6,120.5414,3.7
Low Fat,FDK27,Meat,2018.0,OUT019,Tier 1,Small,Grocery Store,0.015664,12.6,122.2756,3.7
Low Fat,FDP39,Meat,2018.0,OUT019,Tier 1,Small,Grocery Store,0.121554,12.6,53.7324,3.7
Low Fat,NCL07,Others,2018.0,OUT019,Tier 1,Small,Grocery Store,0.05487,12.6,40.548,3.7
Low Fat,FDP46,Snack Foods,2018.0,OUT019,Tier 1,Small,Grocery Store,0.130642,12.6,88.383,3.7
Low Fat,FDV46,Snack Foods,2018.0,OUT019,Tier 1,Small,Grocery Store,0.022075,12.6,141.418,3.7
Low Fat,DRH13,Soft Drinks,2018.0,OUT019,Tier 1,Small,Grocery Store,0.041821,12.6,107.628,3.7
Regular,FDR01,Canned,2018.0,OUT019,Tier 1,Small,Grocery Store,0.093884,12.6,200.4742,3.7
Regular,FDU01,Canned,2018.0,OUT019,Tier 1,Small,Grocery Store,0.021002,12.6,185.1924,3.7
Regular,FDT07,Fruits and Vegetables,2018.0,OUT019,Tier 1,Small,Grocery Store,0.135376,12.6,256.133,3.7
Low Fat,FDX60,Baking Goods,2016.0,OUT046,Tier 1,Small,Supermarket Type1,0.080594,14.35,80.996,3.7
Low Fat,FDG16,Frozen Foods,2016.0,OUT046,Tier 1,Small,Supermarket Type1,0.089817,15.25,217.3192,3.7
Low Fat,FDH08,Fruits and Vegetables,2016.0,OUT046,Tier 1,Small,Supermarket Type1,0.017429,7.51,229.601,3.7
Low Fat,FDR08,Fruits and Vegetables,2016.0,OUT046,Tier 1,Small,Supermarket Type1,0.037623,18.7,110.7886,3.7
Low Fat,FDI20,Fruits and Vegetables,2016.0,OUT046,Tier 1,Small,Supermarket Type1,0.038564,19.1,209.2586,3.7
Low Fat,FDM32,Fruits and Vegetables,2016.0,OUT046,Tier 1,Small,Supermarket Type1,0.020605,20.5,91.083,3.7
Low Fat,NCV53,Health and Hygiene,2016.0,OUT046,Tier 1,Small,Supermarket Type1,0.018814,8.27,237.988,3.7
Low Fat,NCG42,Household,2016.0,OUT046,Tier 1,Small,Supermarket Type1,0.041228,19.2,129.831,3.7
Low Fat,NCO07,Others,2016.0,OUT046,Tier 1,Small,Supermarket Type1,0.009776,9.06,213.756,3.7
Low Fat,DRI13,Soft Drinks,2016.0,OUT046,Tier 1,Small,Supermarket Type1,0.020327,15.35,216.7508,3.7
Regular,FDI36,Baking Goods,2016.0,OUT046,Tier 1,Small,Supermarket Type1,0.062343,12.5,199.7426,3.7
Regular,FDO52,Frozen Foods,2016.0,OUT046,Tier 1,Small,Supermarket Type1,0.077165,11.6,172.5106,3.7
Regular,FDF56,Fruits and Vegetables,2016.0,OUT046,Tier 1,Small,Supermarket Type1,0.119462,16.7,182.7976,3.7
Low Fat,NCB42,Health and Hygiene,2015.0,OUT045,Tier 2,Medium,Supermarket Type1,0.008579,11.8,117.6492,3.7
Low Fat,FDN44,Fruits and Vegetables,2020.0,OUT017,Tier 2,Medium,Supermarket Type1,0.022925,13.15,157.892,3.7
Low Fat,FDA32,Fruits and Vegetables,2020.0,OUT017,Tier 2,Medium,Supermarket Type1,0.0,14.0,216.9192,3.7
Low Fat,FDT25,Canned,2015.0,OUT045,Tier 2,Medium,Supermarket Type1,0.050854,7.5,121.7072,3.7
Low Fat,FDE26,Canned,2015.0,OUT045,Tier 2,Medium,Supermarket Type1,0.089186,9.3,145.3786,3.7
Low Fat,FDG16,Frozen Foods,2015.0,OUT045,Tier 2,Medium,Supermarket Type1,0.089999,15.25,215.1192,3.7
Low Fat,FDO32,Fruits and Vegetables,2015.0,OUT045,Tier 2,Medium,Supermarket Type1,0.120788,6.36,45.706,3.7
Low Fat,FDI20,Fruits and Vegetables,2015.0,OUT045,Tier 2,Medium,Supermarket Type1,0.038642,19.1,212.1586,3.7
Low Fat,DRL35,Hard Drinks,2015.0,OUT045,Tier 2,Small,Supermarket Type1,0.030766,15.7,43.277,3.7
Low Fat,NCL53,Health and Hygiene,2015.0,OUT045,Tier 2,Small,Supermarket Type1,0.036308,7.5,175.4028,3.7
Low Fat,NCK30,Household,2015.0,OUT045,Tier 2,Small,Supermarket Type1,0.061102,14.85,253.2698,3.7
Low Fat,NCP43,Others,2015.0,OUT045,Tier 2,Small,Supermarket Type1,0.030569,17.75,177.866,3.7
Low Fat,FDF22,Snack Foods,2015.0,OUT045,Tier 2,Small,Supermarket Type1,0.056946,6.865,214.6218,3.7
Low Fat,FDT48,Baking Goods,2020.0,OUT017,Tier 2,Small,Supermarket Type1,0.046215,4.92,199.8084,3.7
Low Fat,FDU25,Canned,2020.0,OUT017,Tier 2,Small,Supermarket Type1,0.026832,12.35,57.3246,3.7
Low Fat,FDO04,Frozen Foods,2020.0,OUT017,Tier 2,Small,Supermarket Type1,0.0,16.6,54.6614,3.7
Low Fat,FDG29,Frozen Foods,2020.0,OUT017,Tier 2,Small,Supermarket Type1,0.05661,17.6,41.7454,3.7
Low Fat,NCO17,Health and Hygiene,2020.0,OUT017,Tier 2,Small,Supermarket Type1,0.073795,10.0,121.444,3.7
Low Fat,NCZ30,Household,2020.0,OUT017,Tier 2,Small,Supermarket Type1,0.0,6.59,119.1098,3.7
Low Fat,FDK27,Meat,2020.0,OUT017,Tier 2,High,Supermarket Type1,0.008997,11.0,119.9756,3.7
Low Fat,DRL49,Soft Drinks,2020.0,OUT017,Tier 2,High,Supermarket Type1,0.056748,13.15,144.3812,3.7
Regular,FDN56,Fruits and Vegetables,2015.0,OUT045,Tier 2,High,Supermarket Type1,0.107274,5.46,145.5786,3.7
Regular,FDV56,Fruits and Vegetables,2015.0,OUT045,Tier 2,High,Supermarket Type1,0.013623,16.1,109.3596,3.7
Regular,FDU20,Fruits and Vegetables,2015.0,OUT045,Tier 2,High,Supermarket Type1,0.021501,19.35,122.2098,3.7
Regular,FDV33,Snack Foods,2015.0,OUT045,Tier 2,High,Supermarket Type1,0.027399,9.6,258.3304,3.7
Regular,FDN22,Snack Foods,2015.0,OUT045,Tier 2,High,Supermarket Type1,0.138586,18.85,252.4724,3.7
Regular,FDB23,Starchy Foods,2015.0,OUT045,Tier 2,High,Supermarket Type1,0.0,19.2,223.8062,3.7
Regular,FDT35,Breads,2020.0,OUT017,Tier 2,High,Supermarket Type1,0.081916,19.85,167.6816,3.7
Regular,FDD38,Canned,2020.0,OUT017,Tier 2,High,Supermarket Type1,0.008238,16.75,101.9674,3.7
Regular,FDI40,Frozen Foods,2020.0,OUT017,Tier 2,High,Supermarket Type1,0.126313,11.5,100.6358,3.7
Regular,FDB29,Frozen Foods,2020.0,OUT017,Tier 2,High,Supermarket Type1,0.052708,16.7,114.7176,3.7
Regular,FDK10,Snack Foods,2020.0,OUT017,Tier 2,Medium,Supermarket Type1,0.040587,5.785,180.366,3.7
Regular,FDT09,Snack Foods,2020.0,OUT017,Tier 2,Medium,Supermarket Type1,0.012333,15.15,130.0284,3.7
Low Fat,FDO12,Baking Goods,2017.0,OUT035,Tier 2,Small,Supermarket Type1,0.05492,15.75,195.8452,3.7
Low Fat,FDU23,Breads,2017.0,OUT035,Tier 2,Small,Supermarket Type1,0.021719,12.15,163.1184,3.7
Low Fat,FDJ50,Canned,2017.0,OUT035,Tier 2,Small,Supermarket Type1,0.021582,8.645,53.3982,3.7
Low Fat,FDX02,Dairy,2017.0,OUT035,Tier 2,Small,Supermarket Type1,0.057049,16.0,225.9404,3.7
Low Fat,DRE03,Dairy,2017.0,OUT035,Tier 2,Small,Supermarket Type1,0.024222,19.6,45.5718,3.7
Low Fat,FDK16,Frozen Foods,2017.0,OUT035,Tier 2,Small,Supermarket Type1,0.115308,9.065,97.0094,3.7
Low Fat,FDG04,Frozen Foods,2017.0,OUT035,Tier 2,Small,Supermarket Type1,0.006062,13.1,188.9898,3.7
Low Fat,FDB53,Frozen Foods,2017.0,OUT035,Tier 2,Small,Supermarket Type1,0.139426,13.35,148.3392,3.7
Low Fat,NCW17,Health and Hygiene,2017.0,OUT035,Tier 2,Small,Supermarket Type1,0.019383,18.0,129.3994,3.7
Low Fat,NCP05,Health and Hygiene,2017.0,OUT035,Tier 2,Small,Supermarket Type1,0.025282,19.6,152.0024,3.7
Low Fat,NCT42,Household,2017.0,OUT035,Tier 2,Small,Supermarket Type1,0.024883,5.88,149.4392,3.7
Low Fat,NCT30,Household,2017.0,OUT035,Tier 2,Small,Supermarket Type1,0.080278,9.1,47.2718,3.7
Low Fat,NCE18,Household,2017.0,OUT035,Tier 2,Small,Supermarket Type1,0.021421,10.0,248.375,3.7
Low Fat,FDL33,Snack Foods,2017.0,OUT035,Tier 2,Small,Supermarket Type1,0.0,7.235,197.2452,3.7
Low Fat,FDM21,Snack Foods,2017.0,OUT035,Tier 2,Small,Supermarket Type1,0.064352,20.2,259.4646,3.7
Regular,FDQ47,Breads,2017.0,OUT035,Tier 2,Small,Supermarket Type1,0.168155,7.155,33.7874,3.7
Regular,FDN49,Breakfast,2017.0,OUT035,Tier 2,Small,Supermarket Type1,0.125201,17.25,41.648,3.7
Regular,FDE51,Dairy,2017.0,OUT035,Tier 2,Small,Supermarket Type1,0.096449,5.925,43.8086,3.7
Regular,FDZ26,Dairy,2017.0,OUT035,Tier 2,Small,Supermarket Type1,0.14399,11.6,239.6222,3.7
Regular,FDQ40,Frozen Foods,2017.0,OUT035,Tier 2,Small,Supermarket Type1,0.036021,11.1,177.2712,3.7
Regular,FDI40,Frozen Foods,2017.0,OUT035,Tier 2,Small,Supermarket Type1,0.125579,11.5,99.7358,3.7
Regular,FDJ40,Frozen Foods,2017.0,OUT035,Tier 2,Small,Supermarket Type1,0.04958,13.6,110.0912,3.7
Regular,FDV19,Fruits and Vegetables,2017.0,OUT035,Tier 2,Small,Supermarket Type1,0.03525,14.85,160.9578,3.7
Regular,FDN58,Snack Foods,2017.0,OUT035,Tier 2,Small,Supermarket Type1,0.056862,13.8,231.5984,3.7
Regular,FDL14,Canned,2017.0,OUT035,Tier 2,Small,Supermarket Type1,0.032153,8.115,157.3972,3.7
Low Fat,FDB28,Dairy,2011.0,OUT010,Tier 3,Medium,Grocery Store,0.156308,6.615,196.3426,3.7
Low Fat,FDJ41,Frozen Foods,2011.0,OUT010,Tier 3,Medium,Grocery Store,0.038302,6.85,261.2594,3.7
Low Fat,FDJ28,Frozen Foods,2011.0,OUT010,Tier 3,Medium,Grocery Store,0.036591,12.3,193.3162,3.7
Low Fat,FDS40,Frozen Foods,2011.0,OUT010,Tier 3,Medium,Grocery Store,0.023466,15.35,35.219,3.7
Low Fat,FDE09,Fruits and Vegetables,2011.0,OUT010,Tier 3,Medium,Grocery Store,0.03616,8.775,110.7228,3.7
Low Fat,NCX05,Health and Hygiene,2011.0,OUT010,Tier 3,Medium,Grocery Store,0.162462,15.2,117.6492,3.7
Low Fat,NCA54,Household,2011.0,OUT010,Tier 3,Medium,Grocery Store,0.061331,16.5,178.7318,3.7
Low Fat,NCB07,Household,2011.0,OUT010,Tier 3,High,Grocery Store,0.129732,19.2,196.211,3.7
Low Fat,FDK46,Snack Foods,2011.0,OUT010,Tier 3,High,Grocery Store,0.086146,9.6,258.362,3.7
Low Fat,FDV09,Snack Foods,2011.0,OUT010,Tier 3,High,Grocery Store,0.034428,12.1,146.6734,3.7
Regular,FDJ03,Dairy,2011.0,OUT010,Tier 3,High,Grocery Store,0.121174,12.35,47.8692,3.7
Regular,FDU26,Dairy,2011.0,OUT010,Tier 3,High,Grocery Store,0.071335,16.7,120.3782,3.7
Regular,FDO56,Fruits and Vegetables,2011.0,OUT010,Tier 3,High,Grocery Store,0.075292,10.195,119.1808,3.7
Regular,FDT15,Meat,2011.0,OUT010,Tier 3,High,Grocery Store,0.07144,12.15,182.295,3.7
Low Fat,FDB60,Baking Goods,2011.0,OUT010,Tier 3,Small,Grocery Store,0.04774,9.3,195.0136,3.7
Low Fat,FDO36,Baking Goods,2014.0,OUT013,Tier 3,High,Supermarket Type1,0.077849,19.7,179.166,3.7
Low Fat,FDT25,Canned,2014.0,OUT013,Tier 3,High,Supermarket Type1,0.050709,7.5,123.4072,3.7
Low Fat,FDR49,Canned,2014.0,OUT013,Tier 3,High,Supermarket Type1,0.0,8.71,46.5376,3.7
Low Fat,FDQ52,Frozen Foods,2014.0,OUT013,Tier 3,High,Supermarket Type1,0.119286,17.0,247.4434,3.7
Low Fat,FDI52,Frozen Foods,2014.0,OUT013,Tier 3,High,Supermarket Type1,0.104591,18.7,121.4072,3.7
Low Fat,FDX44,Fruits and Vegetables,2014.0,OUT013,Tier 3,High,Supermarket Type1,0.042931,9.3,88.5172,3.7
Low Fat,FDG57,Fruits and Vegetables,2014.0,OUT013,Tier 3,High,Supermarket Type1,0.072238,14.7,47.5034,3.7
Low Fat,NCB54,Health and Hygiene,2014.0,OUT013,Tier 3,High,Supermarket Type1,0.050011,8.76,126.7336,3.7
Low Fat,NCR05,Health and Hygiene,2014.0,OUT013,Tier 3,High,Supermarket Type1,0.054585,10.1,196.5084,3.7
Low Fat,NCH07,Household,2014.0,OUT013,Tier 3,High,Supermarket Type1,0.09259,13.15,159.5604,3.7
Low Fat,NCL42,Household,2014.0,OUT013,Tier 3,High,Supermarket Type1,0.040338,18.85,246.7144,3.7
Low Fat,NCO30,Household,2014.0,OUT013,Tier 3,High,Supermarket Type1,0.015712,19.5,181.8608,3.7
Low Fat,NCC07,Household,2014.0,OUT013,Tier 3,High,Supermarket Type1,0.023931,19.6,103.1964,3.7
Low Fat,FDK45,Seafood,2014.0,OUT013,Tier 3,High,Supermarket Type1,0.03383,11.65,111.686,3.7
Low Fat,FDI22,Snack Foods,2014.0,OUT013,Tier 3,High,Supermarket Type1,0.096132,12.6,208.9612,3.7
Low Fat,FDP10,Snack Foods,2014.0,OUT013,Tier 3,High,Supermarket Type1,0.127984,19.0,107.6622,3.7
Low Fat,DRE12,Soft Drinks,2014.0,OUT013,Tier 3,High,Supermarket Type1,0.070722,4.59,113.286,3.7
Low Fat,DRJ49,Soft Drinks,2014.0,OUT013,Tier 3,High,Supermarket Type1,0.0,6.865,129.9652,3.7
Regular,FDX47,Breads,2014.0,OUT013,Tier 3,High,Supermarket Type1,0.034576,6.55,156.5288,3.7
Regular,FDA03,Dairy,2014.0,OUT013,Tier 3,High,Supermarket Type1,0.045426,18.5,144.9102,3.7
Regular,DRM49,Soft Drinks,2014.0,OUT013,Tier 3,High,Supermarket Type1,0.151828,6.11,43.0086,3.7
Regular,FDD47,Starchy Foods,2014.0,OUT013,Tier 3,High,Supermarket Type1,0.142292,7.6,171.3448,3.7
Low Fat,NCD06,Household,2014.0,OUT013,Tier 3,High,Supermarket Type1,0.099243,13.0,46.306,3.7
Regular,FDZ26,Dairy,2014.0,OUT013,Tier 3,High,Supermarket Type1,0.143898,11.6,240.6222,3.7
Low Fat,FDA44,Fruits and Vegetables,2022.0,OUT018,Tier 3,Medium,Supermarket Type2,0.05344,19.7,55.093,3.7
Low Fat,FDT38,Dairy,2022.0,OUT018,Tier 3,Medium,Supermarket Type2,0.057772,18.7,85.3566,3.7
Low Fat,FDT04,Frozen Foods,2022.0,OUT018,Tier 3,Medium,Supermarket Type2,0.0,17.25,40.8822,3.7
Low Fat,FDK52,Frozen Foods,2022.0,OUT018,Tier 3,Medium,Supermarket Type2,0.0,18.25,224.1062,3.7
Low Fat,FDS07,Fruits and Vegetables,2022.0,OUT018,Tier 3,Medium,Supermarket Type2,0.100164,12.35,113.6518,3.7
Low Fat,FDF32,Fruits and Vegetables,2022.0,OUT018,Tier 3,Medium,Supermarket Type2,0.0,16.35,196.3426,3.7
Low Fat,NCV41,Health and Hygiene,2022.0,OUT018,Tier 3,Medium,Supermarket Type2,0.017108,14.35,110.3228,3.7
Low Fat,NCH54,Household,2022.0,OUT018,Tier 3,Medium,Supermarket Type2,0.072965,13.5,160.692,3.7
Low Fat,FDJ07,Meat,2022.0,OUT018,Tier 3,Medium,Supermarket Type2,0.014482,7.26,118.115,3.7
Low Fat,FDL15,Meat,2022.0,OUT018,Tier 3,Medium,Supermarket Type2,0.046825,17.85,153.6682,3.7
Low Fat,NCM07,Others,2022.0,OUT018,Tier 3,Medium,Supermarket Type2,0.040125,9.395,85.1908,3.7
Low Fat,FDI57,Seafood,2022.0,OUT018,Tier 3,Medium,Supermarket Type2,0.054246,19.85,196.0768,3.7
Low Fat,FDA10,Snack Foods,2022.0,OUT018,Tier 3,Medium,Supermarket Type2,0.142394,20.35,122.7072,3.7
Low Fat,FDL46,Snack Foods,2022.0,OUT018,Tier 3,Medium,Supermarket Type2,0.054277,20.35,117.3466,3.7
Low Fat,FDC35,Starchy Foods,2022.0,OUT018,Tier 3,Medium,Supermarket Type2,0.123338,7.435,206.1638,3.7
Regular,FDI36,Baking Goods,2022.0,OUT018,Tier 3,Medium,Supermarket Type2,0.062597,12.5,196.9426,3.7
Regular,FDW02,Dairy,2022.0,OUT018,Tier 3,Medium,Supermarket Type2,0.037853,4.805,126.2704,3.7
Regular,FDZ28,Frozen Foods,2022.0,OUT018,Tier 3,Medium,Supermarket Type2,0.051702,20.0,125.8678,3.7
Regular,FDF08,Fruits and Vegetables,2022.0,OUT018,Tier 3,Medium,Supermarket Type2,0.0,14.3,89.8856,3.7
Low Fat,FDV49,Canned,2022.0,OUT018,Tier 3,Medium,Supermarket Type2,0.025932,10.0,264.7226,3.7
Regular,FDU19,Fruits and Vegetables,2022.0,OUT018,Tier 3,Medium,Supermarket Type2,0.046962,8.77,173.8422,3.7
Low Fat,FDZ52,Frozen Foods,2018.0,OUT027,Tier 3,Medium,Supermarket Type3,0.09959,12.6,109.1886,3.7
Low Fat,NCA42,Household,2018.0,OUT027,Tier 3,Medium,Supermarket Type3,0.02841,12.6,158.0604,3.7
Low Fat,NCQ50,Household,2018.0,OUT027,Tier 3,Medium,Supermarket Type3,0.034141,12.6,211.9218,3.7
Low Fat,FDU39,Meat,2018.0,OUT027,Tier 3,Medium,Supermarket Type3,0.035863,12.6,58.3562,3.7
Low Fat,FDF58,Snack Foods,2018.0,OUT027,Tier 3,Medium,Supermarket Type3,0.009535,12.6,64.551,3.7
Low Fat,FDH34,Snack Foods,2018.0,OUT027,Tier 3,Medium,Supermarket Type3,0.030945,12.6,186.6582,3.7
Low Fat,FDK57,Snack Foods,2018.0,OUT027,Tier 3,Medium,Supermarket Type3,0.079904,12.6,120.044,3.7
Low Fat,FDM10,Snack Foods,2018.0,OUT027,Tier 3,Medium,Supermarket Type3,0.075604,12.6,215.1218,3.7
Low Fat,FDQ22,Snack Foods,2018.0,OUT027,Tier 3,Medium,Supermarket Type3,0.029596,12.6,40.9822,3.7
Low Fat,DRI01,Soft Drinks,2018.0,OUT027,Tier 3,Medium,Supermarket Type3,0.034286,12.6,173.1422,3.7
Regular,FDT24,Baking Goods,2018.0,OUT027,Tier 3,Medium,Supermarket Type3,0.0,12.6,75.9328,3.7
Regular,FDT47,Breads,2018.0,OUT027,Tier 3,Medium,Supermarket Type3,0.02439,12.6,95.9068,3.7
Regular,FDD40,Dairy,2018.0,OUT027,Tier 3,Medium,Supermarket Type3,0.014722,12.6,193.6162,3.7
Regular,FDG56,Fruits and Vegetables,2018.0,OUT027,Tier 3,Medium,Supermarket Type3,0.071107,12.6,60.5536,3.7
Regular,FDQ45,Snack Foods,2018.0,OUT027,Tier 3,Medium,Supermarket Type3,0.010864,12.6,185.3608,3.7
Regular,DRC01,Soft Drinks,2018.0,OUT027,Tier 3,Medium,Supermarket Type3,0.019107,12.6,48.4692,3.7
Regular,FDD59,Starchy Foods,2018.0,OUT027,Tier 3,Medium,Supermarket Type3,0.06586,12.6,81.896,3.7
Regular,FDO10,Snack Foods,2014.0,OUT013,Tier 3,High,Supermarket Type1,0.012741,13.65,57.6588,3.6
Low Fat,FDG02,Canned,2020.0,OUT017,Tier 2,Small,Supermarket Type1,0.011325,7.855,189.6188,3.6
Regular,FDH14,Canned,2014.0,OUT013,Tier 3,High,Supermarket Type1,0.04677,17.1,141.1838,3.6
Regular,FDG12,Baking Goods,2015.0,OUT045,Tier 2,Small,Supermarket Type1,0.0,6.635,121.3098,3.6
Low Fat,NCC31,Household,2017.0,OUT035,Tier 2,Small,Supermarket Type1,0.019867,8.02,154.5972,3.6
Low Fat,FDW11,Breads,2022.0,OUT018,Tier 3,Medium,Supermarket Type2,0.048981,12.6,61.9194,3.6
Regular,FDE40,Dairy,2018.0,OUT027,Tier 3,Medium,Supermarket Type3,0.098664,12.6,62.9194,3.6
Regular,FDG33,Seafood,2018.0,OUT027,Tier 3,Medium,Supermarket Type3,0.139561,12.6,170.4764,3.6
Low Fat,FDA33,Snack Foods,2015.0,OUT045,Tier 2,Small,Supermarket Type1,0.033969,6.48,148.0076,3.6
Low Fat,FDC15,Dairy,2020.0,OUT017,Tier 2,Small,Supermarket Type1,0.178976,18.1,155.5288,3.6
Regular,DRB48,Soft Drinks,2016.0,OUT046,Tier 1,Small,Supermarket Type1,0.0,16.75,39.3822,3.6
Low Fat,FDK48,Baking Goods,2016.0,OUT046,Tier 1,Small,Supermarket Type1,0.0,7.445,76.8354,3.6
Regular,FDH45,Fruits and Vegetables,2017.0,OUT035,Tier 2,Small,Supermarket Type1,0.105647,15.1,42.8796,3.6
Regular,FDW22,Snack Foods,2012.0,OUT049,Tier 1,Medium,Supermarket Type1,0.030337,9.695,222.9114,3.6
Regular,FDO27,Meat,2022.0,OUT018,Tier 3,Medium,Supermarket Type2,0.179807,6.175,95.2752,3.6
Regular,FDS33,Snack Foods,2018.0,OUT027,Tier 3,Medium,Supermarket Type3,0.122831,12.6,86.9514,3.6
Low Fat,NCZ06,Household,2014.0,OUT013,Tier 3,High,Supermarket Type1,0.094083,19.6,252.2698,3.6
Regular,FDA52,Frozen Foods,2015.0,OUT045,Tier 2,Medium,Supermarket Type1,0.128683,16.2,178.437,3.6
Regular,FDM60,Baking Goods,2022.0,OUT018,Tier 3,Medium,Supermarket Type2,0.048339,10.8,41.5138,3.6
Regular,FDO10,Snack Foods,2011.0,OUT010,Tier 3,Medium,Grocery Store,0.021344,13.65,58.3588,3.6
Low Fat,FDD36,Baking Goods,2012.0,OUT049,Tier 1,Medium,Supermarket Type1,0.021307,13.3,119.8124,3.6
Low Fat,FDU02,Dairy,2012.0,OUT049,Tier 1,Medium,Supermarket Type1,0.102671,13.35,228.6352,3.6
Low Fat,FDB08,Fruits and Vegetables,2012.0,OUT049,Tier 1,Medium,Supermarket Type1,0.031152,6.055,158.7578,3.6
Low Fat,DRM23,Hard Drinks,2012.0,OUT049,Tier 1,Medium,Supermarket Type1,0.135944,16.6,172.0422,3.6
Low Fat,NCD31,Household,2012.0,OUT049,Tier 1,Medium,Supermarket Type1,0.015458,12.1,166.0526,3.6
Regular,FDV37,Canned,2012.0,OUT049,Tier 1,Medium,Supermarket Type1,0.083644,13.0,196.0426,3.6
Regular,FDT55,Fruits and Vegetables,2012.0,OUT049,Tier 1,Medium,Supermarket Type1,0.0,13.6,156.4946,3.6
Low Fat,FDL16,Frozen Foods,2018.0,OUT019,Tier 1,Small,Grocery Store,0.294939,12.6,47.106,3.6
Low Fat,DRK11,Hard Drinks,2018.0,OUT019,Tier 1,Small,Grocery Store,0.018847,12.6,148.0392,3.6
Low Fat,NCM26,Others,2018.0,OUT019,Tier 1,Small,Grocery Store,0.040521,12.6,153.934,3.6
Low Fat,FDK09,Snack Foods,2018.0,OUT019,Tier 1,Small,Grocery Store,0.160666,12.6,227.5352,3.6
Low Fat,FDT46,Snack Foods,2018.0,OUT019,Tier 1,Small,Grocery Store,0.053939,12.6,52.1008,3.6
Regular,FDP13,Canned,2018.0,OUT019,Tier 1,Small,Grocery Store,0.235183,12.6,41.548,3.6
Regular,FDO03,Meat,2018.0,OUT019,Tier 1,Small,Grocery Store,0.064577,12.6,230.5352,3.6
Regular,FDO09,Snack Foods,2018.0,OUT019,Tier 1,Small,Grocery Store,0.0,12.6,262.891,3.6
Low Fat,FDD17,Frozen Foods,2016.0,OUT046,Tier 1,Small,Supermarket Type1,0.032627,7.5,235.9906,3.6
Low Fat,FDC20,Fruits and Vegetables,2016.0,OUT046,Tier 1,Small,Supermarket Type1,0.023971,10.65,54.0272,3.6
Low Fat,NCI18,Household,2016.0,OUT046,Tier 1,Small,Supermarket Type1,0.014024,18.35,224.5746,3.6
Low Fat,FDW13,Canned,2016.0,OUT046,Tier 1,Small,Supermarket Type1,0.097885,8.5,52.5324,3.6
Low Fat,FDA50,Dairy,2016.0,OUT046,Tier 1,Small,Supermarket Type1,0.087175,16.25,98.341,3.6
Low Fat,FDT43,Fruits and Vegetables,2016.0,OUT046,Tier 1,Small,Supermarket Type1,0.020548,16.35,51.2324,3.6
Low Fat,FDD57,Fruits and Vegetables,2016.0,OUT046,Tier 1,Small,Supermarket Type1,0.0224,18.1,96.0094,3.6
Low Fat,DRG11,Hard Drinks,2016.0,OUT046,Tier 1,Small,Supermarket Type1,0.0,6.385,108.9596,3.6
Low Fat,NCB30,Household,2016.0,OUT046,Tier 1,Small,Supermarket Type1,0.025703,14.6,199.9084,3.6
Low Fat,NCR50,Household,2016.0,OUT046,Tier 1,Small,Supermarket Type1,0.01182,20.2,151.634,3.6
Low Fat,FDX21,Snack Foods,2016.0,OUT046,Tier 1,Small,Supermarket Type1,0.084966,7.05,111.1912,3.6
Low Fat,FDJ46,Snack Foods,2016.0,OUT046,Tier 1,Small,Supermarket Type1,0.044823,11.1,174.2054,3.6
Low Fat,FDX45,Snack Foods,2016.0,OUT046,Tier 1,Small,Supermarket Type1,0.0,16.75,156.163,3.6
Regular,FDN23,Breads,2016.0,OUT046,Tier 1,Small,Supermarket Type1,0.075508,6.575,146.4444,3.6
Regular,FDV52,Frozen Foods,2016.0,OUT046,Tier 1,Small,Supermarket Type1,0.121521,20.7,118.0466,3.6
Regular,FDQ07,Fruits and Vegetables,2016.0,OUT046,Tier 1,Small,Supermarket Type1,0.087407,15.1,221.8456,3.6
Regular,FDX56,Fruits and Vegetables,2016.0,OUT046,Tier 1,Small,Supermarket Type1,0.074059,17.1,209.0638,3.6
Low Fat,NCE43,Household,2016.0,OUT046,Tier 1,Small,Supermarket Type1,0.103442,12.5,170.8448,3.6
Low Fat,NCD07,Household,2020.0,OUT017,Tier 2,Medium,Supermarket Type1,0.0,9.1,115.4518,3.6
Low Fat,FDX13,Canned,2015.0,OUT045,Tier 2,Medium,Supermarket Type1,0.04788,7.725,250.2092,3.6
Low Fat,FDR26,Dairy,2015.0,OUT045,Tier 2,Medium,Supermarket Type1,0.042924,20.7,178.3028,3.6
Low Fat,FDD05,Frozen Foods,2015.0,OUT045,Tier 2,Medium,Supermarket Type1,0.016645,19.35,120.9098,3.6
Low Fat,FDQ20,Fruits and Vegetables,2015.0,OUT045,Tier 2,Medium,Supermarket Type1,0.029845,8.325,41.6138,3.6
Low Fat,NCI29,Health and Hygiene,2015.0,OUT045,Tier 2,Small,Supermarket Type1,0.032688,8.6,140.9154,3.6
Low Fat,NCP55,Others,2015.0,OUT045,Tier 2,Small,Supermarket Type1,0.011213,14.65,55.6614,3.6
Low Fat,FDI46,Snack Foods,2015.0,OUT045,Tier 2,Small,Supermarket Type1,0.074496,9.5,251.9724,3.6
Low Fat,FDI33,Snack Foods,2015.0,OUT045,Tier 2,Small,Supermarket Type1,0.028476,16.5,91.0146,3.6
Low Fat,DRE49,Soft Drinks,2015.0,OUT045,Tier 2,Small,Supermarket Type1,0.021293,20.75,151.9024,3.6
Low Fat,FDF02,Canned,2020.0,OUT017,Tier 2,Small,Supermarket Type1,0.104058,16.2,102.499,3.6
Low Fat,NCP05,Health and Hygiene,2020.0,OUT017,Tier 2,Small,Supermarket Type1,0.02543,19.6,151.7024,3.6
Low Fat,NCW30,Household,2020.0,OUT017,Tier 2,Small,Supermarket Type1,0.011072,5.21,257.8962,3.6
Low Fat,NCL54,Household,2020.0,OUT017,Tier 2,Small,Supermarket Type1,0.083222,12.6,174.5054,3.6
Low Fat,NCF42,Household,2020.0,OUT017,Tier 2,High,Supermarket Type1,0.16833,17.35,176.7712,3.6
Low Fat,NCP30,Household,2020.0,OUT017,Tier 2,High,Supermarket Type1,0.032954,20.5,39.3822,3.6
Low Fat,NCO43,Others,2020.0,OUT017,Tier 2,High,Supermarket Type1,0.047365,5.5,100.0016,3.6
Low Fat,FDC46,Snack Foods,2020.0,OUT017,Tier 2,High,Supermarket Type1,0.117202,17.7,184.0266,3.6
Regular,FDL13,Breakfast,2015.0,OUT045,Tier 2,High,Supermarket Type1,0.056433,13.85,234.93,3.6
Regular,FDE41,Frozen Foods,2015.0,OUT045,Tier 2,High,Supermarket Type1,0.064144,9.195,85.9566,3.6
Regular,FDR27,Meat,2015.0,OUT045,Tier 2,High,Supermarket Type1,0.096295,15.1,133.4942,3.6
Regular,FDL21,Snack Foods,2015.0,OUT045,Tier 2,High,Supermarket Type1,0.007161,15.85,39.348,3.6
Regular,FDZ36,Baking Goods,2020.0,OUT017,Tier 2,High,Supermarket Type1,0.066156,6.035,184.424,3.6
Regular,FDW12,Baking Goods,2020.0,OUT017,Tier 2,High,Supermarket Type1,0.035773,8.315,144.3444,3.6
Regular,FDK25,Breakfast,2020.0,OUT017,Tier 2,High,Supermarket Type1,0.157719,11.6,168.3474,3.6
Regular,FDP08,Fruits and Vegetables,2020.0,OUT017,Tier 2,Medium,Supermarket Type1,0.113046,20.5,194.1478,3.6
Regular,FDM15,Meat,2020.0,OUT017,Tier 2,Medium,Supermarket Type1,0.057746,11.8,152.4366,3.6
Low Fat,DRF60,Soft Drinks,2015.0,OUT045,Tier 2,Medium,Supermarket Type1,0.052174,10.8,240.3564,3.6
Low Fat,FDX58,Snack Foods,2020.0,OUT017,Tier 2,Medium,Supermarket Type1,0.044011,13.15,181.295,3.6
Low Fat,FDP11,Breads,2017.0,OUT035,Tier 2,Small,Supermarket Type1,0.069087,15.85,218.7166,3.6
Low Fat,DRI39,Dairy,2017.0,OUT035,Tier 2,Small,Supermarket Type1,0.097044,13.8,57.493,3.6
Low Fat,FDF04,Frozen Foods,2017.0,OUT035,Tier 2,Small,Supermarket Type1,0.013634,17.5,256.4304,3.6
Low Fat,FDY31,Fruits and Vegetables,2017.0,OUT035,Tier 2,Small,Supermarket Type1,0.043555,5.98,148.2418,3.6
Low Fat,FDR43,Fruits and Vegetables,2017.0,OUT035,Tier 2,Small,Supermarket Type1,0.161459,18.2,37.819,3.6
Low Fat,NCC30,Household,2017.0,OUT035,Tier 2,Small,Supermarket Type1,0.027574,16.6,176.6344,3.6
Low Fat,FDQ10,Snack Foods,2017.0,OUT035,Tier 2,Small,Supermarket Type1,0.033173,12.85,172.0422,3.6
Low Fat,FDL22,Snack Foods,2017.0,OUT035,Tier 2,Small,Supermarket Type1,0.036383,16.85,91.0488,3.6
Low Fat,DRG13,Soft Drinks,2017.0,OUT035,Tier 2,Small,Supermarket Type1,0.037179,17.25,162.5526,3.6
Regular,FDM04,Frozen Foods,2017.0,OUT035,Tier 2,Small,Supermarket Type1,0.047112,9.195,52.0666,3.6
Regular,FDA04,Frozen Foods,2017.0,OUT035,Tier 2,Small,Supermarket Type1,0.066717,11.3,260.8962,3.6
Low Fat,FDE26,Canned,2011.0,OUT010,Tier 3,Medium,Grocery Store,0.148977,9.3,143.0786,3.6
Low Fat,FDA19,Fruits and Vegetables,2011.0,OUT010,Tier 3,Medium,Grocery Store,0.092272,7.52,128.7994,3.6
Low Fat,NCJ30,Household,2011.0,OUT010,Tier 3,Medium,Grocery Store,0.134976,5.82,170.579,3.6
Low Fat,NCF18,Household,2011.0,OUT010,Tier 3,Medium,Grocery Store,0.148939,18.35,191.9504,3.6
Low Fat,DRA12,Soft Drinks,2011.0,OUT010,Tier 3,High,Grocery Store,0.068535,11.6,143.0154,3.6
Regular,FDN03,Meat,2011.0,OUT010,Tier 3,High,Grocery Store,0.025258,9.8,248.5408,3.6
Regular,FDV22,Snack Foods,2011.0,OUT010,Tier 3,Small,Grocery Store,0.016635,14.85,157.563,3.6
Low Fat,NCA17,Health and Hygiene,2014.0,OUT013,Tier 3,High,Supermarket Type1,0.04538,20.6,148.4392,3.6
Low Fat,FDP38,Canned,2014.0,OUT013,Tier 3,High,Supermarket Type1,0.032075,10.1,50.9008,3.6
Low Fat,FDD50,Canned,2014.0,OUT013,Tier 3,High,Supermarket Type1,0.141524,18.85,168.4132,3.6
Low Fat,FDA50,Dairy,2014.0,OUT013,Tier 3,High,Supermarket Type1,0.087103,16.25,96.041,3.6
Low Fat,FDX20,Fruits and Vegetables,2014.0,OUT013,Tier 3,High,Supermarket Type1,0.042525,7.365,228.372,3.6
Low Fat,FDA56,Fruits and Vegetables,2014.0,OUT013,Tier 3,High,Supermarket Type1,0.008757,9.21,120.8414,3.6
Low Fat,FDB33,Fruits and Vegetables,2014.0,OUT013,Tier 3,High,Supermarket Type1,0.014568,17.75,158.1262,3.6
Low Fat,FDL44,Fruits and Vegetables,2014.0,OUT013,Tier 3,High,Supermarket Type1,0.012265,18.25,162.8894,3.6
Low Fat,DRH23,Hard Drinks,2014.0,OUT013,Tier 3,High,Supermarket Type1,0.170177,14.65,55.2614,3.6
Low Fat,NCK29,Health and Hygiene,2014.0,OUT013,Tier 3,High,Supermarket Type1,0.125664,5.615,123.473,3.6
Low Fat,NCN43,Others,2014.0,OUT013,Tier 3,High,Supermarket Type1,0.006754,12.15,122.173,3.6
Low Fat,NCM19,Others,2014.0,OUT013,Tier 3,High,Supermarket Type1,0.047198,12.65,114.1202,3.6
Low Fat,FDC47,Snack Foods,2014.0,OUT013,Tier 3,High,Supermarket Type1,0.118792,15.0,229.9694,3.6
Low Fat,FDR10,Snack Foods,2014.0,OUT013,Tier 3,High,Supermarket Type1,0.010032,17.6,161.5552,3.6
Regular,FDP36,Baking Goods,2014.0,OUT013,Tier 3,High,Supermarket Type1,0.091097,10.395,52.3008,3.6
Regular,FDI04,Frozen Foods,2014.0,OUT013,Tier 3,High,Supermarket Type1,0.072852,13.65,197.1426,3.6
Regular,FDU16,Frozen Foods,2014.0,OUT013,Tier 3,High,Supermarket Type1,0.058227,19.25,85.2908,3.6
Regular,FDG56,Fruits and Vegetables,2014.0,OUT013,Tier 3,High,Supermarket Type1,0.071393,13.3,61.0536,3.6
Regular,FDF08,Fruits and Vegetables,2014.0,OUT013,Tier 3,High,Supermarket Type1,0.065153,14.3,88.4856,3.6
Low Fat,NCM54,Household,2022.0,OUT018,Tier 3,Medium,Supermarket Type2,0.051147,17.7,127.3678,3.6
Low Fat,FDV21,Snack Foods,2022.0,OUT018,Tier 3,Medium,Supermarket Type2,0.17178,11.5,126.0704,3.6
Low Fat,FDS12,Baking Goods,2022.0,OUT018,Tier 3,Medium,Supermarket Type2,0.174828,9.1,127.2362,3.6
Low Fat,FDX16,Frozen Foods,2022.0,OUT018,Tier 3,Medium,Supermarket Type2,0.0,17.85,148.005,3.6
Low Fat,FDM32,Fruits and Vegetables,2022.0,OUT018,Tier 3,Medium,Supermarket Type2,0.020689,20.5,88.183,3.6
Low Fat,NCM06,Household,2022.0,OUT018,Tier 3,Medium,Supermarket Type2,0.076036,7.475,153.9656,3.6
Low Fat,NCN18,Household,2022.0,OUT018,Tier 3,Medium,Supermarket Type2,0.125223,8.895,113.3544,3.6
Low Fat,NCF07,Household,2022.0,OUT018,Tier 3,Medium,Supermarket Type2,0.032153,9.0,102.0016,3.6
Low Fat,NCB43,Household,2022.0,OUT018,Tier 3,Medium,Supermarket Type2,0.100319,20.2,188.6898,3.6
Low Fat,FDV15,Meat,2022.0,OUT018,Tier 3,Medium,Supermarket Type2,0.146768,10.3,102.3648,3.6
Low Fat,FDX34,Snack Foods,2022.0,OUT018,Tier 3,Medium,Supermarket Type2,0.072279,6.195,120.6098,3.6
Low Fat,DRJ24,Soft Drinks,2022.0,OUT018,Tier 3,Medium,Supermarket Type2,0.113791,11.8,185.3924,3.6
Regular,FDT14,Dairy,2022.0,OUT018,Tier 3,Medium,Supermarket Type2,0.128247,10.695,121.844,3.6
Regular,FDT19,Fruits and Vegetables,2022.0,OUT018,Tier 3,Medium,Supermarket Type2,0.145632,7.59,172.808,3.6
Regular,FDI34,Snack Foods,2022.0,OUT018,Tier 3,Medium,Supermarket Type2,0.085483,10.65,231.4668,3.6
Low Fat,DRH51,Dairy,2018.0,OUT027,Tier 3,Medium,Supermarket Type3,0.0,12.6,89.1856,3.6
Low Fat,FDU38,Dairy,2018.0,OUT027,Tier 3,Medium,Supermarket Type3,0.08215,12.6,192.9504,3.6
Low Fat,FDB32,Fruits and Vegetables,2018.0,OUT027,Tier 3,Medium,Supermarket Type3,0.023339,12.6,94.8778,3.6
Low Fat,FDS08,Fruits and Vegetables,2018.0,OUT027,Tier 3,Medium,Supermarket Type3,0.056685,12.6,178.437,3.6
Low Fat,DRG23,Hard Drinks,2018.0,OUT027,Tier 3,Medium,Supermarket Type3,0.086361,12.6,151.2682,3.6
Low Fat,NCK18,Household,2018.0,OUT027,Tier 3,Medium,Supermarket Type3,0.006666,12.6,164.1184,3.6
Low Fat,NCT42,Household,2018.0,OUT027,Tier 3,Medium,Supermarket Type3,0.024767,12.6,151.0392,3.6
Low Fat,NCV30,Household,2018.0,OUT027,Tier 3,Medium,Supermarket Type3,0.065613,12.6,62.351,3.6
Regular,FDL48,Baking Goods,2018.0,OUT027,Tier 3,Medium,Supermarket Type3,0.081868,12.6,46.8034,3.6
Regular,FDA02,Dairy,2018.0,OUT027,Tier 3,Medium,Supermarket Type3,0.029579,12.6,143.5786,3.6
Regular,FDR32,Fruits and Vegetables,2018.0,OUT027,Tier 3,Medium,Supermarket Type3,0.085392,12.6,226.7694,3.6
Regular,FDZ39,Meat,2018.0,OUT027,Tier 3,Medium,Supermarket Type3,0.017937,12.6,103.499,3.6
Regular,FDI21,Snack Foods,2018.0,OUT027,Tier 3,Medium,Supermarket Type3,0.056329,12.6,63.9168,3.6
Regular,FDO46,Snack Foods,2018.0,OUT027,Tier 3,Medium,Supermarket Type3,0.014144,12.6,187.3872,3.6
Regular,FDW21,Snack Foods,2018.0,OUT027,Tier 3,Medium,Supermarket Type3,0.005935,12.6,98.8358,3.6
Regular,FDI16,Frozen Foods,2018.0,OUT027,Tier 3,Medium,Supermarket Type3,0.135118,12.6,52.564,3.6
Regular,FDH17,Frozen Foods,2015.0,OUT045,Tier 2,Small,Supermarket Type1,0.016687,16.2,96.9726,3.5
Regular,FDV10,Snack Foods,2017.0,OUT035,Tier 2,Small,Supermarket Type1,0.066693,7.645,42.3112,3.5
Low Fat,FDM20,Fruits and Vegetables,2022.0,OUT018,Tier 3,Medium,Supermarket Type2,0.0,10.0,246.9144,3.5
Low Fat,FDH35,Starchy Foods,2015.0,OUT045,Tier 2,Small,Supermarket Type1,0.0,18.25,164.7526,3.5
Regular,FDI04,Frozen Foods,2022.0,OUT018,Tier 3,Medium,Supermarket Type2,0.073209,13.65,197.6426,3.5
Low Fat,NCD06,Household,2016.0,OUT046,Tier 1,Small,Supermarket Type1,0.099325,13.0,45.406,3.5
Regular,FDB35,Starchy Foods,2014.0,OUT013,Tier 3,High,Supermarket Type1,0.064565,12.3,92.9804,3.5
Low Fat,DRE49,Soft Drinks,2020.0,OUT017,Tier 2,Small,Supermarket Type1,0.02137,20.75,153.0024,3.5
Low Fat,FDU55,Fruits and Vegetables,2015.0,OUT045,Tier 2,Small,Supermarket Type1,0.035984,16.2,260.6278,3.5
Low Fat,FDL27,Meat,2012.0,OUT049,Tier 1,Medium,Supermarket Type1,0.010647,6.17,66.3826,3.5
Low Fat,FDB27,Dairy,2016.0,OUT046,Tier 1,Small,Supermarket Type1,0.05539,7.575,195.2768,3.5
Low Fat,FDH19,Meat,2016.0,OUT046,Tier 1,Small,Supermarket Type1,0.033088,19.35,175.4738,3.5
Regular,FDZ13,Canned,2022.0,OUT018,Tier 3,Medium,Supermarket Type2,0.15412,7.84,51.935,3.5
Low Fat,FDH57,Fruits and Vegetables,2016.0,OUT046,Tier 1,Small,Supermarket Type1,0.035748,10.895,133.6284,3.5
Regular,FDL52,Frozen Foods,2014.0,OUT013,Tier 3,High,Supermarket Type1,0.0,6.635,39.7506,3.5
Low Fat,FDC15,Dairy,2011.0,OUT010,Tier 3,Medium,Grocery Store,0.297884,18.1,156.7288,3.5
Regular,FDU21,Snack Foods,2017.0,OUT035,Tier 2,Small,Supermarket Type1,0.076706,11.8,34.7558,3.5
Low Fat,FDL08,Fruits and Vegetables,2014.0,OUT013,Tier 3,High,Supermarket Type1,0.049678,10.8,245.9144,3.5
Low Fat,NCQ05,Health and Hygiene,2014.0,OUT013,Tier 3,High,Supermarket Type1,0.0,11.395,151.6708,3.5
Low Fat,FDD58,Snack Foods,2017.0,OUT035,Tier 2,Small,Supermarket Type1,0.059341,7.76,99.77,3.5
Low Fat,FDV45,Snack Foods,2016.0,OUT046,Tier 1,Small,Supermarket Type1,0.045047,16.75,186.4556,3.5
Low Fat,NCX42,Household,2014.0,OUT013,Tier 3,High,Supermarket Type1,0.005974,6.36,164.5526,3.5
Low Fat,FDP19,Fruits and Vegetables,2016.0,OUT046,Tier 1,Small,Supermarket Type1,0.173516,11.5,128.1652,3.5
Regular,FDL38,Canned,2018.0,OUT019,Tier 1,Small,Grocery Store,0.025796,12.6,88.4172,3.5
Low Fat,DRF23,Hard Drinks,2011.0,OUT010,Tier 3,Medium,Grocery Store,0.205295,4.61,172.8396,3.5
Low Fat,FDH12,Baking Goods,2012.0,OUT049,Tier 1,Medium,Supermarket Type1,0.085086,9.6,105.128,3.5
Low Fat,FDM39,Dairy,2012.0,OUT049,Tier 1,Medium,Supermarket Type1,0.053554,6.42,178.6002,3.5
Low Fat,NCC43,Household,2012.0,OUT049,Tier 1,Medium,Supermarket Type1,0.092927,7.39,249.5066,3.5
Low Fat,NCP54,Household,2012.0,OUT049,Tier 1,Medium,Supermarket Type1,0.035204,15.35,122.873,3.5
Low Fat,NCG30,Household,2012.0,OUT049,Tier 1,Medium,Supermarket Type1,0.112496,20.2,124.4046,3.5
Low Fat,NCN07,Others,2012.0,OUT049,Tier 1,Medium,Supermarket Type1,0.033997,18.5,129.9284,3.5
Low Fat,FDP34,Snack Foods,2012.0,OUT049,Tier 1,Medium,Supermarket Type1,0.137441,12.85,157.663,3.5
Low Fat,DRD13,Soft Drinks,2012.0,OUT049,Tier 1,Medium,Supermarket Type1,0.049156,15.0,65.2168,3.5
Regular,FDR37,Breakfast,2012.0,OUT049,Tier 1,Medium,Supermarket Type1,0.066353,16.5,181.2292,3.5
Regular,FDS16,Frozen Foods,2012.0,OUT049,Tier 1,Medium,Supermarket Type1,0.06628,15.15,147.876,3.5
Regular,FDF21,Fruits and Vegetables,2012.0,OUT049,Tier 1,Medium,Supermarket Type1,0.058919,10.3,191.653,3.5
Regular,FDR19,Fruits and Vegetables,2012.0,OUT049,Tier 1,Medium,Supermarket Type1,0.159969,13.5,147.6102,3.5
Regular,FDS33,Snack Foods,2012.0,OUT049,Tier 1,Medium,Supermarket Type1,0.12362,6.67,90.0514,3.5
Regular,FDT33,Snack Foods,2012.0,OUT049,Tier 1,Medium,Supermarket Type1,0.034044,7.81,168.7158,3.5
Regular,FDI10,Snack Foods,2012.0,OUT049,Tier 1,Medium,Supermarket Type1,0.078526,8.51,173.5422,3.5
Low Fat,FDY52,Frozen Foods,2018.0,OUT019,Tier 1,Small,Grocery Store,0.012866,12.6,59.3536,3.5
Low Fat,FDY09,Snack Foods,2018.0,OUT019,Tier 1,Small,Grocery Store,0.044122,12.6,173.8054,3.5
Regular,FDH31,Meat,2018.0,OUT019,Tier 1,Small,Grocery Store,0.0,12.6,98.2042,3.5
Regular,DRA24,Soft Drinks,2018.0,OUT019,Tier 1,Small,Grocery Store,0.069909,12.6,163.2868,3.5
Low Fat,FDO24,Baking Goods,2016.0,OUT046,Tier 1,Small,Supermarket Type1,0.176216,11.1,158.8604,3.5
Low Fat,FDL04,Frozen Foods,2016.0,OUT046,Tier 1,Small,Supermarket Type1,0.111923,19.0,106.5622,3.5
Low Fat,FDZ44,Fruits and Vegetables,2016.0,OUT046,Tier 1,Small,Supermarket Type1,0.038729,8.185,117.1808,3.5
Low Fat,FDA56,Fruits and Vegetables,2016.0,OUT046,Tier 1,Small,Supermarket Type1,0.008765,9.21,123.1414,3.5
Low Fat,DRN47,Hard Drinks,2016.0,OUT046,Tier 1,Small,Supermarket Type1,0.016827,12.1,179.166,3.5
Low Fat,NCA17,Health and Hygiene,2016.0,OUT046,Tier 1,Small,Supermarket Type1,0.0,20.6,148.8392,3.5
Low Fat,NCL07,Others,2016.0,OUT046,Tier 1,Small,Supermarket Type1,0.031339,13.85,41.048,3.5
Low Fat,FDM46,Snack Foods,2016.0,OUT046,Tier 1,Small,Supermarket Type1,0.159968,7.365,94.712,3.5
Regular,FDT24,Baking Goods,2016.0,OUT046,Tier 1,Small,Supermarket Type1,0.0,12.35,76.2328,3.5
Regular,FDX35,Breads,2016.0,OUT046,Tier 1,Small,Supermarket Type1,0.0,5.035,228.2036,3.5
Regular,FDL02,Canned,2016.0,OUT046,Tier 1,Small,Supermarket Type1,0.104083,20.0,107.4622,3.5
Regular,FDT52,Frozen Foods,2016.0,OUT046,Tier 1,Small,Supermarket Type1,0.04743,9.695,245.8144,3.5
Regular,FDN16,Frozen Foods,2016.0,OUT046,Tier 1,Small,Supermarket Type1,0.0627,12.6,102.199,3.5
Regular,FDA28,Frozen Foods,2016.0,OUT046,Tier 1,Small,Supermarket Type1,0.047802,16.1,127.4362,3.5
Regular,FDW55,Fruits and Vegetables,2016.0,OUT046,Tier 1,Small,Supermarket Type1,0.02197,12.6,248.6092,3.5
Regular,FDG58,Snack Foods,2016.0,OUT046,Tier 1,Small,Supermarket Type1,0.0,10.695,156.1972,3.5
Low Fat,FDV32,Fruits and Vegetables,2015.0,OUT045,Tier 2,Medium,Supermarket Type1,0.088888,7.785,64.751,3.5
Low Fat,FDP04,Frozen Foods,2015.0,OUT045,Tier 2,Medium,Supermarket Type1,0.013841,15.35,65.2168,3.5
Low Fat,FDG45,Fruits and Vegetables,2015.0,OUT045,Tier 2,Medium,Supermarket Type1,0.128296,8.1,210.4902,3.5
Low Fat,FDS20,Fruits and Vegetables,2015.0,OUT045,Tier 2,Medium,Supermarket Type1,0.053976,8.85,181.5292,3.5
Low Fat,FDN31,Fruits and Vegetables,2015.0,OUT045,Tier 2,Medium,Supermarket Type1,0.073029,11.5,187.953,3.5
Low Fat,FDC44,Fruits and Vegetables,2015.0,OUT045,Tier 2,Medium,Supermarket Type1,0.172947,15.6,114.1518,3.5
Low Fat,DRH36,Soft Drinks,2015.0,OUT045,Tier 2,Small,Supermarket Type1,0.033448,16.2,73.9696,3.5
Low Fat,DRF37,Soft Drinks,2015.0,OUT045,Tier 2,Small,Supermarket Type1,0.0,17.25,263.591,3.5
Low Fat,FDS35,Breads,2020.0,OUT017,Tier 2,Small,Supermarket Type1,0.11185,9.3,64.6826,3.5
Low Fat,FDG50,Canned,2020.0,OUT017,Tier 2,Small,Supermarket Type1,0.015358,7.405,92.4146,3.5
Low Fat,FDF14,Canned,2020.0,OUT017,Tier 2,Small,Supermarket Type1,0.027324,7.55,151.934,3.5
Low Fat,FDN02,Canned,2020.0,OUT017,Tier 2,Small,Supermarket Type1,0.074245,16.5,208.2638,3.5
Low Fat,FDX19,Fruits and Vegetables,2020.0,OUT017,Tier 2,Small,Supermarket Type1,0.097281,19.1,232.6958,3.5
Low Fat,DRN59,Hard Drinks,2020.0,OUT017,Tier 2,Small,Supermarket Type1,0.064504,15.0,47.306,3.5
Low Fat,NCB54,Health and Hygiene,2020.0,OUT017,Tier 2,Small,Supermarket Type1,0.050336,8.76,126.2336,3.5
Low Fat,NCK53,Health and Hygiene,2020.0,OUT017,Tier 2,Small,Supermarket Type1,0.037794,11.6,99.3042,3.5
Low Fat,NCB19,Household,2020.0,OUT017,Tier 2,Small,Supermarket Type1,0.090806,6.525,86.4882,3.5
Low Fat,NCU18,Household,2020.0,OUT017,Tier 2,High,Supermarket Type1,0.056156,15.1,140.5496,3.5
Low Fat,NCW06,Household,2020.0,OUT017,Tier 2,High,Supermarket Type1,0.050625,16.2,193.1162,3.5
Low Fat,NCN14,Others,2020.0,OUT017,Tier 2,High,Supermarket Type1,0.092438,19.1,185.2608,3.5
Low Fat,FDZ58,Snack Foods,2020.0,OUT017,Tier 2,High,Supermarket Type1,0.052472,17.85,123.7072,3.5
Low Fat,DRJ37,Soft Drinks,2020.0,OUT017,Tier 2,High,Supermarket Type1,0.061447,10.8,150.4024,3.5
Regular,FDU19,Fruits and Vegetables,2015.0,OUT045,Tier 2,High,Supermarket Type1,0.046866,8.77,170.5422,3.5
Regular,FDT56,Fruits and Vegetables,2015.0,OUT045,Tier 2,High,Supermarket Type1,0.115827,16.0,56.0246,3.5
Regular,FDX46,Snack Foods,2015.0,OUT045,Tier 2,High,Supermarket Type1,0.058235,12.3,58.7562,3.5
Regular,DRZ11,Soft Drinks,2015.0,OUT045,Tier 2,High,Supermarket Type1,0.112893,8.85,123.3388,3.5
Regular,FDE35,Starchy Foods,2015.0,OUT045,Tier 2,High,Supermarket Type1,0.043989,7.06,60.2904,3.5
Regular,FDI48,Baking Goods,2020.0,OUT017,Tier 2,High,Supermarket Type1,0.056034,11.85,51.4666,3.5
Regular,FDP01,Breakfast,2020.0,OUT017,Tier 2,High,Supermarket Type1,0.063684,20.75,151.7682,3.5
Regular,FDH40,Frozen Foods,2020.0,OUT017,Tier 2,High,Supermarket Type1,0.079376,11.6,81.7276,3.5
Regular,FDP52,Frozen Foods,2020.0,OUT017,Tier 2,High,Supermarket Type1,0.071092,18.7,228.601,3.5
Regular,FDG56,Fruits and Vegetables,2020.0,OUT017,Tier 2,Medium,Supermarket Type1,0.071857,13.3,63.2536,3.5
Regular,FDZ51,Meat,2020.0,OUT017,Tier 2,Medium,Supermarket Type1,0.054861,11.3,96.9094,3.5
Low Fat,NCI54,Household,2015.0,OUT045,Tier 2,Medium,Supermarket Type1,0.033667,15.2,109.6912,3.5
Regular,FDW04,Frozen Foods,2015.0,OUT045,Tier 2,Medium,Supermarket Type1,0.057944,8.985,131.531,3.5
Low Fat,FDY59,Baking Goods,2017.0,OUT035,Tier 2,Small,Supermarket Type1,0.031398,8.195,91.3462,3.5
Low Fat,FDY48,Baking Goods,2017.0,OUT035,Tier 2,Small,Supermarket Type1,0.02373,14.0,104.3332,3.5
Low Fat,FDW01,Canned,2017.0,OUT035,Tier 2,Small,Supermarket Type1,0.064048,14.5,153.4682,3.5
Low Fat,FDG53,Frozen Foods,2017.0,OUT035,Tier 2,Small,Supermarket Type1,0.045848,10.0,138.518,3.5
Low Fat,FDB32,Fruits and Vegetables,2017.0,OUT035,Tier 2,Small,Supermarket Type1,0.023449,20.6,93.9778,3.5
Low Fat,NCP43,Others,2017.0,OUT035,Tier 2,Small,Supermarket Type1,0.030501,17.75,180.566,3.5
Low Fat,NCI31,Others,2017.0,OUT035,Tier 2,Small,Supermarket Type1,0.081312,20.0,37.819,3.5
Low Fat,FDF22,Snack Foods,2017.0,OUT035,Tier 2,Small,Supermarket Type1,0.05682,6.865,212.6218,3.5
Low Fat,FDT34,Snack Foods,2017.0,OUT035,Tier 2,Small,Supermarket Type1,0.174317,9.3,106.7964,3.5
Low Fat,FDJ46,Snack Foods,2017.0,OUT035,Tier 2,Small,Supermarket Type1,0.044815,11.1,174.4054,3.5
Low Fat,DRC49,Soft Drinks,2017.0,OUT035,Tier 2,Small,Supermarket Type1,0.065424,8.67,145.8128,3.5
Low Fat,FDZ34,Starchy Foods,2017.0,OUT035,Tier 2,Small,Supermarket Type1,0.075864,6.695,192.082,3.5
Low Fat,FDA22,Starchy Foods,2017.0,OUT035,Tier 2,Small,Supermarket Type1,0.084436,7.435,168.6158,3.5
Low Fat,FDG47,Starchy Foods,2017.0,OUT035,Tier 2,Small,Supermarket Type1,0.069606,12.8,261.9252,3.5
Regular,FDR37,Breakfast,2017.0,OUT035,Tier 2,Small,Supermarket Type1,0.066237,16.5,183.1292,3.5
Regular,FDX46,Snack Foods,2017.0,OUT035,Tier 2,Small,Supermarket Type1,0.058106,12.3,60.4562,3.5
Low Fat,FDS12,Baking Goods,2011.0,OUT010,Tier 3,Medium,Grocery Store,0.291439,9.1,126.8362,3.5
Low Fat,FDG50,Canned,2011.0,OUT010,Tier 3,Medium,Grocery Store,0.025562,7.405,89.7146,3.5
Low Fat,FDP25,Canned,2011.0,OUT010,Tier 3,Medium,Grocery Store,0.035497,15.2,216.7824,3.5
Low Fat,FDA15,Dairy,2011.0,OUT010,Tier 3,Medium,Grocery Store,0.026818,9.3,248.9092,3.5
Low Fat,FDI56,Fruits and Vegetables,2011.0,OUT010,Tier 3,Medium,Grocery Store,0.156308,7.325,92.2146,3.5
Low Fat,DRD25,Soft Drinks,2011.0,OUT010,Tier 3,High,Grocery Store,0.132183,6.135,115.086,3.5
Low Fat,DRJ24,Soft Drinks,2011.0,OUT010,Tier 3,High,Grocery Store,0.18969,11.8,184.3924,3.5
Regular,FDP59,Breads,2011.0,OUT010,Tier 3,High,Grocery Store,0.094512,20.85,104.5648,3.5
Regular,FDA07,Fruits and Vegetables,2011.0,OUT010,Tier 3,High,Grocery Store,0.051795,7.55,122.6072,3.5
Regular,FDU33,Snack Foods,2011.0,OUT010,Tier 3,High,Grocery Store,0.225477,7.63,45.1402,3.5
Regular,FDV34,Snack Foods,2011.0,OUT010,Tier 3,High,Grocery Store,0.019124,10.695,73.0038,3.5
Low Fat,DRF15,Dairy,2014.0,OUT013,Tier 3,High,Supermarket Type1,0.0,18.35,151.934,3.5
Low Fat,FDX09,Snack Foods,2014.0,OUT013,Tier 3,High,Supermarket Type1,0.065195,9.0,177.737,3.5
Low Fat,FDH41,Frozen Foods,2014.0,OUT013,Tier 3,High,Supermarket Type1,0.081943,9.0,214.5534,3.5
Low Fat,FDN31,Fruits and Vegetables,2014.0,OUT013,Tier 3,High,Supermarket Type1,0.072821,11.5,191.253,3.5
Low Fat,DRK47,Hard Drinks,2014.0,OUT013,Tier 3,High,Supermarket Type1,0.064011,7.905,230.2694,3.5
Low Fat,NCK54,Household,2014.0,OUT013,Tier 3,High,Supermarket Type1,0.0,12.15,117.615,3.5
Low Fat,NCG18,Household,2014.0,OUT013,Tier 3,High,Supermarket Type1,0.022959,15.3,101.6332,3.5
Low Fat,FDC58,Snack Foods,2014.0,OUT013,Tier 3,High,Supermarket Type1,0.041907,10.195,43.8428,3.5
Low Fat,FDA45,Snack Foods,2014.0,OUT013,Tier 3,High,Supermarket Type1,0.15525,21.25,175.737,3.5
Low Fat,DRF37,Soft Drinks,2014.0,OUT013,Tier 3,High,Supermarket Type1,0.084262,17.25,261.591,3.5
Regular,FDM36,Baking Goods,2014.0,OUT013,Tier 3,High,Supermarket Type1,0.058682,11.65,170.4422,3.5
Regular,FDB37,Baking Goods,2014.0,OUT013,Tier 3,High,Supermarket Type1,0.022922,20.25,240.7538,3.5
Regular,FDY38,Dairy,2014.0,OUT013,Tier 3,High,Supermarket Type1,0.119077,13.6,231.23,3.5
Regular,FDA02,Dairy,2014.0,OUT013,Tier 3,High,Supermarket Type1,0.029698,14.0,143.0786,3.5
Regular,FDK08,Fruits and Vegetables,2014.0,OUT013,Tier 3,High,Supermarket Type1,0.122203,9.195,100.1016,3.5
Low Fat,FDJ22,Snack Foods,2014.0,OUT013,Tier 3,High,Supermarket Type1,0.052766,18.75,189.7504,3.5
Low Fat,FDF02,Canned,2022.0,OUT018,Tier 3,Medium,Supermarket Type2,0.103895,16.2,101.299,3.5
Low Fat,FDF41,Frozen Foods,2022.0,OUT018,Tier 3,Medium,Supermarket Type2,0.131714,12.15,245.846,3.5
Low Fat,FDG04,Frozen Foods,2022.0,OUT018,Tier 3,Medium,Supermarket Type2,0.006087,13.1,185.0898,3.5
Low Fat,FDC56,Fruits and Vegetables,2022.0,OUT018,Tier 3,Medium,Supermarket Type2,0.122016,7.72,121.744,3.5
Low Fat,DRK47,Hard Drinks,2022.0,OUT018,Tier 3,Medium,Supermarket Type2,0.064325,7.905,230.2694,3.5
Low Fat,NCV53,Health and Hygiene,2022.0,OUT018,Tier 3,Medium,Supermarket Type2,0.01889,8.27,238.188,3.5
Low Fat,NCN30,Household,2022.0,OUT018,Tier 3,Medium,Supermarket Type2,0.017062,16.35,98.141,3.5
Low Fat,NCO42,Household,2022.0,OUT018,Tier 3,Medium,Supermarket Type2,0.024756,21.25,146.7102,3.5
Low Fat,FDA34,Starchy Foods,2022.0,OUT018,Tier 3,Medium,Supermarket Type2,0.014921,11.5,173.908,3.5
Low Fat,FDG47,Starchy Foods,2022.0,OUT018,Tier 3,Medium,Supermarket Type2,0.069902,12.8,261.3252,3.5
Regular,FDI60,Baking Goods,2022.0,OUT018,Tier 3,Medium,Supermarket Type2,0.038477,7.22,62.951,3.5
Regular,FDF24,Baking Goods,2022.0,OUT018,Tier 3,Medium,Supermarket Type2,0.025474,15.5,83.1934,3.5
Regular,FDG20,Fruits and Vegetables,2022.0,OUT018,Tier 3,Medium,Supermarket Type2,0.1262,15.5,178.4028,3.5
Regular,FDG09,Fruits and Vegetables,2022.0,OUT018,Tier 3,Medium,Supermarket Type2,0.048132,20.6,187.1556,3.5
Regular,FDE10,Snack Foods,2022.0,OUT018,Tier 3,Medium,Supermarket Type2,0.090315,6.67,130.5626,3.5
Low Fat,FDV23,Breads,2018.0,OUT027,Tier 3,Medium,Supermarket Type3,0.105324,12.6,125.7046,3.5
Low Fat,FDX13,Canned,2018.0,OUT027,Tier 3,Medium,Supermarket Type3,0.047552,12.6,249.1092,3.5
Low Fat,FDD51,Dairy,2018.0,OUT027,Tier 3,Medium,Supermarket Type3,0.119372,12.6,45.2744,3.5
Low Fat,FDY50,Dairy,2018.0,OUT027,Tier 3,Medium,Supermarket Type3,0.130322,12.6,88.7172,3.5
Low Fat,FDE32,Fruits and Vegetables,2018.0,OUT027,Tier 3,Medium,Supermarket Type3,0.048523,12.6,39.6506,3.5
Low Fat,FDG44,Fruits and Vegetables,2018.0,OUT027,Tier 3,Medium,Supermarket Type3,0.0,12.6,55.7298,3.5
Low Fat,FDL44,Fruits and Vegetables,2018.0,OUT027,Tier 3,Medium,Supermarket Type3,0.012216,12.6,162.7894,3.5
Low Fat,NCO41,Health and Hygiene,2018.0,OUT027,Tier 3,Medium,Supermarket Type3,0.018758,12.6,96.9384,3.5
Low Fat,NCU29,Health and Hygiene,2018.0,OUT027,Tier 3,Medium,Supermarket Type3,0.025354,12.6,144.476,3.5
Low Fat,NCD55,Household,2018.0,OUT027,Tier 3,Medium,Supermarket Type3,0.024213,12.6,42.4454,3.5
Low Fat,NCG54,Household,2018.0,OUT027,Tier 3,Medium,Supermarket Type3,0.07942,12.6,172.3106,3.5
Low Fat,FDK33,Snack Foods,2018.0,OUT027,Tier 3,Medium,Supermarket Type3,0.011181,12.6,213.456,3.5
Low Fat,DRG01,Soft Drinks,2018.0,OUT027,Tier 3,Medium,Supermarket Type3,0.044661,12.6,74.767,3.5
Low Fat,DRH01,Soft Drinks,2018.0,OUT027,Tier 3,Medium,Supermarket Type3,0.09743,12.6,172.8738,3.5
Regular,FDW60,Baking Goods,2018.0,OUT027,Tier 3,Medium,Supermarket Type3,0.016979,12.6,177.037,3.5
Regular,FDZ50,Dairy,2018.0,OUT027,Tier 3,Medium,Supermarket Type3,0.0,12.6,184.2608,3.5
Regular,FDA52,Frozen Foods,2018.0,OUT027,Tier 3,Medium,Supermarket Type3,0.1278,12.6,177.037,3.5
Regular,FDG10,Snack Foods,2018.0,OUT027,Tier 3,Medium,Supermarket Type3,0.010886,12.6,57.2588,3.5
Low Fat,FDN15,Meat,2012.0,OUT049,Tier 1,Medium,Supermarket Type1,0.01676,17.5,141.618,3.4
Low Fat,FDP33,Snack Foods,2022.0,OUT018,Tier 3,Medium,Supermarket Type2,0.0,18.7,256.6672,3.4
Low Fat,NCW29,Health and Hygiene,2012.0,OUT049,Tier 1,Medium,Supermarket Type1,0.028908,14.0,130.431,3.4
Low Fat,FDX25,Canned,2022.0,OUT018,Tier 3,Medium,Supermarket Type2,0.0,16.7,181.2292,3.4
Low Fat,FDQ56,Fruits and Vegetables,2012.0,OUT049,Tier 1,Medium,Supermarket Type1,0.105761,6.59,84.8908,3.4
Regular,FDM24,Baking Goods,2015.0,OUT045,Tier 2,Small,Supermarket Type1,0.0,6.135,151.3366,3.4
Low Fat,FDB44,Fruits and Vegetables,2014.0,OUT013,Tier 3,High,Supermarket Type1,0.016945,6.655,209.2586,3.4
Regular,FDZ23,Baking Goods,2011.0,OUT010,Tier 3,Medium,Grocery Store,0.112986,17.75,185.424,3.4
Low Fat,DRJ39,Dairy,2017.0,OUT035,Tier 2,Small,Supermarket Type1,0.036319,20.25,219.3482,3.4
Low Fat,FDT38,Dairy,2012.0,OUT049,Tier 1,Medium,Supermarket Type1,0.057627,18.7,83.3566,3.4
Low Fat,DRD27,Dairy,2012.0,OUT049,Tier 1,Medium,Supermarket Type1,0.023877,18.75,97.4042,3.4
Low Fat,FDX44,Fruits and Vegetables,2012.0,OUT049,Tier 1,Medium,Supermarket Type1,0.043033,9.3,89.4172,3.4
Low Fat,FDX19,Fruits and Vegetables,2012.0,OUT049,Tier 1,Medium,Supermarket Type1,0.096884,19.1,233.5958,3.4
Low Fat,NCO42,Household,2012.0,OUT049,Tier 1,Medium,Supermarket Type1,0.024694,21.25,144.1102,3.4
Low Fat,FDF59,Starchy Foods,2012.0,OUT049,Tier 1,Medium,Supermarket Type1,0.071355,12.5,125.702,3.4
Regular,FDE04,Frozen Foods,2012.0,OUT049,Tier 1,Medium,Supermarket Type1,0.018051,19.75,179.866,3.4
Regular,DRZ11,Soft Drinks,2012.0,OUT049,Tier 1,Medium,Supermarket Type1,0.11284,8.85,122.0388,3.4
Low Fat,DRL59,Hard Drinks,2018.0,OUT019,Tier 1,Small,Grocery Store,0.037161,12.6,54.2298,3.4
Low Fat,FDO57,Snack Foods,2018.0,OUT019,Tier 1,Small,Grocery Store,0.190337,12.6,159.4578,3.4
Regular,FDU45,Snack Foods,2018.0,OUT019,Tier 1,Small,Grocery Store,0.062167,12.6,112.3518,3.4
Low Fat,FDJ48,Baking Goods,2016.0,OUT046,Tier 1,Small,Supermarket Type1,0.056435,11.3,247.8118,3.4
Low Fat,NCK29,Health and Hygiene,2016.0,OUT046,Tier 1,Small,Supermarket Type1,0.0,5.615,121.973,3.4
Low Fat,FDV39,Meat,2016.0,OUT046,Tier 1,Small,Supermarket Type1,0.00728,11.3,199.3426,3.4
Low Fat,FDV55,Fruits and Vegetables,2016.0,OUT046,Tier 1,Small,Supermarket Type1,0.055073,17.75,145.1444,3.4
Regular,FDA35,Baking Goods,2016.0,OUT046,Tier 1,Small,Supermarket Type1,0.053838,14.85,120.8072,3.4
Regular,FDZ57,Snack Foods,2016.0,OUT046,Tier 1,Small,Supermarket Type1,0.037764,10.0,127.2994,3.4
Regular,FDO49,Breakfast,2016.0,OUT046,Tier 1,Small,Supermarket Type1,0.033052,10.6,49.7008,3.4
Low Fat,DRL47,Hard Drinks,2015.0,OUT045,Tier 2,Medium,Supermarket Type1,0.038815,19.7,124.2362,3.4
Low Fat,NCM26,Others,2020.0,OUT017,Tier 2,Medium,Supermarket Type1,0.023274,20.5,154.134,3.4
Low Fat,FDS13,Canned,2015.0,OUT045,Tier 2,Medium,Supermarket Type1,0.124759,6.465,264.1884,3.4
Low Fat,FDF52,Frozen Foods,2015.0,OUT045,Tier 2,Medium,Supermarket Type1,0.066919,9.3,184.2292,3.4
Low Fat,FDC20,Fruits and Vegetables,2015.0,OUT045,Tier 2,Medium,Supermarket Type1,0.02402,10.65,57.2272,3.4
Low Fat,DRI11,Hard Drinks,2015.0,OUT045,Tier 2,Medium,Supermarket Type1,0.034474,8.26,117.0834,3.4
Low Fat,DRO35,Hard Drinks,2015.0,OUT045,Tier 2,Small,Supermarket Type1,0.03464,13.85,116.1492,3.4
Low Fat,NCA42,Household,2015.0,OUT045,Tier 2,Small,Supermarket Type1,0.0,6.965,159.6604,3.4
Low Fat,FDL27,Meat,2015.0,OUT045,Tier 2,Small,Supermarket Type1,0.010653,6.17,65.6826,3.4
Low Fat,FDT03,Meat,2015.0,OUT045,Tier 2,Small,Supermarket Type1,0.010019,21.25,184.6608,3.4
Low Fat,FDY21,Snack Foods,2015.0,OUT045,Tier 2,Small,Supermarket Type1,0.173833,15.1,196.511,3.4
Low Fat,FDB15,Dairy,2020.0,OUT017,Tier 2,Small,Supermarket Type1,0.137585,10.895,262.2568,3.4
Low Fat,DRH01,Soft Drinks,2020.0,OUT017,Tier 2,High,Supermarket Type1,0.098458,17.5,171.7738,3.4
Regular,FDN23,Breads,2015.0,OUT045,Tier 2,High,Supermarket Type1,0.075661,6.575,145.4444,3.4
Regular,FDN38,Canned,2015.0,OUT045,Tier 2,High,Supermarket Type1,0.092158,6.615,251.1408,3.4
Regular,FDA01,Canned,2015.0,OUT045,Tier 2,High,Supermarket Type1,0.054489,15.0,57.5904,3.4
Regular,FDB14,Canned,2015.0,OUT045,Tier 2,High,Supermarket Type1,0.102932,20.25,93.212,3.4
Regular,FDS33,Snack Foods,2015.0,OUT045,Tier 2,High,Supermarket Type1,0.123679,6.67,88.9514,3.4
Regular,FDU57,Snack Foods,2015.0,OUT045,Tier 2,High,Supermarket Type1,0.089736,8.27,148.7708,3.4
Regular,FDJ38,Canned,2020.0,OUT017,Tier 2,High,Supermarket Type1,0.040433,8.6,191.653,3.4
Regular,FDH14,Canned,2020.0,OUT017,Tier 2,High,Supermarket Type1,0.047073,17.1,138.6838,3.4
Regular,FDV16,Frozen Foods,2020.0,OUT017,Tier 2,High,Supermarket Type1,0.0834,7.75,34.5558,3.4
Low Fat,NCB19,Household,2017.0,OUT035,Tier 2,Small,Supermarket Type1,0.090279,6.525,86.7882,3.4
Low Fat,FDD11,Starchy Foods,2017.0,OUT035,Tier 2,Small,Supermarket Type1,0.0,12.85,254.704,3.4
Low Fat,NCR29,Health and Hygiene,2017.0,OUT035,Tier 2,Small,Supermarket Type1,0.054631,7.565,57.393,3.4
Low Fat,NCM54,Household,2017.0,OUT035,Tier 2,Small,Supermarket Type1,0.050929,17.7,129.1678,3.4
Low Fat,DRB24,Soft Drinks,2017.0,OUT035,Tier 2,Small,Supermarket Type1,0.020573,8.785,156.4656,3.4
Low Fat,DRE49,Soft Drinks,2017.0,OUT035,Tier 2,Small,Supermarket Type1,0.0,20.75,153.0024,3.4
Regular,FDC16,Dairy,2017.0,OUT035,Tier 2,Small,Supermarket Type1,0.020566,11.5,86.054,3.4
Low Fat,FDW47,Breads,2011.0,OUT010,Tier 3,Medium,Grocery Store,0.077623,15.0,121.8414,3.4
Low Fat,DRO47,Hard Drinks,2011.0,OUT010,Tier 3,Medium,Grocery Store,0.187841,10.195,112.486,3.4
Low Fat,NCK53,Health and Hygiene,2011.0,OUT010,Tier 3,Medium,Grocery Store,0.062903,11.6,100.4042,3.4
Low Fat,FDY21,Snack Foods,2011.0,OUT010,Tier 3,High,Grocery Store,0.0,15.1,197.211,3.4
Regular,FDS56,Fruits and Vegetables,2011.0,OUT010,Tier 3,High,Grocery Store,0.064871,5.785,262.1252,3.4
Low Fat,FDX23,Baking Goods,2014.0,OUT013,Tier 3,High,Supermarket Type1,0.029667,6.445,94.4436,3.4
Low Fat,FDF12,Baking Goods,2014.0,OUT013,Tier 3,High,Supermarket Type1,0.082359,8.235,147.6076,3.4
Low Fat,FDS13,Canned,2014.0,OUT013,Tier 3,High,Supermarket Type1,0.124403,6.465,266.1884,3.4
Low Fat,FDS20,Fruits and Vegetables,2014.0,OUT013,Tier 3,High,Supermarket Type1,0.053822,8.85,183.8292,3.4
Low Fat,FDU08,Fruits and Vegetables,2014.0,OUT013,Tier 3,High,Supermarket Type1,0.027293,10.3,101.2042,3.4
Low Fat,NCS17,Health and Hygiene,2014.0,OUT013,Tier 3,High,Supermarket Type1,0.080434,18.6,93.4436,3.4
Low Fat,FDW45,Snack Foods,2014.0,OUT013,Tier 3,High,Supermarket Type1,0.038979,18.0,148.6418,3.4
Low Fat,DRH36,Soft Drinks,2014.0,OUT013,Tier 3,High,Supermarket Type1,0.0,16.2,73.4696,3.4
Regular,FDP40,Frozen Foods,2014.0,OUT013,Tier 3,High,Supermarket Type1,0.034329,4.555,110.1544,3.4
Regular,FDV20,Fruits and Vegetables,2014.0,OUT013,Tier 3,High,Supermarket Type1,0.059752,20.2,129.1678,3.4
Regular,FDB57,Fruits and Vegetables,2014.0,OUT013,Tier 3,High,Supermarket Type1,0.018789,20.25,222.0772,3.4
Regular,FDX31,Fruits and Vegetables,2014.0,OUT013,Tier 3,High,Supermarket Type1,0.014813,20.35,234.9958,3.4
Low Fat,FDO40,Frozen Foods,2022.0,OUT018,Tier 3,Medium,Supermarket Type2,0.032761,17.1,148.8392,3.4
Low Fat,FDZ52,Frozen Foods,2022.0,OUT018,Tier 3,Medium,Supermarket Type2,0.100482,19.2,111.8886,3.4
Low Fat,FDX20,Fruits and Vegetables,2022.0,OUT018,Tier 3,Medium,Supermarket Type2,0.042734,7.365,226.972,3.4
Regular,FDF29,Frozen Foods,2022.0,OUT018,Tier 3,Medium,Supermarket Type2,0.020015,15.1,128.831,3.4
Regular,FDQ07,Fruits and Vegetables,2022.0,OUT018,Tier 3,Medium,Supermarket Type2,0.087763,15.1,221.5456,3.4
Low Fat,FDX45,Snack Foods,2022.0,OUT018,Tier 3,Medium,Supermarket Type2,0.105283,16.75,156.963,3.4
Low Fat,FDP60,Baking Goods,2018.0,OUT027,Tier 3,Medium,Supermarket Type3,0.055648,12.6,100.3016,3.4
Low Fat,NCI43,Household,2018.0,OUT027,Tier 3,Medium,Supermarket Type3,0.025843,12.6,48.6376,3.4
Low Fat,FDG31,Meat,2018.0,OUT027,Tier 3,Medium,Supermarket Type3,0.037713,12.6,64.4826,3.4
Regular,FDW38,Dairy,2018.0,OUT027,Tier 3,Medium,Supermarket Type3,0.138008,12.6,54.8298,3.4
Regular,FDP36,Baking Goods,2022.0,OUT018,Tier 3,Medium,Supermarket Type2,0.0,10.395,51.4008,3.3
Low Fat,NCD06,Household,2020.0,OUT017,Tier 2,Small,Supermarket Type1,0.099887,13.0,45.906,3.3
Low Fat,DRE60,Soft Drinks,2018.0,OUT019,Tier 1,Small,Grocery Store,0.278974,12.6,225.372,3.3
Low Fat,NCO26,Household,2017.0,OUT035,Tier 2,Small,Supermarket Type1,0.076841,7.235,117.5492,3.3
Low Fat,FDF20,Fruits and Vegetables,2015.0,OUT045,Tier 2,Small,Supermarket Type1,0.033288,12.85,198.4768,3.3
Low Fat,FDT59,Breads,2017.0,OUT035,Tier 2,Small,Supermarket Type1,0.015908,13.65,231.1668,3.3
Low Fat,NCR41,Health and Hygiene,2015.0,OUT045,Tier 2,Medium,Supermarket Type1,0.018061,17.85,97.0094,3.3
Regular,FDF53,Frozen Foods,2017.0,OUT035,Tier 2,Small,Supermarket Type1,0.083591,20.75,182.2318,3.3
Low Fat,DRF15,Dairy,2022.0,OUT018,Tier 3,Medium,Supermarket Type2,0.033349,18.35,155.034,3.3
Low Fat,NCL53,Health and Hygiene,2016.0,OUT046,Tier 1,Small,Supermarket Type1,0.036235,7.5,175.3028,3.3
Low Fat,DRE12,Soft Drinks,2018.0,OUT027,Tier 3,Medium,Supermarket Type3,0.070438,12.6,112.886,3.3
Low Fat,FDS51,Meat,2012.0,OUT049,Tier 1,Medium,Supermarket Type1,0.032231,13.35,61.4194,3.3
Low Fat,FDX59,Breads,2018.0,OUT027,Tier 3,Medium,Supermarket Type3,0.051411,12.6,33.0558,3.3
Low Fat,FDC26,Canned,2012.0,OUT049,Tier 1,Medium,Supermarket Type1,0.12658,10.195,112.2886,3.3
Low Fat,FDI44,Fruits and Vegetables,2012.0,OUT049,Tier 1,Medium,Supermarket Type1,0.100389,16.1,76.0328,3.3
Low Fat,NCQ53,Health and Hygiene,2012.0,OUT049,Tier 1,Medium,Supermarket Type1,0.018935,17.6,237.759,3.3
Regular,FDN25,Breakfast,2012.0,OUT049,Tier 1,Medium,Supermarket Type1,0.061271,7.895,56.7588,3.3
Regular,FDZ08,Fruits and Vegetables,2012.0,OUT049,Tier 1,Medium,Supermarket Type1,0.110163,12.5,83.6592,3.3
Regular,FDG33,Seafood,2012.0,OUT049,Tier 1,Medium,Supermarket Type1,0.140458,5.365,169.7764,3.3
Regular,FDU46,Snack Foods,2012.0,OUT049,Tier 1,Medium,Supermarket Type1,0.011144,10.3,88.254,3.3
Regular,FDC59,Starchy Foods,2012.0,OUT049,Tier 1,Medium,Supermarket Type1,0.0,16.7,63.6168,3.3
Regular,FDZ07,Fruits and Vegetables,2012.0,OUT049,Tier 1,Medium,Supermarket Type1,0.094037,15.1,62.3194,3.3
Low Fat,FDU38,Dairy,2018.0,OUT019,Tier 1,Small,Grocery Store,0.144534,12.6,190.6504,3.3
Low Fat,NCN41,Health and Hygiene,2018.0,OUT019,Tier 1,Small,Grocery Store,0.091412,12.6,121.373,3.3
Low Fat,NCX05,Health and Hygiene,2018.0,OUT019,Tier 1,Small,Grocery Store,0.169943,12.6,116.2492,3.3
Low Fat,DRJ24,Soft Drinks,2018.0,OUT019,Tier 1,Small,Grocery Store,0.198425,12.6,185.2924,3.3
Regular,FDU33,Snack Foods,2018.0,OUT019,Tier 1,Small,Grocery Store,0.235859,12.6,46.1402,3.3
Low Fat,FDT48,Baking Goods,2016.0,OUT046,Tier 1,Small,Supermarket Type1,0.045955,4.92,199.1084,3.3
Low Fat,FDG24,Baking Goods,2016.0,OUT046,Tier 1,Small,Supermarket Type1,0.014631,7.975,84.525,3.3
Low Fat,FDY50,Dairy,2016.0,OUT046,Tier 1,Small,Supermarket Type1,0.130956,5.8,90.3172,3.3
Low Fat,FDP26,Dairy,2016.0,OUT046,Tier 1,Small,Supermarket Type1,0.139553,7.785,105.6306,3.3
Low Fat,FDA14,Dairy,2016.0,OUT046,Tier 1,Small,Supermarket Type1,0.065183,16.1,148.076,3.3
Low Fat,NCV29,Health and Hygiene,2016.0,OUT046,Tier 1,Small,Supermarket Type1,0.022844,11.8,177.8686,3.3
Low Fat,FDW34,Snack Foods,2016.0,OUT046,Tier 1,Small,Supermarket Type1,0.035579,9.6,244.417,3.3
Low Fat,DRD25,Soft Drinks,2016.0,OUT046,Tier 1,Small,Supermarket Type1,0.0,6.135,114.286,3.3
Regular,FDL48,Baking Goods,2016.0,OUT046,Tier 1,Small,Supermarket Type1,0.082266,19.35,48.8034,3.3
Regular,FDJ38,Canned,2016.0,OUT046,Tier 1,Small,Supermarket Type1,0.040206,8.6,188.753,3.3
Regular,FDF39,Dairy,2016.0,OUT046,Tier 1,Small,Supermarket Type1,0.019511,14.85,262.591,3.3
Regular,FDA27,Dairy,2016.0,OUT046,Tier 1,Small,Supermarket Type1,0.030928,20.35,256.8672,3.3
Regular,FDE41,Frozen Foods,2016.0,OUT046,Tier 1,Small,Supermarket Type1,0.064014,9.195,83.3566,3.3
Regular,FDS04,Frozen Foods,2016.0,OUT046,Tier 1,Small,Supermarket Type1,0.146663,10.195,138.6838,3.3
Regular,FDP44,Fruits and Vegetables,2016.0,OUT046,Tier 1,Small,Supermarket Type1,0.079714,16.5,101.3332,3.3
Low Fat,FDR23,Breads,2015.0,OUT045,Tier 2,Medium,Supermarket Type1,0.081953,15.85,176.237,3.3
Low Fat,FDD51,Dairy,2015.0,OUT045,Tier 2,Medium,Supermarket Type1,0.0,11.15,44.7744,3.3
Low Fat,DRN11,Hard Drinks,2015.0,OUT045,Tier 2,Medium,Supermarket Type1,0.163311,7.85,143.5444,3.3
Low Fat,NCO29,Health and Hygiene,2015.0,OUT045,Tier 2,Small,Supermarket Type1,0.032322,11.15,165.6526,3.3
Low Fat,NCZ41,Health and Hygiene,2015.0,OUT045,Tier 2,Small,Supermarket Type1,0.064552,19.85,125.2704,3.3
Low Fat,NCW54,Household,2015.0,OUT045,Tier 2,Small,Supermarket Type1,0.096609,7.5,56.9588,3.3
Low Fat,DRE15,Dairy,2020.0,OUT017,Tier 2,Small,Supermarket Type1,0.0,13.35,75.7012,3.3
Low Fat,DRD27,Dairy,2020.0,OUT017,Tier 2,Small,Supermarket Type1,0.023975,18.75,99.0042,3.3
Low Fat,FDM40,Frozen Foods,2020.0,OUT017,Tier 2,Small,Supermarket Type1,0.0,10.195,143.1154,3.3
Low Fat,FDL20,Fruits and Vegetables,2020.0,OUT017,Tier 2,Small,Supermarket Type1,0.129141,17.1,109.4886,3.3
Low Fat,FDB32,Fruits and Vegetables,2020.0,OUT017,Tier 2,Small,Supermarket Type1,0.023586,20.6,94.7778,3.3
Low Fat,NCP53,Health and Hygiene,2020.0,OUT017,Tier 2,Small,Supermarket Type1,0.033076,14.75,237.2906,3.3
Low Fat,NCX17,Health and Hygiene,2020.0,OUT017,Tier 2,Small,Supermarket Type1,0.114246,21.25,231.23,3.3
Low Fat,NCZ18,Household,2020.0,OUT017,Tier 2,Small,Supermarket Type1,0.0,7.825,253.4698,3.3
Low Fat,NCD55,Household,2020.0,OUT017,Tier 2,Small,Supermarket Type1,0.024469,14.0,41.1454,3.3
Low Fat,FDD34,Snack Foods,2020.0,OUT017,Tier 2,High,Supermarket Type1,0.015966,7.945,163.521,3.3
Low Fat,FDS57,Snack Foods,2020.0,OUT017,Tier 2,High,Supermarket Type1,0.0,15.5,141.547,3.3
Low Fat,FDI33,Snack Foods,2020.0,OUT017,Tier 2,High,Supermarket Type1,0.02858,16.5,90.3146,3.3
Low Fat,FDY45,Snack Foods,2020.0,OUT017,Tier 2,High,Supermarket Type1,0.02629,17.5,253.7356,3.3
Low Fat,FDR21,Snack Foods,2020.0,OUT017,Tier 2,High,Supermarket Type1,0.067314,19.7,175.137,3.3
Low Fat,FDH10,Snack Foods,2020.0,OUT017,Tier 2,High,Supermarket Type1,0.049584,21.0,193.8478,3.3
Regular,FDQ47,Breads,2015.0,OUT045,Tier 2,High,Supermarket Type1,0.168527,7.155,33.6874,3.3
Regular,FDQ55,Fruits and Vegetables,2015.0,OUT045,Tier 2,High,Supermarket Type1,0.013065,13.65,115.5834,3.3
Regular,FDP08,Fruits and Vegetables,2015.0,OUT045,Tier 2,High,Supermarket Type1,0.112638,20.5,195.5478,3.3
Regular,FDD10,Snack Foods,2015.0,OUT045,Tier 2,High,Supermarket Type1,0.046114,20.6,178.2344,3.3
Regular,FDO52,Frozen Foods,2020.0,OUT017,Tier 2,High,Supermarket Type1,0.077601,11.6,171.0106,3.3
Regular,FDZ28,Frozen Foods,2020.0,OUT017,Tier 2,High,Supermarket Type1,0.051784,20.0,125.8678,3.3
Low Fat,NCE06,Household,2017.0,OUT035,Tier 2,Small,Supermarket Type1,0.091468,5.825,159.7894,3.3
Low Fat,NCN26,Household,2017.0,OUT035,Tier 2,Small,Supermarket Type1,0.028674,10.85,115.1808,3.3
Low Fat,DRG36,Soft Drinks,2017.0,OUT035,Tier 2,Small,Supermarket Type1,0.09536,14.15,172.3106,3.3
Low Fat,FDX23,Baking Goods,2017.0,OUT035,Tier 2,Small,Supermarket Type1,0.029686,6.445,96.4436,3.3
Low Fat,FDZ56,Fruits and Vegetables,2017.0,OUT035,Tier 2,Small,Supermarket Type1,0.025732,16.25,166.4474,3.3
Low Fat,FDL20,Fruits and Vegetables,2017.0,OUT035,Tier 2,Small,Supermarket Type1,0.12839,17.1,111.9886,3.3
Low Fat,NCU54,Household,2017.0,OUT035,Tier 2,Small,Supermarket Type1,0.098604,8.88,210.727,3.3
Low Fat,NCO18,Household,2017.0,OUT035,Tier 2,Small,Supermarket Type1,0.024647,13.15,177.4686,3.3
Low Fat,NCI42,Household,2017.0,OUT035,Tier 2,Small,Supermarket Type1,0.010364,18.75,207.1954,3.3
Low Fat,FDD34,Snack Foods,2017.0,OUT035,Tier 2,Small,Supermarket Type1,0.015873,7.945,161.321,3.3
Regular,FDL48,Baking Goods,2017.0,OUT035,Tier 2,Small,Supermarket Type1,0.082251,19.35,48.7034,3.3
Regular,FDR44,Fruits and Vegetables,2017.0,OUT035,Tier 2,Small,Supermarket Type1,0.102901,6.11,128.4968,3.3
Low Fat,NCE06,Household,2011.0,OUT010,Tier 3,Medium,Grocery Store,0.153128,5.825,162.4894,3.3
Low Fat,FDD36,Baking Goods,2011.0,OUT010,Tier 3,Medium,Grocery Store,0.035608,13.3,119.9124,3.3
Low Fat,NCY18,Household,2011.0,OUT010,Tier 3,Medium,Grocery Store,0.052141,7.285,174.9054,3.3
Low Fat,FDG31,Meat,2011.0,OUT010,Tier 3,High,Grocery Store,0.063431,12.15,65.4826,3.3
Low Fat,FDT46,Snack Foods,2011.0,OUT010,Tier 3,High,Grocery Store,0.051565,11.35,49.0008,3.3
Low Fat,DRC25,Soft Drinks,2011.0,OUT010,Tier 3,High,Grocery Store,0.075943,5.73,85.5882,3.3
Low Fat,DRI25,Soft Drinks,2011.0,OUT010,Tier 3,High,Grocery Store,0.056744,19.6,55.6614,3.3
Low Fat,FDI44,Fruits and Vegetables,2014.0,OUT013,Tier 3,High,Supermarket Type1,0.100149,16.1,78.4328,3.3
Low Fat,FDA36,Baking Goods,2014.0,OUT013,Tier 3,High,Supermarket Type1,0.005662,5.985,186.5924,3.3
Low Fat,FDS47,Breads,2014.0,OUT013,Tier 3,High,Supermarket Type1,0.128778,16.75,89.1856,3.3
Low Fat,FDJ41,Frozen Foods,2014.0,OUT013,Tier 3,High,Supermarket Type1,0.022864,6.85,260.0594,3.3
Low Fat,FDN15,Meat,2014.0,OUT013,Tier 3,High,Supermarket Type1,0.01672,17.5,139.918,3.3
Low Fat,NCL31,Others,2014.0,OUT013,Tier 3,High,Supermarket Type1,0.120181,7.39,141.447,3.3
Low Fat,NCN07,Others,2014.0,OUT013,Tier 3,High,Supermarket Type1,0.033916,18.5,130.9284,3.3
Low Fat,FDL22,Snack Foods,2014.0,OUT013,Tier 3,High,Supermarket Type1,0.03636,16.85,90.7488,3.3
Regular,FDX27,Dairy,2014.0,OUT013,Tier 3,High,Supermarket Type1,0.114022,20.7,92.9436,3.3
Regular,FDE28,Frozen Foods,2014.0,OUT013,Tier 3,High,Supermarket Type1,0.0,9.5,231.3668,3.3
Regular,FDB56,Fruits and Vegetables,2014.0,OUT013,Tier 3,High,Supermarket Type1,0.074565,8.75,186.8556,3.3
Regular,FDM27,Meat,2014.0,OUT013,Tier 3,High,Supermarket Type1,0.158337,12.35,157.9946,3.3
Low Fat,FDQ21,Snack Foods,2014.0,OUT013,Tier 3,High,Supermarket Type1,0.019407,21.25,119.3756,3.3
Regular,FDU21,Snack Foods,2014.0,OUT013,Tier 3,High,Supermarket Type1,0.076657,11.8,32.3558,3.3
Low Fat,FDP23,Breads,2022.0,OUT018,Tier 3,Medium,Supermarket Type2,0.035732,6.71,218.3166,3.3
Low Fat,FDJ16,Frozen Foods,2022.0,OUT018,Tier 3,Medium,Supermarket Type2,0.115354,9.195,58.9246,3.3
Low Fat,NCF31,Household,2022.0,OUT018,Tier 3,Medium,Supermarket Type2,0.052059,9.13,150.6024,3.3
Low Fat,NCB55,Household,2022.0,OUT018,Tier 3,Medium,Supermarket Type2,0.161317,15.7,57.5562,3.3
Low Fat,FDB10,Snack Foods,2022.0,OUT018,Tier 3,Medium,Supermarket Type2,0.067482,10.0,234.859,3.3
Low Fat,FDY10,Snack Foods,2022.0,OUT018,Tier 3,Medium,Supermarket Type2,0.049268,17.6,113.0176,3.3
Regular,FDZ25,Canned,2022.0,OUT018,Tier 3,Medium,Supermarket Type2,0.02773,15.7,169.379,3.3
Regular,FDH53,Frozen Foods,2022.0,OUT018,Tier 3,Medium,Supermarket Type2,0.019278,20.5,82.8592,3.3
Regular,FDO45,Snack Foods,2022.0,OUT018,Tier 3,Medium,Supermarket Type2,0.038107,13.15,86.3856,3.3
Regular,FDC34,Snack Foods,2022.0,OUT018,Tier 3,Medium,Supermarket Type2,0.173463,16.0,157.6972,3.3
Regular,FDC59,Starchy Foods,2022.0,OUT018,Tier 3,Medium,Supermarket Type2,0.054851,16.7,64.4168,3.3
Low Fat,DRI03,Dairy,2018.0,OUT027,Tier 3,Medium,Supermarket Type3,0.0,12.6,175.3028,3.3
Low Fat,FDZ40,Frozen Foods,2018.0,OUT027,Tier 3,Medium,Supermarket Type3,0.039988,12.6,55.7298,3.3
Low Fat,NCZ17,Health and Hygiene,2018.0,OUT027,Tier 3,Medium,Supermarket Type3,0.079047,12.6,39.8506,3.3
Low Fat,NCZ53,Health and Hygiene,2018.0,OUT027,Tier 3,Medium,Supermarket Type3,0.024359,12.6,190.4214,3.3
Regular,FDI50,Canned,2018.0,OUT027,Tier 3,Medium,Supermarket Type3,0.030693,12.6,228.0352,3.3
Regular,FDZ26,Dairy,2018.0,OUT027,Tier 3,Medium,Supermarket Type3,0.14332,12.6,237.5222,3.3
Regular,FDT27,Meat,2018.0,OUT027,Tier 3,Medium,Supermarket Type3,0.06925,12.6,232.9616,3.3
Regular,FDW15,Meat,2018.0,OUT027,Tier 3,Medium,Supermarket Type3,0.054847,12.6,147.3734,3.3
Low Fat,NCI17,Health and Hygiene,2014.0,OUT013,Tier 3,High,Supermarket Type1,0.143303,8.645,96.341,3.2
Low Fat,FDA44,Fruits and Vegetables,2020.0,OUT017,Tier 2,Medium,Supermarket Type1,0.053524,19.7,55.393,3.2
Low Fat,NCF42,Household,2017.0,OUT035,Tier 2,Small,Supermarket Type1,0.167351,17.35,176.0712,3.2
Regular,FDX35,Breads,2014.0,OUT013,Tier 3,High,Supermarket Type1,0.079844,5.035,226.3036,3.2
Low Fat,NCC43,Household,2020.0,OUT017,Tier 2,Medium,Supermarket Type1,0.093308,7.39,250.9066,3.2
Low Fat,FDU25,Canned,2012.0,OUT049,Tier 1,Medium,Supermarket Type1,0.026723,12.35,59.2246,3.2
Low Fat,NCR18,Household,2012.0,OUT049,Tier 1,Medium,Supermarket Type1,0.020519,15.85,42.5112,3.2
Low Fat,NCF30,Household,2012.0,OUT049,Tier 1,Medium,Supermarket Type1,0.12644,17.0,125.2362,3.2
Low Fat,DRF60,Soft Drinks,2012.0,OUT049,Tier 1,Medium,Supermarket Type1,0.05215,10.8,239.9564,3.2
Regular,FDJ38,Canned,2012.0,OUT049,Tier 1,Medium,Supermarket Type1,0.040268,8.6,191.453,3.2
Regular,FDB29,Frozen Foods,2012.0,OUT049,Tier 1,Medium,Supermarket Type1,0.052493,16.7,113.9176,3.2
Regular,FDN34,Snack Foods,2012.0,OUT049,Tier 1,Medium,Supermarket Type1,0.045835,15.6,168.2132,3.2
Regular,FDR22,Snack Foods,2012.0,OUT049,Tier 1,Medium,Supermarket Type1,0.018591,19.35,112.9544,3.2
Low Fat,FDV32,Fruits and Vegetables,2018.0,OUT019,Tier 1,Small,Grocery Store,0.155317,12.6,64.151,3.2
Regular,FDA02,Dairy,2018.0,OUT019,Tier 1,Small,Grocery Store,0.052041,12.6,143.1786,3.2
Regular,FDS33,Snack Foods,2018.0,OUT019,Tier 1,Small,Grocery Store,0.216108,12.6,86.8514,3.2
Low Fat,FDN57,Snack Foods,2016.0,OUT046,Tier 1,Small,Supermarket Type1,0.054234,18.25,142.0154,3.2
Regular,FDU15,Meat,2016.0,OUT046,Tier 1,Small,Supermarket Type1,0.026602,13.65,35.1532,3.2
Low Fat,FDQ13,Canned,2015.0,OUT045,Tier 2,Medium,Supermarket Type1,0.010663,11.1,82.3908,3.2
Low Fat,NCQ05,Health and Hygiene,2015.0,OUT045,Tier 2,Small,Supermarket Type1,0.02165,11.395,150.8708,3.2
Low Fat,DRI49,Soft Drinks,2015.0,OUT045,Tier 2,Small,Supermarket Type1,0.183879,14.15,82.9276,3.2
Low Fat,FDF52,Frozen Foods,2020.0,OUT017,Tier 2,Small,Supermarket Type1,0.0,9.3,182.9292,3.2
Low Fat,FDS43,Fruits and Vegetables,2020.0,OUT017,Tier 2,Small,Supermarket Type1,0.040744,11.65,185.924,3.2
Low Fat,NCP14,Household,2020.0,OUT017,Tier 2,Small,Supermarket Type1,0.110914,8.275,106.3306,3.2
Low Fat,FDG47,Starchy Foods,2020.0,OUT017,Tier 2,High,Supermarket Type1,0.070013,12.8,262.8252,3.2
Regular,FDC16,Dairy,2015.0,OUT045,Tier 2,High,Supermarket Type1,0.020612,11.5,84.954,3.2
Regular,FDM57,Snack Foods,2015.0,OUT045,Tier 2,High,Supermarket Type1,0.076003,11.65,83.4908,3.2
Regular,FDA01,Canned,2020.0,OUT017,Tier 2,High,Supermarket Type1,0.054686,15.0,60.2904,3.2
Regular,FDG22,Snack Foods,2020.0,OUT017,Tier 2,Medium,Supermarket Type1,0.041615,17.6,37.219,3.2
Low Fat,FDP60,Baking Goods,2017.0,OUT035,Tier 2,Small,Supermarket Type1,0.055908,17.35,99.8016,3.2
Low Fat,FDX26,Dairy,2017.0,OUT035,Tier 2,Small,Supermarket Type1,0.087792,17.7,180.6292,3.2
Low Fat,FDT28,Frozen Foods,2017.0,OUT035,Tier 2,Small,Supermarket Type1,0.063554,13.3,149.4708,3.2
Low Fat,DRM23,Hard Drinks,2017.0,OUT035,Tier 2,Small,Supermarket Type1,0.135708,16.6,170.6422,3.2
Low Fat,FDK33,Snack Foods,2017.0,OUT035,Tier 2,Small,Supermarket Type1,0.011233,17.85,211.556,3.2
Regular,FDP44,Fruits and Vegetables,2017.0,OUT035,Tier 2,Small,Supermarket Type1,0.079699,16.5,100.6332,3.2
Low Fat,FDU38,Dairy,2011.0,OUT010,Tier 3,Medium,Grocery Store,0.138172,10.8,191.4504,3.2
Low Fat,FDU14,Dairy,2011.0,OUT010,Tier 3,Medium,Grocery Store,0.058169,17.75,249.575,3.2
Low Fat,NCB18,Household,2011.0,OUT010,Tier 3,High,Grocery Store,0.069113,19.6,90.1514,3.2
Low Fat,FDL33,Snack Foods,2011.0,OUT010,Tier 3,High,Grocery Store,0.167317,7.235,197.5452,3.2
Regular,FDQ31,Fruits and Vegetables,2011.0,OUT010,Tier 3,High,Grocery Store,0.090129,5.785,89.8856,3.2
Low Fat,NCT17,Health and Hygiene,2014.0,OUT013,Tier 3,High,Supermarket Type1,0.041831,10.8,186.6214,3.2
Low Fat,DRE27,Dairy,2014.0,OUT013,Tier 3,High,Supermarket Type1,0.13256,11.85,97.2726,3.2
Low Fat,NCZ29,Health and Hygiene,2014.0,OUT013,Tier 3,High,Supermarket Type1,0.071312,15.0,125.7362,3.2
Regular,FDB36,Baking Goods,2014.0,OUT013,Tier 3,High,Supermarket Type1,0.048487,5.465,131.2626,3.2
Low Fat,FDU02,Dairy,2014.0,OUT013,Tier 3,High,Supermarket Type1,0.102426,13.35,230.6352,3.2
Low Fat,NCW17,Health and Hygiene,2022.0,OUT018,Tier 3,Medium,Supermarket Type2,0.019465,18.0,128.6994,3.2
Low Fat,NCQ54,Household,2022.0,OUT018,Tier 3,Medium,Supermarket Type2,0.012593,17.7,167.6474,3.2
Regular,FDX32,Fruits and Vegetables,2022.0,OUT018,Tier 3,Medium,Supermarket Type2,0.100265,15.1,142.5786,3.2
Low Fat,FDW48,Baking Goods,2018.0,OUT027,Tier 3,Medium,Supermarket Type3,0.008499,12.6,81.3618,3.2
Low Fat,FDO23,Breads,2018.0,OUT027,Tier 3,Medium,Supermarket Type3,0.145718,12.6,94.3436,3.2
Low Fat,FDY55,Fruits and Vegetables,2018.0,OUT027,Tier 3,Medium,Supermarket Type3,0.0,12.6,255.7988,3.2
Regular,FDZ23,Baking Goods,2018.0,OUT027,Tier 3,Medium,Supermarket Type3,0.067176,12.6,187.124,3.2
Regular,FDB04,Dairy,2018.0,OUT027,Tier 3,Medium,Supermarket Type3,0.06292,12.6,88.9856,3.2
Regular,FDJ55,Meat,2018.0,OUT027,Tier 3,Medium,Supermarket Type3,0.023417,12.6,223.8404,3.2
Regular,FDI10,Snack Foods,2018.0,OUT027,Tier 3,Medium,Supermarket Type3,0.078025,12.6,171.4422,3.2
Regular,FDQ28,Frozen Foods,2014.0,OUT013,Tier 3,High,Supermarket Type1,0.060377,14.0,154.5656,3.1
Low Fat,DRH03,Dairy,2018.0,OUT019,Tier 1,Small,Grocery Store,0.061393,12.6,91.812,3.1
Low Fat,DRK37,Soft Drinks,2016.0,OUT046,Tier 1,Small,Supermarket Type1,0.044005,5.0,188.853,3.1
Regular,FDS58,Snack Foods,2014.0,OUT013,Tier 3,High,Supermarket Type1,0.020989,9.285,158.6578,3.1
Regular,FDS28,Frozen Foods,2012.0,OUT049,Tier 1,Medium,Supermarket Type1,0.08253,8.18,56.9588,3.1
Low Fat,FDD50,Canned,2012.0,OUT049,Tier 1,Medium,Supermarket Type1,0.141862,18.85,171.0132,3.1
Low Fat,FDT31,Fruits and Vegetables,2012.0,OUT049,Tier 1,Medium,Supermarket Type1,0.012468,19.75,188.1872,3.1
Low Fat,NCK29,Health and Hygiene,2012.0,OUT049,Tier 1,Medium,Supermarket Type1,0.125965,5.615,124.773,3.1
Low Fat,NCA41,Health and Hygiene,2012.0,OUT049,Tier 1,Medium,Supermarket Type1,0.032637,16.75,191.6162,3.1
Low Fat,NCQ30,Household,2012.0,OUT049,Tier 1,Medium,Supermarket Type1,0.029117,7.725,123.0414,3.1
Low Fat,NCU42,Household,2012.0,OUT049,Tier 1,Medium,Supermarket Type1,0.019537,9.0,170.0474,3.1
Low Fat,NCN43,Others,2012.0,OUT049,Tier 1,Medium,Supermarket Type1,0.00677,12.15,124.473,3.1
Regular,FDY49,Canned,2012.0,OUT049,Tier 1,Medium,Supermarket Type1,0.012031,17.2,166.6184,3.1
Regular,FDJ44,Fruits and Vegetables,2012.0,OUT049,Tier 1,Medium,Supermarket Type1,0.106493,12.3,176.3396,3.1
Regular,FDZ21,Snack Foods,2012.0,OUT049,Tier 1,Medium,Supermarket Type1,0.039283,17.6,94.641,3.1
Low Fat,NCV54,Household,2018.0,OUT019,Tier 1,Small,Grocery Store,0.057969,12.6,119.3124,3.1
Low Fat,FDZ33,Snack Foods,2018.0,OUT019,Tier 1,Small,Grocery Store,0.188038,12.6,146.4076,3.1
Low Fat,FDY59,Baking Goods,2016.0,OUT046,Tier 1,Small,Supermarket Type1,0.031403,8.195,93.8462,3.1
Regular,FDM24,Baking Goods,2016.0,OUT046,Tier 1,Small,Supermarket Type1,0.079327,6.135,152.8366,3.1
Regular,FDH44,Fruits and Vegetables,2016.0,OUT046,Tier 1,Small,Supermarket Type1,0.025872,19.1,145.7418,3.1
Low Fat,FDX50,Dairy,2015.0,OUT045,Tier 2,Medium,Supermarket Type1,0.074779,20.1,110.7228,3.1
Low Fat,FDW47,Breads,2015.0,OUT045,Tier 2,Medium,Supermarket Type1,0.046469,15.0,123.8414,3.1
Low Fat,NCA29,Household,2020.0,OUT017,Tier 2,Small,Supermarket Type1,0.027431,10.5,171.1106,3.1
Low Fat,FDL43,Meat,2020.0,OUT017,Tier 2,High,Supermarket Type1,0.027217,10.1,76.067,3.1
Regular,FDE17,Frozen Foods,2020.0,OUT017,Tier 2,High,Supermarket Type1,0.054764,20.1,150.9366,3.1
Regular,FDF45,Fruits and Vegetables,2020.0,OUT017,Tier 2,Medium,Supermarket Type1,0.012274,18.2,60.0904,3.1
Regular,FDG14,Canned,2015.0,OUT045,Tier 2,Medium,Supermarket Type1,0.050603,9.0,150.9024,3.1
Low Fat,FDT40,Frozen Foods,2017.0,OUT035,Tier 2,Small,Supermarket Type1,0.0,5.985,125.2678,3.1
Low Fat,DRM47,Hard Drinks,2017.0,OUT035,Tier 2,Small,Supermarket Type1,0.043777,9.3,192.9846,3.1
Low Fat,NCH29,Health and Hygiene,2017.0,OUT035,Tier 2,Small,Supermarket Type1,0.034467,5.51,96.7726,3.1
Low Fat,NCZ42,Household,2017.0,OUT035,Tier 2,Small,Supermarket Type1,0.011286,10.5,235.8248,3.1
Regular,FDC59,Starchy Foods,2017.0,OUT035,Tier 2,Small,Supermarket Type1,0.054619,16.7,65.5168,3.1
Low Fat,FDC26,Canned,2011.0,OUT010,Tier 3,Medium,Grocery Store,0.211539,10.195,110.9886,3.1
Regular,FDD38,Canned,2011.0,OUT010,Tier 3,High,Grocery Store,0.013711,16.75,100.2674,3.1
Low Fat,NCI43,Household,2014.0,OUT013,Tier 3,High,Supermarket Type1,0.025947,19.85,46.9376,3.1
Low Fat,NCP53,Health and Hygiene,2022.0,OUT018,Tier 3,Medium,Supermarket Type2,0.033024,14.75,236.6906,3.1
Low Fat,NCQ41,Health and Hygiene,2022.0,OUT018,Tier 3,Medium,Supermarket Type2,0.01956,14.8,193.7794,3.1
Low Fat,NCO54,Household,2022.0,OUT018,Tier 3,Medium,Supermarket Type2,0.014332,19.5,57.1614,3.1
Low Fat,FDQ46,Snack Foods,2022.0,OUT018,Tier 3,Medium,Supermarket Type2,0.104236,7.51,111.7544,3.1
Low Fat,FDK46,Snack Foods,2022.0,OUT018,Tier 3,Medium,Supermarket Type2,0.051677,9.6,258.062,3.1
Low Fat,DRL60,Soft Drinks,2022.0,OUT018,Tier 3,Medium,Supermarket Type2,0.02717,8.52,151.0682,3.1
Regular,FDL25,Breakfast,2022.0,OUT018,Tier 3,Medium,Supermarket Type2,0.131458,6.92,90.5804,3.1
Regular,FDC29,Frozen Foods,2022.0,OUT018,Tier 3,Medium,Supermarket Type2,0.024304,8.39,114.0176,3.1
Low Fat,FDA50,Dairy,2018.0,OUT027,Tier 3,Medium,Supermarket Type3,0.086753,12.6,98.141,3.1
Low Fat,FDL10,Snack Foods,2018.0,OUT027,Tier 3,Medium,Supermarket Type3,0.039301,12.6,99.5042,3.1
Regular,FDZ25,Canned,2018.0,OUT027,Tier 3,Medium,Supermarket Type3,0.027483,12.6,169.379,3.1
Regular,FDS32,Fruits and Vegetables,2018.0,OUT027,Tier 3,Medium,Supermarket Type3,0.02951,12.6,141.9838,3.1
Regular,FDR15,Meat,2018.0,OUT027,Tier 3,Medium,Supermarket Type3,0.033276,12.6,153.8314,3.1
Regular,FDW22,Snack Foods,2018.0,OUT027,Tier 3,Medium,Supermarket Type3,0.030144,12.6,222.0114,3.1
Regular,FDS02,Dairy,2018.0,OUT019,Tier 1,Small,Grocery Store,0.255395,12.6,196.8794,3.0
Regular,FDC29,Frozen Foods,2016.0,OUT046,Tier 1,Small,Supermarket Type1,0.024206,8.39,114.0176,3.0
Regular,FDJ38,Canned,2017.0,OUT035,Tier 2,Small,Supermarket Type1,0.040198,8.6,190.153,3.0
Low Fat,FDK44,Fruits and Vegetables,2020.0,OUT017,Tier 2,Small,Supermarket Type1,0.122919,16.6,173.0738,3.0
Low Fat,DRF27,Dairy,2018.0,OUT019,Tier 1,Small,Grocery Store,0.049755,12.6,152.134,3.0
Regular,FDZ32,Fruits and Vegetables,2022.0,OUT018,Tier 3,Medium,Supermarket Type2,0.038288,7.785,103.1964,3.0
Low Fat,DRE60,Soft Drinks,2015.0,OUT045,Tier 2,Small,Supermarket Type1,0.159658,9.395,224.972,3.0
Low Fat,FDB17,Frozen Foods,2015.0,OUT045,Tier 2,Small,Supermarket Type1,0.036746,13.15,181.2976,3.0
Low Fat,FDX14,Dairy,2018.0,OUT019,Tier 1,Small,Grocery Store,0.13121,12.6,74.0354,3.0
Low Fat,FDU52,Frozen Foods,2015.0,OUT045,Tier 2,Medium,Supermarket Type1,0.0639,7.56,157.263,3.0
Low Fat,FDZ22,Snack Foods,2018.0,OUT027,Tier 3,Medium,Supermarket Type3,0.045051,12.6,84.925,3.0
Low Fat,NCQ50,Household,2020.0,OUT017,Tier 2,Medium,Supermarket Type1,0.034501,18.75,211.7218,3.0
Regular,FDG38,Canned,2014.0,OUT013,Tier 3,High,Supermarket Type1,0.052685,8.975,83.3224,3.0
Low Fat,FDK15,Meat,2012.0,OUT049,Tier 1,Medium,Supermarket Type1,0.098567,10.8,98.3042,3.0
Low Fat,NCL19,Others,2014.0,OUT013,Tier 3,High,Supermarket Type1,0.015663,15.35,143.947,3.0
Regular,FDO10,Snack Foods,2015.0,OUT045,Tier 2,Medium,Supermarket Type1,0.0,13.65,55.8588,3.0
Low Fat,DRK35,Hard Drinks,2017.0,OUT035,Tier 2,Small,Supermarket Type1,0.071833,8.365,36.1506,3.0
Low Fat,FDN21,Snack Foods,2018.0,OUT027,Tier 3,Medium,Supermarket Type3,0.076483,12.6,163.1236,3.0
Low Fat,FDB34,Snack Foods,2022.0,OUT018,Tier 3,Medium,Supermarket Type2,0.026718,15.25,85.2198,3.0
Low Fat,FDA45,Snack Foods,2018.0,OUT027,Tier 3,Medium,Supermarket Type3,0.154627,12.6,177.637,3.0
Low Fat,FDT49,Canned,2020.0,OUT017,Tier 2,Medium,Supermarket Type1,0.152262,7.0,105.728,3.0
Low Fat,FDC26,Canned,2022.0,OUT018,Tier 3,Medium,Supermarket Type2,0.126898,10.195,110.6886,3.0
Low Fat,FDI26,Canned,2012.0,OUT049,Tier 1,Medium,Supermarket Type1,0.034941,5.94,177.3344,3.0
Low Fat,FDI15,Dairy,2012.0,OUT049,Tier 1,Medium,Supermarket Type1,0.0,13.8,263.7884,3.0
Low Fat,FDA14,Dairy,2012.0,OUT049,Tier 1,Medium,Supermarket Type1,0.065285,16.1,145.076,3.0
Low Fat,FDG53,Frozen Foods,2012.0,OUT049,Tier 1,Medium,Supermarket Type1,0.045928,10.0,138.118,3.0
Low Fat,FDS40,Frozen Foods,2012.0,OUT049,Tier 1,Medium,Supermarket Type1,0.014041,15.35,38.419,3.0
Low Fat,FDP32,Fruits and Vegetables,2012.0,OUT049,Tier 1,Medium,Supermarket Type1,0.087806,6.65,126.7678,3.0
Low Fat,FDS55,Fruits and Vegetables,2012.0,OUT049,Tier 1,Medium,Supermarket Type1,0.08129,7.02,147.3734,3.0
Low Fat,NCC42,Health and Hygiene,2012.0,OUT049,Tier 1,Medium,Supermarket Type1,0.044978,15.0,140.8838,3.0
Low Fat,NCX41,Health and Hygiene,2012.0,OUT049,Tier 1,Medium,Supermarket Type1,0.017747,19.0,210.8244,3.0
Low Fat,FDP39,Meat,2012.0,OUT049,Tier 1,Medium,Supermarket Type1,0.069533,12.65,51.8324,3.0
Low Fat,FDR33,Snack Foods,2012.0,OUT049,Tier 1,Medium,Supermarket Type1,0.026831,7.31,108.057,3.0
Regular,FDI60,Baking Goods,2012.0,OUT049,Tier 1,Medium,Supermarket Type1,0.038381,7.22,62.351,3.0
Regular,FDH60,Baking Goods,2012.0,OUT049,Tier 1,Medium,Supermarket Type1,0.0,19.7,194.411,3.0
Regular,FDY01,Canned,2012.0,OUT049,Tier 1,Medium,Supermarket Type1,0.170548,11.8,113.8834,3.0
Regular,FDS02,Dairy,2012.0,OUT049,Tier 1,Medium,Supermarket Type1,0.146094,10.195,196.1794,3.0
Regular,FDS15,Meat,2012.0,OUT049,Tier 1,Medium,Supermarket Type1,0.078182,9.195,106.7596,3.0
Regular,FDT15,Meat,2012.0,OUT049,Tier 1,Medium,Supermarket Type1,0.042748,12.15,183.695,3.0
Regular,FDY34,Snack Foods,2012.0,OUT049,Tier 1,Medium,Supermarket Type1,0.010999,10.5,164.3842,3.0
Regular,FDU45,Snack Foods,2012.0,OUT049,Tier 1,Medium,Supermarket Type1,0.035561,15.6,112.1518,3.0
Regular,FDS34,Snack Foods,2012.0,OUT049,Tier 1,Medium,Supermarket Type1,0.076878,19.35,113.9518,3.0
Low Fat,FDS12,Baking Goods,2018.0,OUT019,Tier 1,Small,Grocery Store,0.304859,12.6,125.4362,3.0
Low Fat,FDN13,Breakfast,2018.0,OUT019,Tier 1,Small,Grocery Store,0.266234,12.6,98.5358,3.0
Low Fat,FDQ13,Canned,2018.0,OUT019,Tier 1,Small,Grocery Store,0.018632,12.6,82.9908,3.0
Low Fat,FDW13,Canned,2018.0,OUT019,Tier 1,Small,Grocery Store,0.171384,12.6,50.5324,3.0
Low Fat,FDC04,Dairy,2018.0,OUT019,Tier 1,Small,Grocery Store,0.078764,12.6,241.3854,3.0
Low Fat,FDE45,Fruits and Vegetables,2018.0,OUT019,Tier 1,Small,Grocery Store,0.07066,12.6,180.4002,3.0
Regular,FDB41,Frozen Foods,2018.0,OUT019,Tier 1,Small,Grocery Store,0.170383,12.6,45.2718,3.0
Regular,FDZ16,Frozen Foods,2018.0,OUT019,Tier 1,Small,Grocery Store,0.279887,12.6,193.1478,3.0
Low Fat,DRH39,Dairy,2018.0,OUT019,Tier 1,Small,Grocery Store,0.0,12.6,75.967,3.0
Low Fat,DRG15,Dairy,2016.0,OUT046,Tier 1,Small,Supermarket Type1,0.076736,6.13,62.4536,3.0
Low Fat,DRK39,Dairy,2016.0,OUT046,Tier 1,Small,Supermarket Type1,0.049865,7.02,82.925,3.0
Low Fat,DRH15,Dairy,2016.0,OUT046,Tier 1,Small,Supermarket Type1,0.109911,8.775,41.9428,3.0
Low Fat,FDC56,Fruits and Vegetables,2016.0,OUT046,Tier 1,Small,Supermarket Type1,0.121521,7.72,118.244,3.0
Low Fat,FDD09,Fruits and Vegetables,2016.0,OUT046,Tier 1,Small,Supermarket Type1,0.021496,13.5,180.5976,3.0
Low Fat,DRF23,Hard Drinks,2016.0,OUT046,Tier 1,Small,Supermarket Type1,0.0,4.61,173.8396,3.0
Low Fat,DRJ59,Hard Drinks,2016.0,OUT046,Tier 1,Small,Supermarket Type1,0.019372,11.65,40.6164,3.0
Low Fat,NCY06,Household,2016.0,OUT046,Tier 1,Small,Supermarket Type1,0.061185,15.25,132.0968,3.0
Regular,FDY11,Baking Goods,2016.0,OUT046,Tier 1,Small,Supermarket Type1,0.02956,6.71,65.8142,3.0
Regular,FDZ49,Canned,2016.0,OUT046,Tier 1,Small,Supermarket Type1,0.133146,11.0,218.4798,3.0
Regular,FDA51,Dairy,2016.0,OUT046,Tier 1,Small,Supermarket Type1,0.16468,8.05,112.1518,3.0
Regular,FDT14,Dairy,2016.0,OUT046,Tier 1,Small,Supermarket Type1,0.127727,10.695,121.144,3.0
Regular,FDV16,Frozen Foods,2016.0,OUT046,Tier 1,Small,Supermarket Type1,0.082931,7.75,35.2558,3.0
Regular,FDR19,Fruits and Vegetables,2016.0,OUT046,Tier 1,Small,Supermarket Type1,0.159721,13.5,147.6102,3.0
Regular,FDQ27,Meat,2016.0,OUT046,Tier 1,Small,Supermarket Type1,0.044253,5.19,102.599,3.0
Regular,FDK58,Snack Foods,2016.0,OUT046,Tier 1,Small,Supermarket Type1,0.0,11.35,101.5016,3.0
Regular,FDG22,Snack Foods,2016.0,OUT046,Tier 1,Small,Supermarket Type1,0.041381,17.6,35.019,3.0
Low Fat,NCU54,Household,2015.0,OUT045,Tier 2,Medium,Supermarket Type1,0.098822,8.88,209.627,3.0
Low Fat,NCQ17,Health and Hygiene,2020.0,OUT017,Tier 2,Medium,Supermarket Type1,0.117594,10.3,154.463,3.0
Low Fat,FDF17,Frozen Foods,2015.0,OUT045,Tier 2,Medium,Supermarket Type1,0.042707,5.19,197.811,3.0
Low Fat,FDT43,Fruits and Vegetables,2015.0,OUT045,Tier 2,Medium,Supermarket Type1,0.02059,16.35,53.2324,3.0
Low Fat,NCN05,Health and Hygiene,2015.0,OUT045,Tier 2,Small,Supermarket Type1,0.014489,8.235,183.795,3.0
Low Fat,NCS30,Household,2015.0,OUT045,Tier 2,Small,Supermarket Type1,0.093215,5.945,129.1652,3.0
Low Fat,NCH30,Household,2015.0,OUT045,Tier 2,Small,Supermarket Type1,0.06729,17.1,114.586,3.0
Low Fat,FDF33,Seafood,2015.0,OUT045,Tier 2,Small,Supermarket Type1,0.021579,7.97,105.9596,3.0
Low Fat,FDQ09,Snack Foods,2015.0,OUT045,Tier 2,Small,Supermarket Type1,0.0,7.235,115.1834,3.0
Low Fat,FDW34,Snack Foods,2015.0,OUT045,Tier 2,Small,Supermarket Type1,0.035651,9.6,244.917,3.0
Low Fat,FDY45,Snack Foods,2015.0,OUT045,Tier 2,Small,Supermarket Type1,0.026195,17.5,252.6356,3.0
Low Fat,FDI26,Canned,2020.0,OUT017,Tier 2,Small,Supermarket Type1,0.035084,5.94,176.4344,3.0
Low Fat,FDX40,Frozen Foods,2020.0,OUT017,Tier 2,Small,Supermarket Type1,0.099553,12.85,40.0164,3.0
Low Fat,FDR08,Fruits and Vegetables,2020.0,OUT017,Tier 2,Small,Supermarket Type1,0.037836,18.7,111.1886,3.0
Low Fat,NCW53,Health and Hygiene,2020.0,OUT017,Tier 2,Small,Supermarket Type1,0.030668,18.35,193.4162,3.0
Low Fat,NCX30,Household,2020.0,OUT017,Tier 2,High,Supermarket Type1,0.026771,16.7,246.3776,3.0
Low Fat,FDU34,Snack Foods,2020.0,OUT017,Tier 2,High,Supermarket Type1,0.07562,18.25,123.8046,3.0
Low Fat,DRI37,Soft Drinks,2020.0,OUT017,Tier 2,High,Supermarket Type1,0.108206,15.85,58.3904,3.0
Regular,FDZ23,Baking Goods,2015.0,OUT045,Tier 2,High,Supermarket Type1,0.06764,17.75,187.624,3.0
Regular,FDV26,Dairy,2015.0,OUT045,Tier 2,High,Supermarket Type1,0.076315,20.25,196.7794,3.0
Regular,FDR52,Frozen Foods,2015.0,OUT045,Tier 2,High,Supermarket Type1,0.076199,12.65,191.3846,3.0
Regular,FDT07,Fruits and Vegetables,2015.0,OUT045,Tier 2,High,Supermarket Type1,0.077476,5.82,255.333,3.0
Regular,FDF44,Fruits and Vegetables,2015.0,OUT045,Tier 2,High,Supermarket Type1,0.059849,7.17,129.4968,3.0
Regular,FDR19,Fruits and Vegetables,2015.0,OUT045,Tier 2,High,Supermarket Type1,0.160045,13.5,145.4102,3.0
Regular,FDF57,Fruits and Vegetables,2015.0,OUT045,Tier 2,High,Supermarket Type1,0.058947,14.5,168.6448,3.0
Regular,FDI21,Snack Foods,2015.0,OUT045,Tier 2,High,Supermarket Type1,0.056718,5.59,62.9168,3.0
Regular,FDS58,Snack Foods,2015.0,OUT045,Tier 2,High,Supermarket Type1,0.021049,9.285,161.0578,3.0
Regular,FDX49,Canned,2020.0,OUT017,Tier 2,High,Supermarket Type1,0.102408,4.615,234.33,3.0
Regular,FDM02,Canned,2020.0,OUT017,Tier 2,High,Supermarket Type1,0.074152,12.5,88.6198,3.0
Regular,FDK03,Dairy,2020.0,OUT017,Tier 2,High,Supermarket Type1,0.074339,12.6,255.5356,3.0
Regular,FDG41,Frozen Foods,2020.0,OUT017,Tier 2,High,Supermarket Type1,0.076995,8.84,112.0228,3.0
Regular,FDW43,Fruits and Vegetables,2020.0,OUT017,Tier 2,Medium,Supermarket Type1,0.022552,20.1,226.6036,3.0
Regular,FDC10,Snack Foods,2020.0,OUT017,Tier 2,Medium,Supermarket Type1,0.07329,9.8,120.8098,3.0
Regular,DRB48,Soft Drinks,2020.0,OUT017,Tier 2,Medium,Supermarket Type1,0.024994,16.75,37.4822,3.0
Low Fat,DRF01,Soft Drinks,2017.0,OUT035,Tier 2,Small,Supermarket Type1,0.175047,5.655,146.9102,3.0
Low Fat,FDS48,Baking Goods,2017.0,OUT035,Tier 2,Small,Supermarket Type1,0.027774,15.15,152.3708,3.0
Low Fat,FDS23,Breads,2017.0,OUT035,Tier 2,Small,Supermarket Type1,0.140862,4.635,126.4994,3.0
Low Fat,FDV35,Breads,2017.0,OUT035,Tier 2,Small,Supermarket Type1,0.128182,19.5,156.1314,3.0
Low Fat,DRF27,Dairy,2017.0,OUT035,Tier 2,Small,Supermarket Type1,0.028412,8.93,152.334,3.0
Low Fat,FDV14,Dairy,2017.0,OUT035,Tier 2,Small,Supermarket Type1,0.044489,19.85,89.4856,3.0
Low Fat,FDQ20,Fruits and Vegetables,2017.0,OUT035,Tier 2,Small,Supermarket Type1,0.029779,8.325,39.3138,3.0
Low Fat,FDT43,Fruits and Vegetables,2017.0,OUT035,Tier 2,Small,Supermarket Type1,0.020544,16.35,49.9324,3.0
Low Fat,DRN35,Hard Drinks,2017.0,OUT035,Tier 2,Small,Supermarket Type1,0.070234,8.01,34.9532,3.0
Low Fat,NCF07,Household,2017.0,OUT035,Tier 2,Small,Supermarket Type1,0.032016,9.0,99.6016,3.0
Low Fat,FDL45,Snack Foods,2017.0,OUT035,Tier 2,Small,Supermarket Type1,0.037681,15.6,123.7704,3.0
Low Fat,FDL34,Snack Foods,2017.0,OUT035,Tier 2,Small,Supermarket Type1,0.040938,16.0,141.1496,3.0
Low Fat,FDR09,Snack Foods,2017.0,OUT035,Tier 2,Small,Supermarket Type1,0.07771,18.25,259.6962,3.0
Low Fat,DRN36,Soft Drinks,2017.0,OUT035,Tier 2,Small,Supermarket Type1,0.050168,15.2,95.3752,3.0
Regular,FDM50,Canned,2017.0,OUT035,Tier 2,Small,Supermarket Type1,0.030083,13.0,61.922,3.0
Regular,FDA26,Dairy,2017.0,OUT035,Tier 2,Small,Supermarket Type1,0.073906,7.855,218.4482,3.0
Regular,FDS04,Frozen Foods,2017.0,OUT035,Tier 2,Small,Supermarket Type1,0.146635,10.195,139.0838,3.0
Regular,FDS16,Frozen Foods,2017.0,OUT035,Tier 2,Small,Supermarket Type1,0.066164,15.15,147.376,3.0
Regular,FDB29,Frozen Foods,2017.0,OUT035,Tier 2,Small,Supermarket Type1,0.052402,16.7,115.1176,3.0
Regular,FDZ43,Fruits and Vegetables,2017.0,OUT035,Tier 2,Small,Supermarket Type1,0.057048,11.0,240.4512,3.0
Regular,FDE56,Fruits and Vegetables,2017.0,OUT035,Tier 2,Small,Supermarket Type1,0.159165,17.25,63.4194,3.0
Regular,FDU20,Fruits and Vegetables,2017.0,OUT035,Tier 2,Small,Supermarket Type1,0.021453,19.35,120.3098,3.0
Regular,FDD23,Starchy Foods,2017.0,OUT035,Tier 2,Small,Supermarket Type1,0.048676,9.5,187.7898,3.0
Low Fat,FDX24,Baking Goods,2017.0,OUT035,Tier 2,Small,Supermarket Type1,0.013926,8.355,93.0462,3.0
Regular,FDH44,Fruits and Vegetables,2017.0,OUT035,Tier 2,Small,Supermarket Type1,0.025867,19.1,147.6418,3.0
Low Fat,NCL53,Health and Hygiene,2011.0,OUT010,Tier 3,Medium,Grocery Store,0.06065,7.5,177.4028,3.0
Low Fat,FDU35,Breads,2011.0,OUT010,Tier 3,Medium,Grocery Store,0.13259,6.44,98.17,3.0
Low Fat,DRI01,Soft Drinks,2011.0,OUT010,Tier 3,High,Grocery Store,0.057667,7.97,172.1422,3.0
Regular,FDE05,Frozen Foods,2011.0,OUT010,Tier 3,High,Grocery Store,0.054321,10.895,146.2102,3.0
Low Fat,FDJ48,Baking Goods,2014.0,OUT013,Tier 3,High,Supermarket Type1,0.056388,11.3,245.4118,3.0
Low Fat,FDT49,Canned,2014.0,OUT013,Tier 3,High,Supermarket Type1,0.15128,7.0,107.028,3.0
Low Fat,FDA38,Dairy,2014.0,OUT013,Tier 3,High,Supermarket Type1,0.025459,5.44,241.2538,3.0
Low Fat,FDM20,Fruits and Vegetables,2014.0,OUT013,Tier 3,High,Supermarket Type1,0.038654,10.0,245.4144,3.0
Low Fat,NCF31,Household,2014.0,OUT013,Tier 3,High,Supermarket Type1,0.051804,9.13,150.2024,3.0
Low Fat,NCC06,Household,2014.0,OUT013,Tier 3,High,Supermarket Type1,0.026964,19.0,129.8336,3.0
Low Fat,NCB43,Household,2014.0,OUT013,Tier 3,High,Supermarket Type1,0.0,20.2,187.1898,3.0
Low Fat,FDB47,Snack Foods,2014.0,OUT013,Tier 3,High,Supermarket Type1,0.07137,8.8,209.1612,3.0
Low Fat,FDX58,Snack Foods,2014.0,OUT013,Tier 3,High,Supermarket Type1,0.043727,13.15,182.595,3.0
Regular,FDJ14,Canned,2014.0,OUT013,Tier 3,High,Supermarket Type1,0.050029,10.3,80.096,3.0
Regular,FDA40,Frozen Foods,2014.0,OUT013,Tier 3,High,Supermarket Type1,0.099189,16.0,88.9856,3.0
Regular,FDN46,Snack Foods,2014.0,OUT013,Tier 3,High,Supermarket Type1,0.144511,7.21,100.5332,3.0
Regular,FDG34,Snack Foods,2014.0,OUT013,Tier 3,High,Supermarket Type1,0.037539,11.5,106.9254,3.0
Regular,FDX57,Snack Foods,2014.0,OUT013,Tier 3,High,Supermarket Type1,0.0,17.25,95.2068,3.0
Low Fat,FDE29,Frozen Foods,2022.0,OUT018,Tier 3,Medium,Supermarket Type2,0.143712,8.905,60.2878,3.0
Low Fat,NCX05,Health and Hygiene,2022.0,OUT018,Tier 3,Medium,Supermarket Type2,0.097457,15.2,114.4492,3.0
Low Fat,FDF59,Starchy Foods,2022.0,OUT018,Tier 3,Medium,Supermarket Type2,0.071534,12.5,124.902,3.0
Low Fat,FDR35,Breads,2022.0,OUT018,Tier 3,Medium,Supermarket Type2,0.020782,12.5,198.3742,3.0
Low Fat,FDS52,Frozen Foods,2022.0,OUT018,Tier 3,Medium,Supermarket Type2,0.005497,8.89,102.8016,3.0
Low Fat,FDD05,Frozen Foods,2022.0,OUT018,Tier 3,Medium,Supermarket Type2,0.016679,19.35,119.3098,3.0
Low Fat,DRF23,Hard Drinks,2022.0,OUT018,Tier 3,Medium,Supermarket Type2,0.123152,4.61,175.2396,3.0
Low Fat,DRK59,Hard Drinks,2022.0,OUT018,Tier 3,Medium,Supermarket Type2,0.075757,8.895,233.8616,3.0
Low Fat,NCO29,Health and Hygiene,2022.0,OUT018,Tier 3,Medium,Supermarket Type2,0.032388,11.15,164.3526,3.0
Low Fat,NCM29,Health and Hygiene,2022.0,OUT018,Tier 3,Medium,Supermarket Type2,0.017714,11.5,132.9626,3.0
Low Fat,NCZ41,Health and Hygiene,2022.0,OUT018,Tier 3,Medium,Supermarket Type2,0.0,19.85,126.1704,3.0
Low Fat,NCS06,Household,2022.0,OUT018,Tier 3,Medium,Supermarket Type2,0.031866,7.935,261.291,3.0
Low Fat,NCF42,Household,2022.0,OUT018,Tier 3,Medium,Supermarket Type2,0.168065,17.35,176.2712,3.0
Low Fat,FDH58,Snack Foods,2022.0,OUT018,Tier 3,Medium,Supermarket Type2,0.0,12.3,116.4834,3.0
Low Fat,FDN57,Snack Foods,2022.0,OUT018,Tier 3,Medium,Supermarket Type2,0.054455,18.25,142.0154,3.0
Regular,FDQ48,Baking Goods,2022.0,OUT018,Tier 3,Medium,Supermarket Type2,0.034551,14.3,98.1726,3.0
Regular,FDF26,Canned,2022.0,OUT018,Tier 3,Medium,Supermarket Type2,0.046825,6.825,155.2018,3.0
Regular,FDX38,Dairy,2022.0,OUT018,Tier 3,Medium,Supermarket Type2,0.048403,10.5,48.2376,3.0
Regular,FDP52,Frozen Foods,2022.0,OUT018,Tier 3,Medium,Supermarket Type2,0.07098,18.7,229.501,3.0
Regular,FDK20,Fruits and Vegetables,2022.0,OUT018,Tier 3,Medium,Supermarket Type2,0.041727,12.6,122.0072,3.0
Regular,FDS44,Fruits and Vegetables,2022.0,OUT018,Tier 3,Medium,Supermarket Type2,0.15668,12.65,238.8538,3.0
Regular,FDD32,Fruits and Vegetables,2022.0,OUT018,Tier 3,Medium,Supermarket Type2,0.041099,17.7,80.9276,3.0
Regular,FDW51,Meat,2022.0,OUT018,Tier 3,Medium,Supermarket Type2,0.095045,6.155,213.456,3.0
Regular,FDP21,Snack Foods,2022.0,OUT018,Tier 3,Medium,Supermarket Type2,0.025846,7.42,188.9872,3.0
Low Fat,NCI17,Health and Hygiene,2022.0,OUT018,Tier 3,Medium,Supermarket Type2,0.144007,8.645,94.741,3.0
Low Fat,DRM59,Hard Drinks,2018.0,OUT027,Tier 3,Medium,Supermarket Type3,0.003575,12.6,154.6998,3.0
Low Fat,FDY59,Baking Goods,2018.0,OUT027,Tier 3,Medium,Supermarket Type3,0.031251,12.6,93.3462,3.0
Low Fat,FDR35,Breads,2018.0,OUT027,Tier 3,Medium,Supermarket Type3,0.020597,12.6,200.0742,3.0
Low Fat,FDD50,Canned,2018.0,OUT027,Tier 3,Medium,Supermarket Type3,0.140956,12.6,167.7132,3.0
Low Fat,FDZ38,Dairy,2018.0,OUT027,Tier 3,Medium,Supermarket Type3,0.007962,12.6,174.0422,3.0
Low Fat,FDB44,Fruits and Vegetables,2018.0,OUT027,Tier 3,Medium,Supermarket Type3,0.016877,12.6,210.0586,3.0
Low Fat,FDV55,Fruits and Vegetables,2018.0,OUT027,Tier 3,Medium,Supermarket Type3,0.054807,12.6,145.1444,3.0
Low Fat,DRN59,Hard Drinks,2018.0,OUT027,Tier 3,Medium,Supermarket Type3,0.063831,12.6,46.206,3.0
Low Fat,NCD30,Household,2018.0,OUT027,Tier 3,Medium,Supermarket Type3,0.0,12.6,98.1726,3.0
Low Fat,NCG30,Household,2018.0,OUT027,Tier 3,Medium,Supermarket Type3,0.111777,12.6,124.6046,3.0
Low Fat,NCP02,Household,2018.0,OUT027,Tier 3,Medium,Supermarket Type3,0.044592,12.6,59.6562,3.0
Low Fat,FDP27,Meat,2018.0,OUT027,Tier 3,Medium,Supermarket Type3,0.118872,12.6,188.353,3.0
Low Fat,FDK34,Snack Foods,2018.0,OUT027,Tier 3,Medium,Supermarket Type3,0.03834,12.6,240.1564,3.0
Low Fat,FDO58,Snack Foods,2018.0,OUT027,Tier 3,Medium,Supermarket Type3,0.039386,12.6,164.8526,3.0
Low Fat,FDX45,Snack Foods,2018.0,OUT027,Tier 3,Medium,Supermarket Type3,0.104348,12.6,156.263,3.0
Low Fat,DRN36,Soft Drinks,2018.0,OUT027,Tier 3,Medium,Supermarket Type3,0.049935,12.6,95.0752,3.0
Regular,FDP59,Breads,2018.0,OUT027,Tier 3,Medium,Supermarket Type3,0.056192,12.6,103.1648,3.0
Regular,FDQ26,Dairy,2018.0,OUT027,Tier 3,Medium,Supermarket Type3,0.067544,12.6,57.2562,3.0
Regular,FDP31,Fruits and Vegetables,2018.0,OUT027,Tier 3,Medium,Supermarket Type3,0.160723,12.6,65.7168,3.0
Regular,FDU19,Fruits and Vegetables,2018.0,OUT027,Tier 3,Medium,Supermarket Type3,0.046545,12.6,172.0422,3.0
Regular,FDB58,Snack Foods,2018.0,OUT027,Tier 3,Medium,Supermarket Type3,0.013431,12.6,143.7154,3.0
Regular,FDK10,Snack Foods,2018.0,OUT027,Tier 3,Medium,Supermarket Type3,0.040163,12.6,181.166,3.0
Low Fat,DRL11,Hard Drinks,2018.0,OUT027,Tier 3,Medium,Supermarket Type3,0.047786,12.6,156.5946,3.0
Low Fat,FDV38,Dairy,2011.0,OUT010,Tier 3,Small,Grocery Store,0.170349,19.25,55.7956,2.9
Low Fat,DRJ24,Soft Drinks,2014.0,OUT013,Tier 3,High,Supermarket Type1,0.113235,11.8,186.3924,2.9
Regular,FDQ31,Fruits and Vegetables,2012.0,OUT049,Tier 1,Medium,Supermarket Type1,0.053931,5.785,87.3856,2.9
Regular,FDC34,Snack Foods,2012.0,OUT049,Tier 1,Medium,Supermarket Type1,0.173028,16.0,155.2972,2.9
Low Fat,FDS13,Canned,2018.0,OUT019,Tier 1,Small,Grocery Store,0.217994,12.6,266.5884,2.9
Low Fat,DRF37,Soft Drinks,2018.0,OUT019,Tier 1,Small,Grocery Store,0.0,12.6,261.291,2.9
Low Fat,FDD04,Dairy,2016.0,OUT046,Tier 1,Small,Supermarket Type1,0.089971,16.0,143.2154,2.9
Low Fat,DRF13,Soft Drinks,2016.0,OUT046,Tier 1,Small,Supermarket Type1,0.029781,12.1,146.9444,2.9
Low Fat,DRM48,Soft Drinks,2016.0,OUT046,Tier 1,Small,Supermarket Type1,0.112897,15.2,36.0848,2.9
Low Fat,DRM35,Hard Drinks,2015.0,OUT045,Tier 2,Medium,Supermarket Type1,0.070587,9.695,176.9344,2.9
Low Fat,NCS38,Household,2015.0,OUT045,Tier 2,Small,Supermarket Type1,0.090374,8.6,114.3176,2.9
Low Fat,DRG37,Soft Drinks,2015.0,OUT045,Tier 2,Small,Supermarket Type1,0.019418,16.2,153.7972,2.9
Regular,FDN56,Fruits and Vegetables,2020.0,OUT017,Tier 2,High,Supermarket Type1,0.107663,5.46,143.8786,2.9
Regular,FDY57,Snack Foods,2020.0,OUT017,Tier 2,Medium,Supermarket Type1,0.12194,20.2,95.3752,2.9
Low Fat,FDB27,Dairy,2017.0,OUT035,Tier 2,Small,Supermarket Type1,0.05538,7.575,198.1768,2.9
Regular,FDT32,Fruits and Vegetables,2017.0,OUT035,Tier 2,Small,Supermarket Type1,0.065622,19.0,186.5214,2.9
Low Fat,FDR21,Snack Foods,2014.0,OUT013,Tier 3,High,Supermarket Type1,0.06688,19.7,174.437,2.9
Low Fat,FDD04,Dairy,2014.0,OUT013,Tier 3,High,Supermarket Type1,0.089896,16.0,143.4154,2.9
Low Fat,DRL23,Hard Drinks,2014.0,OUT013,Tier 3,High,Supermarket Type1,0.015292,18.35,106.1938,2.9
Regular,FDE05,Frozen Foods,2014.0,OUT013,Tier 3,High,Supermarket Type1,0.032427,10.895,147.7102,2.9
Low Fat,NCF19,Household,2022.0,OUT018,Tier 3,Medium,Supermarket Type2,0.035252,13.0,48.0034,2.9
Regular,FDO39,Meat,2022.0,OUT018,Tier 3,Medium,Supermarket Type2,0.137926,6.985,184.7608,2.9
Low Fat,FDC50,Canned,2018.0,OUT027,Tier 3,Medium,Supermarket Type3,0.135837,12.6,93.8094,2.9
Low Fat,FDI46,Snack Foods,2018.0,OUT027,Tier 3,Medium,Supermarket Type3,0.073985,12.6,252.5724,2.9
Low Fat,NCR18,Household,2020.0,OUT017,Tier 2,Small,Supermarket Type1,0.020604,15.85,42.7112,2.8
Low Fat,DRD13,Soft Drinks,2020.0,OUT017,Tier 2,Small,Supermarket Type1,0.049357,15.0,62.6168,2.8
Low Fat,FDI35,Starchy Foods,2016.0,OUT046,Tier 1,Small,Supermarket Type1,0.041291,14.0,180.7634,2.8
Low Fat,DRD37,Soft Drinks,2022.0,OUT018,Tier 3,Medium,Supermarket Type2,0.013898,9.8,46.506,2.8
Regular,FDV37,Canned,2018.0,OUT027,Tier 3,Medium,Supermarket Type3,0.083109,12.6,195.8426,2.8
Low Fat,FDQ09,Snack Foods,2022.0,OUT018,Tier 3,Medium,Supermarket Type2,0.058369,7.235,115.2834,2.8
Regular,FDX46,Snack Foods,2014.0,OUT013,Tier 3,High,Supermarket Type1,0.0,12.3,57.3562,2.8
Regular,FDO19,Fruits and Vegetables,2015.0,OUT045,Tier 2,Medium,Supermarket Type1,0.01663,17.7,48.1034,2.8
Low Fat,FDL56,Fruits and Vegetables,2018.0,OUT019,Tier 1,Small,Grocery Store,0.220226,12.6,85.6198,2.8
Low Fat,FDP38,Canned,2012.0,OUT049,Tier 1,Medium,Supermarket Type1,0.032152,10.1,50.6008,2.8
Low Fat,FDT21,Snack Foods,2012.0,OUT049,Tier 1,Medium,Supermarket Type1,0.020424,7.42,249.0092,2.8
Regular,FDR11,Breads,2012.0,OUT049,Tier 1,Medium,Supermarket Type1,0.14276,10.5,159.3578,2.8
Regular,FDE33,Fruits and Vegetables,2012.0,OUT049,Tier 1,Medium,Supermarket Type1,0.049713,19.35,78.2644,2.8
Low Fat,NCB18,Household,2018.0,OUT019,Tier 1,Small,Grocery Store,0.072296,12.6,89.7514,2.8
Low Fat,NCT17,Health and Hygiene,2016.0,OUT046,Tier 1,Small,Supermarket Type1,0.041866,10.8,189.7214,2.8
Low Fat,FDA58,Snack Foods,2016.0,OUT046,Tier 1,Small,Supermarket Type1,0.103751,9.395,235.8932,2.8
Low Fat,DRA12,Soft Drinks,2015.0,OUT045,Tier 2,Small,Supermarket Type1,0.0,11.6,141.6154,2.8
Low Fat,FDL16,Frozen Foods,2020.0,OUT017,Tier 2,Small,Supermarket Type1,0.169406,12.85,46.106,2.8
Low Fat,FDV43,Fruits and Vegetables,2020.0,OUT017,Tier 2,Small,Supermarket Type1,0.07729,16.0,44.5086,2.8
Regular,FDX12,Baking Goods,2015.0,OUT045,Tier 2,High,Supermarket Type1,0.026117,18.2,239.2196,2.8
Regular,FDK20,Fruits and Vegetables,2020.0,OUT017,Tier 2,Medium,Supermarket Type1,0.041793,12.6,122.0072,2.8
Low Fat,FDR48,Baking Goods,2017.0,OUT035,Tier 2,Small,Supermarket Type1,0.0,11.65,152.6024,2.8
Low Fat,FDT46,Snack Foods,2017.0,OUT035,Tier 2,Small,Supermarket Type1,0.0,11.35,52.4008,2.8
Regular,FDN38,Canned,2017.0,OUT035,Tier 2,Small,Supermarket Type1,0.091954,6.615,250.6408,2.8
Regular,FDB40,Dairy,2017.0,OUT035,Tier 2,Small,Supermarket Type1,0.007538,17.5,144.2102,2.8
Regular,FDO56,Fruits and Vegetables,2017.0,OUT035,Tier 2,Small,Supermarket Type1,0.044974,10.195,115.5808,2.8
Regular,FDY47,Breads,2011.0,OUT010,Tier 3,High,Grocery Store,0.091196,8.6,130.231,2.8
Regular,FDG46,Snack Foods,2011.0,OUT010,Tier 3,High,Grocery Store,0.055084,8.63,114.7518,2.8
Low Fat,NCM41,Health and Hygiene,2014.0,OUT013,Tier 3,High,Supermarket Type1,0.035626,16.5,93.112,2.8
Low Fat,NCD07,Household,2014.0,OUT013,Tier 3,High,Supermarket Type1,0.055383,9.1,115.0518,2.8
Low Fat,DRG25,Soft Drinks,2014.0,OUT013,Tier 3,High,Supermarket Type1,0.019034,10.5,185.624,2.8
Regular,FDB03,Dairy,2014.0,OUT013,Tier 3,High,Supermarket Type1,0.156701,17.75,240.7538,2.8
Regular,FDH40,Frozen Foods,2014.0,OUT013,Tier 3,High,Supermarket Type1,0.078864,11.6,83.2276,2.8
Regular,FDX56,Fruits and Vegetables,2014.0,OUT013,Tier 3,High,Supermarket Type1,0.073998,17.1,207.0638,2.8
Low Fat,FDV23,Breads,2022.0,OUT018,Tier 3,Medium,Supermarket Type2,0.106268,11.0,123.2046,2.8
Low Fat,FDD20,Fruits and Vegetables,2022.0,OUT018,Tier 3,Medium,Supermarket Type2,0.020799,14.15,123.6046,2.8
Low Fat,DRF37,Soft Drinks,2022.0,OUT018,Tier 3,Medium,Supermarket Type2,0.084676,17.25,263.191,2.8
Regular,FDZ59,Baking Goods,2022.0,OUT018,Tier 3,Medium,Supermarket Type2,0.104445,6.63,167.25,2.8
Regular,FDF39,Dairy,2022.0,OUT018,Tier 3,Medium,Supermarket Type2,0.019591,14.85,261.591,2.8
Regular,FDL52,Frozen Foods,2022.0,OUT018,Tier 3,Medium,Supermarket Type2,0.046278,6.635,36.7506,2.8
Regular,FDY47,Breads,2022.0,OUT018,Tier 3,Medium,Supermarket Type2,0.054706,8.6,128.931,2.8
Low Fat,FDH08,Fruits and Vegetables,2018.0,OUT027,Tier 3,Medium,Supermarket Type3,0.017345,12.6,230.801,2.8
Low Fat,DRK23,Hard Drinks,2018.0,OUT027,Tier 3,Medium,Supermarket Type3,0.071628,12.6,251.904,2.8
Low Fat,NCO53,Health and Hygiene,2018.0,OUT027,Tier 3,Medium,Supermarket Type3,0.174336,12.6,184.0608,2.8
Low Fat,NCZ54,Household,2018.0,OUT027,Tier 3,Medium,Supermarket Type3,0.082956,12.6,164.0552,2.8
Regular,FDQ11,Breads,2018.0,OUT027,Tier 3,Medium,Supermarket Type3,0.067373,12.6,258.8988,2.8
Regular,FDN50,Canned,2018.0,OUT027,Tier 3,Medium,Supermarket Type3,0.026391,12.6,92.812,2.8
Regular,FDE33,Fruits and Vegetables,2018.0,OUT027,Tier 3,Medium,Supermarket Type3,0.049395,12.6,80.3644,2.8
Regular,FDN33,Snack Foods,2018.0,OUT027,Tier 3,Medium,Supermarket Type3,0.12252,12.6,93.0436,2.8
Low Fat,NCO17,Health and Hygiene,2012.0,OUT049,Tier 1,Medium,Supermarket Type1,0.073494,10.0,118.344,2.7
Low Fat,DRB01,Soft Drinks,2012.0,OUT049,Tier 1,Medium,Supermarket Type1,0.082367,7.39,187.753,2.7
Low Fat,FDX40,Frozen Foods,2018.0,OUT019,Tier 1,Small,Grocery Store,0.173324,12.6,39.9164,2.7
Regular,FDS24,Baking Goods,2016.0,OUT046,Tier 1,Small,Supermarket Type1,0.062224,20.85,88.1514,2.7
Low Fat,NCG07,Household,2015.0,OUT045,Tier 2,Small,Supermarket Type1,0.052609,12.3,191.253,2.7
Low Fat,DRK39,Dairy,2020.0,OUT017,Tier 2,Small,Supermarket Type1,0.0,7.02,83.825,2.7
Low Fat,NCH42,Household,2020.0,OUT017,Tier 2,Small,Supermarket Type1,0.036744,6.86,231.201,2.7
Low Fat,FDH24,Baking Goods,2017.0,OUT035,Tier 2,Small,Supermarket Type1,0.021427,20.7,156.5288,2.7
Low Fat,DRI47,Hard Drinks,2017.0,OUT035,Tier 2,Small,Supermarket Type1,0.020916,14.7,141.8128,2.7
Regular,FDR55,Fruits and Vegetables,2017.0,OUT035,Tier 2,Small,Supermarket Type1,0.132059,12.15,187.5872,2.7
Low Fat,FDX13,Canned,2014.0,OUT013,Tier 3,High,Supermarket Type1,0.047743,7.725,248.3092,2.7
Low Fat,FDK52,Frozen Foods,2014.0,OUT013,Tier 3,High,Supermarket Type1,0.079153,18.25,223.8062,2.7
Low Fat,NCR17,Health and Hygiene,2014.0,OUT013,Tier 3,High,Supermarket Type1,0.024363,9.8,114.0492,2.7
Low Fat,NCX05,Health and Hygiene,2014.0,OUT013,Tier 3,High,Supermarket Type1,0.096981,15.2,116.3492,2.7
Low Fat,NCC31,Household,2014.0,OUT013,Tier 3,High,Supermarket Type1,0.0,8.02,157.7972,2.7
Low Fat,DRF01,Soft Drinks,2014.0,OUT013,Tier 3,High,Supermarket Type1,0.174935,5.655,145.0102,2.7
Low Fat,FDR07,Fruits and Vegetables,2022.0,OUT018,Tier 3,Medium,Supermarket Type2,0.078061,21.35,96.0094,2.7
Low Fat,NCM30,Household,2022.0,OUT018,Tier 3,Medium,Supermarket Type2,0.06757,19.1,43.0796,2.7
Regular,FDT15,Meat,2022.0,OUT018,Tier 3,Medium,Supermarket Type2,0.042855,12.15,181.695,2.7
Regular,FDW22,Snack Foods,2022.0,OUT018,Tier 3,Medium,Supermarket Type2,0.030414,9.695,221.3114,2.7
Low Fat,FDK41,Frozen Foods,2018.0,OUT027,Tier 3,Medium,Supermarket Type3,0.126924,12.6,87.2224,2.7
Low Fat,FDC02,Canned,2022.0,OUT018,Tier 3,Medium,Supermarket Type2,0.069103,21.35,259.9278,2.6
Regular,FDA01,Canned,2016.0,OUT046,Tier 1,Small,Supermarket Type1,0.054378,15.0,59.1904,2.6
Low Fat,DRN47,Hard Drinks,2012.0,OUT049,Tier 1,Medium,Supermarket Type1,0.016853,12.1,180.666,2.6
Regular,FDK08,Fruits and Vegetables,2012.0,OUT049,Tier 1,Medium,Supermarket Type1,0.122495,9.195,100.1016,2.6
Regular,FDF34,Snack Foods,2012.0,OUT049,Tier 1,Medium,Supermarket Type1,0.014041,9.3,199.1084,2.6
Low Fat,FDR60,Baking Goods,2016.0,OUT046,Tier 1,Small,Supermarket Type1,0.130415,14.3,75.9328,2.6
Regular,FDL52,Frozen Foods,2016.0,OUT046,Tier 1,Small,Supermarket Type1,0.04609,6.635,37.1506,2.6
Low Fat,FDA31,Fruits and Vegetables,2020.0,OUT017,Tier 2,Small,Supermarket Type1,0.110634,7.1,173.808,2.6
Low Fat,FDR46,Snack Foods,2020.0,OUT017,Tier 2,High,Supermarket Type1,0.0,16.85,146.076,2.6
Regular,FDU24,Baking Goods,2020.0,OUT017,Tier 2,High,Supermarket Type1,0.140956,6.78,92.212,2.6
Regular,DRY23,Soft Drinks,2017.0,OUT035,Tier 2,Small,Supermarket Type1,0.109076,9.395,42.9112,2.6
Low Fat,FDB28,Dairy,2014.0,OUT013,Tier 3,High,Supermarket Type1,0.093308,6.615,195.9426,2.6
Low Fat,DRJ51,Dairy,2014.0,OUT013,Tier 3,High,Supermarket Type1,0.087921,14.1,228.5668,2.6
Low Fat,NCX06,Household,2022.0,OUT018,Tier 3,Medium,Supermarket Type2,0.015751,17.6,182.5976,2.6
Regular,FDY38,Dairy,2015.0,OUT045,Tier 2,Small,Supermarket Type1,0.119418,13.6,231.03,2.5
Low Fat,FDB21,Fruits and Vegetables,2015.0,OUT045,Tier 2,Small,Supermarket Type1,0.148822,7.475,241.2854,2.5
Regular,FDQ07,Fruits and Vegetables,2015.0,OUT045,Tier 2,Small,Supermarket Type1,0.087584,15.1,221.7456,2.5
Regular,FDS32,Fruits and Vegetables,2015.0,OUT045,Tier 2,Medium,Supermarket Type1,0.0,17.75,139.9838,2.5
Low Fat,FDT21,Snack Foods,2022.0,OUT018,Tier 3,Medium,Supermarket Type2,0.020475,7.42,248.4092,2.5
Regular,FDW46,Snack Foods,2020.0,OUT017,Tier 2,Medium,Supermarket Type1,0.070699,13.0,65.7484,2.5
Low Fat,FDA50,Dairy,2012.0,OUT049,Tier 1,Medium,Supermarket Type1,0.087311,16.25,95.541,2.5
Low Fat,FDF52,Frozen Foods,2012.0,OUT049,Tier 1,Medium,Supermarket Type1,0.066887,9.3,183.9292,2.5
Low Fat,FDA56,Fruits and Vegetables,2012.0,OUT049,Tier 1,Medium,Supermarket Type1,0.008778,9.21,122.4414,2.5
Low Fat,FDY45,Snack Foods,2012.0,OUT049,Tier 1,Medium,Supermarket Type1,0.026183,17.5,253.6356,2.5
Regular,FDL24,Baking Goods,2012.0,OUT049,Tier 1,Medium,Supermarket Type1,0.024935,10.3,172.0422,2.5
Regular,FDN16,Frozen Foods,2012.0,OUT049,Tier 1,Medium,Supermarket Type1,0.062798,12.6,103.999,2.5
Regular,FDH05,Frozen Foods,2012.0,OUT049,Tier 1,Medium,Supermarket Type1,0.091055,14.35,231.8984,2.5
Low Fat,FDQ58,Snack Foods,2018.0,OUT019,Tier 1,Small,Grocery Store,0.0,12.6,154.534,2.5
Regular,FDI07,Meat,2018.0,OUT019,Tier 1,Small,Grocery Store,0.059111,12.6,199.3426,2.5
Low Fat,FDN31,Fruits and Vegetables,2016.0,OUT046,Tier 1,Small,Supermarket Type1,0.072882,11.5,191.353,2.5
Low Fat,NCS53,Health and Hygiene,2016.0,OUT046,Tier 1,Small,Supermarket Type1,0.089778,14.5,158.4604,2.5
Low Fat,NCZ18,Household,2016.0,OUT046,Tier 1,Small,Supermarket Type1,0.186068,7.825,255.4698,2.5
Low Fat,NCJ19,Others,2016.0,OUT046,Tier 1,Small,Supermarket Type1,0.11818,18.6,56.2588,2.5
Low Fat,FDH34,Snack Foods,2016.0,OUT046,Tier 1,Small,Supermarket Type1,0.031095,8.63,185.7582,2.5
Low Fat,FDI46,Snack Foods,2016.0,OUT046,Tier 1,Small,Supermarket Type1,0.074345,9.5,251.9724,2.5
Low Fat,FDN60,Baking Goods,2015.0,OUT045,Tier 2,Medium,Supermarket Type1,0.095351,15.1,158.6604,2.5
Low Fat,DRB24,Soft Drinks,2015.0,OUT045,Tier 2,Small,Supermarket Type1,0.020619,8.785,153.0656,2.5
Low Fat,FDT28,Frozen Foods,2020.0,OUT017,Tier 2,Small,Supermarket Type1,0.063926,13.3,151.8708,2.5
Low Fat,DRQ35,Hard Drinks,2020.0,OUT017,Tier 2,Small,Supermarket Type1,0.042531,9.3,125.5388,2.5
Low Fat,NCD54,Household,2020.0,OUT017,Tier 2,High,Supermarket Type1,0.029173,21.1,145.7786,2.5
Regular,FDV52,Frozen Foods,2015.0,OUT045,Tier 2,High,Supermarket Type1,0.121767,20.7,118.9466,2.5
Regular,FDH45,Fruits and Vegetables,2015.0,OUT045,Tier 2,High,Supermarket Type1,0.105881,15.1,42.0796,2.5
Regular,FDC09,Fruits and Vegetables,2015.0,OUT045,Tier 2,High,Supermarket Type1,0.026355,15.5,100.8332,2.5
Regular,FDO27,Meat,2015.0,OUT045,Tier 2,High,Supermarket Type1,0.0,6.175,94.9752,2.5
Regular,FDC22,Snack Foods,2015.0,OUT045,Tier 2,High,Supermarket Type1,0.136705,6.89,194.882,2.5
Regular,FDK26,Canned,2020.0,OUT017,Tier 2,High,Supermarket Type1,0.032359,5.46,187.424,2.5
Regular,FDG38,Canned,2020.0,OUT017,Tier 2,High,Supermarket Type1,0.053027,8.975,86.0224,2.5
Low Fat,DRQ35,Hard Drinks,2015.0,OUT045,Tier 2,Medium,Supermarket Type1,0.042377,9.3,123.7388,2.5
Low Fat,FDX21,Snack Foods,2017.0,OUT035,Tier 2,Small,Supermarket Type1,0.08495,7.05,109.7912,2.5
Low Fat,FDW28,Frozen Foods,2017.0,OUT035,Tier 2,Small,Supermarket Type1,0.088807,18.25,197.3452,2.5
Low Fat,DRN47,Hard Drinks,2017.0,OUT035,Tier 2,Small,Supermarket Type1,0.016824,12.1,178.566,2.5
Regular,FDH26,Canned,2017.0,OUT035,Tier 2,Small,Supermarket Type1,0.034693,19.25,140.1496,2.5
Regular,FDA07,Fruits and Vegetables,2017.0,OUT035,Tier 2,Small,Supermarket Type1,0.030939,7.55,121.0072,2.5
Low Fat,FDI20,Fruits and Vegetables,2011.0,OUT010,Tier 3,Medium,Grocery Store,0.064548,19.1,212.8586,2.5
Low Fat,NCB42,Health and Hygiene,2014.0,OUT013,Tier 3,High,Supermarket Type1,0.008554,11.8,116.9492,2.5
Low Fat,FDO44,Fruits and Vegetables,2014.0,OUT013,Tier 3,High,Supermarket Type1,0.08738,12.6,109.7228,2.5
Low Fat,FDJ09,Snack Foods,2014.0,OUT013,Tier 3,High,Supermarket Type1,0.058346,15.0,44.0744,2.5
Low Fat,FDO58,Snack Foods,2014.0,OUT013,Tier 3,High,Supermarket Type1,0.039544,19.6,163.6526,2.5
Regular,FDF39,Dairy,2014.0,OUT013,Tier 3,High,Supermarket Type1,0.019495,14.85,261.291,2.5
Low Fat,FDW13,Canned,2018.0,OUT027,Tier 3,Medium,Supermarket Type3,0.097411,12.6,52.7324,2.5
Low Fat,FDH16,Frozen Foods,2018.0,OUT027,Tier 3,Medium,Supermarket Type3,0.052301,12.6,88.283,2.5
Low Fat,FDY10,Snack Foods,2018.0,OUT027,Tier 3,Medium,Supermarket Type3,0.04883,12.6,113.1176,2.5
Low Fat,NCY18,Household,2014.0,OUT013,Tier 3,High,Supermarket Type1,0.031126,7.285,174.3054,2.4
Low Fat,FDA50,Dairy,2018.0,OUT019,Tier 1,Small,Grocery Store,0.152632,12.6,98.441,2.4
Regular,FDY15,Dairy,2018.0,OUT019,Tier 1,Small,Grocery Store,0.299098,12.6,157.863,2.4
Low Fat,DRI01,Soft Drinks,2015.0,OUT045,Tier 2,Small,Supermarket Type1,0.0,7.97,173.7422,2.4
Low Fat,FDH09,Seafood,2017.0,OUT035,Tier 2,Small,Supermarket Type1,0.056067,12.6,50.7982,2.4
Regular,FDX38,Dairy,2011.0,OUT010,Tier 3,High,Grocery Store,0.080689,10.5,46.7376,2.4
Low Fat,FDI45,Fruits and Vegetables,2014.0,OUT013,Tier 3,High,Supermarket Type1,0.03755,13.1,176.1054,2.4
Low Fat,FDP11,Breads,2014.0,OUT013,Tier 3,High,Supermarket Type1,0.069043,15.85,218.7166,2.4
Low Fat,FDP33,Snack Foods,2014.0,OUT013,Tier 3,High,Supermarket Type1,0.089198,18.7,257.3672,2.4
Low Fat,FDZ34,Starchy Foods,2014.0,OUT013,Tier 3,High,Supermarket Type1,0.0,6.695,191.882,2.4
Low Fat,NCP30,Household,2018.0,OUT027,Tier 3,Medium,Supermarket Type3,0.03261,12.6,37.4822,2.4
Regular,DRC01,Soft Drinks,2022.0,OUT018,Tier 3,Medium,Supermarket Type2,0.019278,5.92,48.2692,2.3
Low Fat,FDW28,Frozen Foods,2014.0,OUT013,Tier 3,High,Supermarket Type1,0.08875,18.25,196.5452,2.3
Low Fat,FDM56,Fruits and Vegetables,2018.0,OUT019,Tier 1,Small,Grocery Store,0.122896,12.6,111.1912,2.3
Low Fat,FDK15,Meat,2018.0,OUT019,Tier 1,Small,Grocery Store,0.17231,12.6,98.2042,2.3
Low Fat,FDO36,Baking Goods,2017.0,OUT035,Tier 2,Small,Supermarket Type1,0.077899,19.7,177.766,2.3
Low Fat,NCL41,Health and Hygiene,2012.0,OUT049,Tier 1,Medium,Supermarket Type1,0.041803,12.35,34.8216,2.3
Low Fat,FDF35,Starchy Foods,2012.0,OUT049,Tier 1,Medium,Supermarket Type1,0.154229,15.0,107.3938,2.3
Low Fat,FDF04,Frozen Foods,2018.0,OUT019,Tier 1,Small,Grocery Store,0.023877,12.6,258.6304,2.3
Low Fat,FDE02,Canned,2016.0,OUT046,Tier 1,Small,Supermarket Type1,0.12125,8.71,92.7778,2.3
Regular,FDB36,Baking Goods,2016.0,OUT046,Tier 1,Small,Supermarket Type1,0.0,5.465,129.1626,2.3
Regular,FDG28,Frozen Foods,2016.0,OUT046,Tier 1,Small,Supermarket Type1,0.04928,9.285,245.6144,2.3
Low Fat,FDO37,Breakfast,2020.0,OUT017,Tier 2,Small,Supermarket Type1,0.021498,8.06,230.3326,2.3
Regular,FDJ12,Baking Goods,2020.0,OUT017,Tier 2,High,Supermarket Type1,0.039262,8.895,207.4296,2.3
Low Fat,NCP41,Health and Hygiene,2011.0,OUT010,Tier 3,Medium,Grocery Store,0.027133,16.6,106.2596,2.3
Low Fat,FDB22,Snack Foods,2011.0,OUT010,Tier 3,High,Grocery Store,0.186529,8.02,151.9998,2.3
Low Fat,DRD27,Dairy,2014.0,OUT013,Tier 3,High,Supermarket Type1,0.02382,18.75,97.6042,2.3
Low Fat,NCA54,Household,2014.0,OUT013,Tier 3,High,Supermarket Type1,0.036611,16.5,180.9318,2.3
Low Fat,DRG13,Soft Drinks,2014.0,OUT013,Tier 3,High,Supermarket Type1,0.037155,17.25,166.4526,2.3
Regular,FDK58,Snack Foods,2014.0,OUT013,Tier 3,High,Supermarket Type1,0.044945,11.35,101.0016,2.3
Low Fat,FDL27,Meat,2022.0,OUT018,Tier 3,Medium,Supermarket Type2,0.010674,6.17,63.4826,2.3
Regular,FDV60,Baking Goods,2022.0,OUT018,Tier 3,Medium,Supermarket Type2,0.117839,20.2,195.211,2.3
Low Fat,DRJ23,Hard Drinks,2018.0,OUT027,Tier 3,Medium,Supermarket Type3,0.0,12.6,188.1872,2.3
Low Fat,NCN53,Health and Hygiene,2018.0,OUT027,Tier 3,Medium,Supermarket Type3,0.030208,12.6,35.4874,2.3
Low Fat,NCV05,Health and Hygiene,2018.0,OUT027,Tier 3,Medium,Supermarket Type3,0.030062,12.6,154.3656,2.3
Regular,FDJ44,Fruits and Vegetables,2018.0,OUT027,Tier 3,Medium,Supermarket Type3,0.105812,12.6,175.0396,2.3
Regular,FDO10,Snack Foods,2018.0,OUT027,Tier 3,Medium,Supermarket Type3,0.01269,12.6,56.4588,2.3
Regular,FDA03,Dairy,2016.0,OUT046,Tier 1,Small,Supermarket Type1,0.045464,18.5,144.1102,2.2
Low Fat,FDL40,Frozen Foods,2015.0,OUT045,Tier 2,Medium,Supermarket Type1,0.011637,17.7,94.541,2.2
Low Fat,FDX19,Fruits and Vegetables,2016.0,OUT046,Tier 1,Small,Supermarket Type1,0.096734,19.1,233.1958,2.2
Low Fat,FDN44,Fruits and Vegetables,2012.0,OUT049,Tier 1,Medium,Supermarket Type1,0.022831,13.15,160.292,2.2
Low Fat,FDC45,Fruits and Vegetables,2012.0,OUT049,Tier 1,Medium,Supermarket Type1,0.135944,17.0,171.5106,2.2
Regular,FDX04,Frozen Foods,2012.0,OUT049,Tier 1,Medium,Supermarket Type1,0.041636,19.6,47.3376,2.2
Low Fat,FDF47,Starchy Foods,2016.0,OUT046,Tier 1,Small,Supermarket Type1,0.097618,20.85,223.9746,2.2
Low Fat,FDQ34,Snack Foods,2017.0,OUT035,Tier 2,Small,Supermarket Type1,0.162212,10.85,107.0622,2.2
Low Fat,FDS43,Fruits and Vegetables,2018.0,OUT027,Tier 3,Medium,Supermarket Type3,0.040319,12.6,186.224,2.2
Low Fat,NCG55,Household,2012.0,OUT049,Tier 1,Medium,Supermarket Type1,0.039207,16.25,116.1176,2.1
Low Fat,DRF49,Soft Drinks,2012.0,OUT049,Tier 1,Medium,Supermarket Type1,0.071188,7.27,111.9518,2.1
Low Fat,DRG11,Hard Drinks,2015.0,OUT045,Tier 2,Medium,Supermarket Type1,0.084008,6.385,108.2596,2.1
Regular,FDH28,Frozen Foods,2018.0,OUT027,Tier 3,Medium,Supermarket Type3,0.0,12.6,37.0506,2.1
Regular,FDL58,Snack Foods,2012.0,OUT049,Tier 1,Medium,Supermarket Type1,0.074264,5.78,264.7568,2.0
Regular,FDD44,Fruits and Vegetables,2017.0,OUT035,Tier 2,Small,Supermarket Type1,0.078386,8.05,256.4646,2.0
Low Fat,NCC06,Household,2020.0,OUT017,Tier 2,Small,Supermarket Type1,0.027139,19.0,127.3336,2.0
Regular,FDN39,Meat,2016.0,OUT046,Tier 1,Small,Supermarket Type1,0.06552,19.35,168.3816,2.0
Low Fat,NCM41,Health and Hygiene,2022.0,OUT018,Tier 3,Medium,Supermarket Type2,0.035801,16.5,92.612,2.0
Low Fat,FDE32,Fruits and Vegetables,2017.0,OUT035,Tier 2,Small,Supermarket Type1,0.04875,20.7,37.5506,2.0
Regular,FDV12,Baking Goods,2017.0,OUT035,Tier 2,Small,Supermarket Type1,0.060863,16.7,97.6384,2.0
Low Fat,FDM46,Snack Foods,2015.0,OUT045,Tier 2,Medium,Supermarket Type1,0.160292,7.365,94.712,2.0
Low Fat,NCB31,Household,2020.0,OUT017,Tier 2,Medium,Supermarket Type1,0.119346,6.235,261.991,2.0
Low Fat,FDX16,Frozen Foods,2016.0,OUT046,Tier 1,Small,Supermarket Type1,0.06581,17.85,149.105,2.0
Regular,FDO49,Breakfast,2018.0,OUT019,Tier 1,Small,Grocery Store,0.05787,12.6,49.7008,2.0
Low Fat,FDO36,Baking Goods,2012.0,OUT049,Tier 1,Medium,Supermarket Type1,0.078035,19.7,178.066,2.0
Low Fat,FDD04,Dairy,2012.0,OUT049,Tier 1,Medium,Supermarket Type1,0.090111,16.0,141.3154,2.0
Low Fat,NCL18,Household,2012.0,OUT049,Tier 1,Medium,Supermarket Type1,0.167844,18.85,193.9136,2.0
Low Fat,DRF25,Soft Drinks,2012.0,OUT049,Tier 1,Medium,Supermarket Type1,0.038986,9.0,34.619,2.0
Regular,FDZ03,Dairy,2012.0,OUT049,Tier 1,Medium,Supermarket Type1,0.078909,13.65,186.724,2.0
Low Fat,FDV25,Canned,2018.0,OUT019,Tier 1,Small,Grocery Store,0.079931,12.6,219.7456,2.0
Regular,FDX36,Baking Goods,2018.0,OUT019,Tier 1,Small,Grocery Store,0.224607,12.6,223.1404,2.0
Regular,FDN03,Meat,2018.0,OUT019,Tier 1,Small,Grocery Store,0.026421,12.6,250.9408,2.0
Regular,FDG10,Snack Foods,2018.0,OUT019,Tier 1,Small,Grocery Store,0.019153,12.6,57.6588,2.0
Low Fat,NCL05,Health and Hygiene,2016.0,OUT046,Tier 1,Small,Supermarket Type1,0.047898,19.6,44.677,2.0
Low Fat,NCL19,Others,2016.0,OUT046,Tier 1,Small,Supermarket Type1,0.015676,15.35,144.047,2.0
Low Fat,DRG48,Soft Drinks,2016.0,OUT046,Tier 1,Small,Supermarket Type1,0.014555,5.78,145.2102,2.0
Regular,FDN49,Breakfast,2016.0,OUT046,Tier 1,Small,Supermarket Type1,0.125224,17.25,41.248,2.0
Regular,FDG20,Fruits and Vegetables,2016.0,OUT046,Tier 1,Small,Supermarket Type1,0.125688,15.5,178.2028,2.0
Regular,FDQ15,Meat,2016.0,OUT046,Tier 1,Small,Supermarket Type1,0.0,20.35,81.6276,2.0
Low Fat,DRF03,Dairy,2015.0,OUT045,Tier 2,Medium,Supermarket Type1,0.0454,19.1,38.8138,2.0
Low Fat,FDA32,Fruits and Vegetables,2015.0,OUT045,Tier 2,Medium,Supermarket Type1,0.030155,14.0,214.7192,2.0
Low Fat,DRI23,Hard Drinks,2015.0,OUT045,Tier 2,Small,Supermarket Type1,0.137475,18.85,158.6578,2.0
Low Fat,FDF41,Frozen Foods,2020.0,OUT017,Tier 2,Small,Supermarket Type1,0.131922,12.15,246.346,2.0
Low Fat,FDM52,Frozen Foods,2020.0,OUT017,Tier 2,Small,Supermarket Type1,0.02614,15.1,149.0076,2.0
Low Fat,NCT30,Household,2020.0,OUT017,Tier 2,Small,Supermarket Type1,0.080747,9.1,46.9718,2.0
Low Fat,DRL37,Soft Drinks,2020.0,OUT017,Tier 2,High,Supermarket Type1,0.0,15.5,41.377,2.0
Regular,FDT23,Breads,2015.0,OUT045,Tier 2,High,Supermarket Type1,0.074883,7.72,79.8986,2.0
Regular,FDS16,Frozen Foods,2015.0,OUT045,Tier 2,High,Supermarket Type1,0.066311,15.15,145.776,2.0
Regular,FDS19,Fruits and Vegetables,2015.0,OUT045,Tier 2,High,Supermarket Type1,0.0,13.8,74.3012,2.0
Regular,FDG33,Seafood,2015.0,OUT045,Tier 2,High,Supermarket Type1,0.140525,5.365,172.7764,2.0
Regular,FDJ60,Baking Goods,2020.0,OUT017,Tier 2,High,Supermarket Type1,0.062882,19.35,164.1184,2.0
Regular,FDX35,Breads,2020.0,OUT017,Tier 2,High,Supermarket Type1,0.080363,5.035,229.0036,2.0
Low Fat,FDF52,Frozen Foods,2017.0,OUT035,Tier 2,Small,Supermarket Type1,0.066771,9.3,180.5292,2.0
Low Fat,NCQ05,Health and Hygiene,2017.0,OUT035,Tier 2,Small,Supermarket Type1,0.021602,11.395,149.1708,2.0
Low Fat,FDS57,Snack Foods,2017.0,OUT035,Tier 2,Small,Supermarket Type1,0.103423,15.5,144.847,2.0
Low Fat,FDP09,Snack Foods,2017.0,OUT035,Tier 2,Small,Supermarket Type1,0.033883,19.75,213.2902,2.0
Low Fat,FDU38,Dairy,2017.0,OUT035,Tier 2,Small,Supermarket Type1,0.082534,10.8,191.1504,2.0
Low Fat,NCR53,Health and Hygiene,2017.0,OUT035,Tier 2,Small,Supermarket Type1,0.145013,12.15,225.0404,2.0
Regular,FDQ51,Meat,2017.0,OUT035,Tier 2,Small,Supermarket Type1,0.017548,16.0,48.3718,2.0
Regular,DRB48,Soft Drinks,2017.0,OUT035,Tier 2,Small,Supermarket Type1,0.024849,16.75,39.9822,2.0
Low Fat,NCH42,Household,2011.0,OUT010,Tier 3,Medium,Grocery Store,0.061156,6.86,228.401,2.0
Low Fat,NCH18,Household,2011.0,OUT010,Tier 3,Medium,Grocery Store,0.074754,9.3,246.4802,2.0
Low Fat,NCJ19,Others,2011.0,OUT010,Tier 3,High,Grocery Store,0.197809,18.6,55.6588,2.0
Low Fat,DRL49,Soft Drinks,2011.0,OUT010,Tier 3,High,Grocery Store,0.094451,13.15,141.4812,2.0
Regular,FDR36,Baking Goods,2011.0,OUT010,Tier 3,High,Grocery Store,0.203511,6.715,41.0454,2.0
Regular,FDV48,Baking Goods,2011.0,OUT010,Tier 3,High,Grocery Store,0.086396,9.195,79.0644,2.0
Regular,FDD26,Canned,2011.0,OUT010,Tier 3,High,Grocery Store,0.120773,8.71,186.5924,2.0
Regular,FDJ55,Meat,2011.0,OUT010,Tier 3,High,Grocery Store,0.039386,12.8,224.8404,2.0
Low Fat,FDU34,Snack Foods,2014.0,OUT013,Tier 3,High,Supermarket Type1,0.075132,18.25,125.9046,2.0
Low Fat,FDA57,Snack Foods,2014.0,OUT013,Tier 3,High,Supermarket Type1,0.039611,18.85,41.648,2.0
Low Fat,FDL46,Snack Foods,2014.0,OUT013,Tier 3,High,Supermarket Type1,0.054012,20.35,116.5466,2.0
Regular,FDL39,Dairy,2014.0,OUT013,Tier 3,High,Supermarket Type1,0.063279,16.1,182.1318,2.0
Regular,FDG09,Fruits and Vegetables,2014.0,OUT013,Tier 3,High,Supermarket Type1,0.047896,20.6,185.8556,2.0
Low Fat,FDS35,Breads,2022.0,OUT018,Tier 3,Medium,Supermarket Type2,0.111674,9.3,65.7826,2.0
Low Fat,FDX01,Canned,2022.0,OUT018,Tier 3,Medium,Supermarket Type2,0.024263,10.1,117.615,2.0
Low Fat,FDU11,Breads,2022.0,OUT018,Tier 3,Medium,Supermarket Type2,0.092971,4.785,122.0098,2.0
Low Fat,FDY13,Canned,2022.0,OUT018,Tier 3,Medium,Supermarket Type2,0.03025,12.1,75.267,2.0
Low Fat,NCK18,Household,2022.0,OUT018,Tier 3,Medium,Supermarket Type2,0.006725,9.6,165.9184,2.0
Low Fat,DRC25,Soft Drinks,2022.0,OUT018,Tier 3,Medium,Supermarket Type2,0.045557,5.73,85.3882,2.0
Low Fat,DRG48,Soft Drinks,2022.0,OUT018,Tier 3,Medium,Supermarket Type2,0.014614,5.78,147.3102,2.0
Regular,FDA26,Dairy,2022.0,OUT018,Tier 3,Medium,Supermarket Type2,0.0,7.855,220.1482,2.0
Regular,FDI16,Frozen Foods,2022.0,OUT018,Tier 3,Medium,Supermarket Type2,0.136329,14.0,54.864,2.0
Low Fat,FDD05,Frozen Foods,2018.0,OUT027,Tier 3,Medium,Supermarket Type3,0.016531,12.6,122.4098,2.0
Low Fat,FDR04,Frozen Foods,2018.0,OUT027,Tier 3,Medium,Supermarket Type3,0.022458,12.6,98.6068,2.0
Low Fat,FDO32,Fruits and Vegetables,2018.0,OUT027,Tier 3,Medium,Supermarket Type3,0.11996,12.6,45.506,2.0
Low Fat,FDK15,Meat,2018.0,OUT027,Tier 3,Medium,Supermarket Type3,0.097937,12.6,98.9042,2.0
Low Fat,FDW34,Snack Foods,2018.0,OUT027,Tier 3,Medium,Supermarket Type3,0.035407,12.6,244.317,2.0
Low Fat,FDE44,Fruits and Vegetables,2015.0,OUT045,Tier 2,Medium,Supermarket Type1,0.0,14.65,49.7692,1.9
Regular,DRD01,Soft Drinks,2017.0,OUT035,Tier 2,Small,Supermarket Type1,0.061164,12.1,56.5614,1.9
Low Fat,FDX40,Frozen Foods,2011.0,OUT010,Tier 3,Small,Grocery Store,0.165694,12.85,39.7164,1.8
Low Fat,FDD14,Canned,2012.0,OUT049,Tier 1,Medium,Supermarket Type1,0.170072,20.7,183.8266,1.8
Low Fat,NCW53,Health and Hygiene,2015.0,OUT045,Tier 2,Small,Supermarket Type1,0.030557,18.35,190.6162,1.8
Low Fat,FDS55,Fruits and Vegetables,2017.0,OUT035,Tier 2,Small,Supermarket Type1,0.081149,7.02,146.8734,1.8
Low Fat,NCV06,Household,2017.0,OUT035,Tier 2,Small,Supermarket Type1,0.066669,11.3,192.4478,1.8
Regular,FDD26,Canned,2018.0,OUT019,Tier 1,Small,Grocery Store,0.126335,12.6,184.0924,1.7
Low Fat,FDW50,Dairy,2015.0,OUT045,Tier 2,Medium,Supermarket Type1,0.075731,13.1,167.5158,1.7
Low Fat,FDF05,Frozen Foods,2015.0,OUT045,Tier 2,Medium,Supermarket Type1,0.026925,17.5,264.391,1.7
Low Fat,NCE54,Household,2015.0,OUT045,Tier 2,Small,Supermarket Type1,0.026954,20.7,73.2354,1.7
Low Fat,DRC24,Soft Drinks,2020.0,OUT017,Tier 2,High,Supermarket Type1,0.024962,17.85,153.2018,1.7
Regular,FDU21,Snack Foods,2015.0,OUT045,Tier 2,High,Supermarket Type1,0.076876,11.8,33.1558,1.7
Low Fat,FDU25,Canned,2022.0,OUT018,Tier 3,Medium,Supermarket Type2,0.02679,12.35,58.9246,1.7
Low Fat,DRK01,Soft Drinks,2022.0,OUT018,Tier 3,Medium,Supermarket Type2,0.061313,7.63,93.3436,1.7
Regular,FDC14,Canned,2018.0,OUT019,Tier 1,Small,Grocery Store,0.072222,12.6,43.6454,1.5
Low Fat,NCR17,Health and Hygiene,2017.0,OUT035,Tier 2,Small,Supermarket Type1,0.024379,9.8,114.5492,1.5
Regular,FDG09,Fruits and Vegetables,2016.0,OUT046,Tier 1,Small,Supermarket Type1,0.047936,20.6,185.7556,1.5
Low Fat,DRJ51,Dairy,2015.0,OUT045,Tier 2,Medium,Supermarket Type1,0.088172,14.1,232.2668,1.5
Low Fat,FDJ52,Frozen Foods,2020.0,OUT017,Tier 2,Small,Supermarket Type1,0.017887,7.145,160.6578,1.5
Low Fat,NCP06,Household,2011.0,OUT010,Tier 3,High,Grocery Store,0.065689,20.7,149.7366,1.5
Regular,FDJ58,Snack Foods,2014.0,OUT013,Tier 3,High,Supermarket Type1,0.105208,15.6,170.5764,1.5
Low Fat,FDI26,Canned,2022.0,OUT018,Tier 3,Medium,Supermarket Type2,0.035029,5.94,179.8344,1.5
Low Fat,NCC54,Health and Hygiene,2022.0,OUT018,Tier 3,Medium,Supermarket Type2,0.098109,17.75,240.9196,1.5
Low Fat,NCN30,Household,2018.0,OUT027,Tier 3,Medium,Supermarket Type3,0.016911,12.6,96.641,1.5
Regular,FDL52,Frozen Foods,2018.0,OUT027,Tier 3,Medium,Supermarket Type3,0.045867,12.6,37.9506,1.5
Low Fat,DRF23,Hard Drinks,2018.0,OUT027,Tier 3,Medium,Supermarket Type3,0.122058,12.6,172.8396,1.4
Low Fat,NCC31,Household,2011.0,OUT010,Tier 3,Medium,Grocery Store,0.033259,8.02,154.2972,1.3
Regular,FDM58,Snack Foods,2022.0,OUT018,Tier 3,Medium,Supermarket Type2,0.080015,16.85,111.8544,1.3
Regular,FDJ55,Meat,2017.0,OUT035,Tier 2,Small,Supermarket Type1,0.023527,12.8,223.5404,1.2
Low Fat,FDY45,Snack Foods,2018.0,OUT027,Tier 3,Medium,Supermarket Type3,0.026016,12.6,255.8356,1.0
Regular,FDE33,Fruits and Vegetables,2020.0,OUT017,Tier 2,Small,Supermarket Type1,0.049916,19.35,80.2644,1.0
Low Fat,FDU36,Baking Goods,2016.0,OUT046,Tier 1,Small,Supermarket Type1,0.046271,6.15,99.3384,1.0
Low Fat,DRI13,Soft Drinks,2014.0,OUT013,Tier 3,High,Supermarket Type1,0.02031,15.35,218.0508,1.0
Regular,FDH53,Frozen Foods,2016.0,OUT046,Tier 1,Small,Supermarket Type1,0.0192,20.5,84.3592,1.0
Regular,FDV37,Canned,2017.0,OUT035,Tier 2,Small,Supermarket Type1,0.083498,13.0,199.4426,1.0
Regular,FDX39,Meat,2014.0,OUT013,Tier 3,High,Supermarket Type1,0.049635,14.3,212.5586,1.0
Low Fat,NCE31,Household,2015.0,OUT045,Tier 2,Medium,Supermarket Type1,0.185218,7.67,36.3216,1.0
Low Fat,FDC46,Snack Foods,2014.0,OUT013,Tier 3,High,Supermarket Type1,0.116446,17.7,182.8266,1.0
Low Fat,FDS35,Breads,2018.0,OUT027,Tier 3,Medium,Supermarket Type3,0.110682,12.6,63.2826,1.0
Low Fat,DRK11,Hard Drinks,2014.0,OUT013,Tier 3,High,Supermarket Type1,0.010755,8.21,150.8392,1.0
Low Fat,FDF02,Canned,2012.0,OUT049,Tier 1,Medium,Supermarket Type1,0.103634,16.2,101.399,1.0
Low Fat,FDL04,Frozen Foods,2012.0,OUT049,Tier 1,Medium,Supermarket Type1,0.112097,19.0,105.5622,1.0
Low Fat,DRL23,Hard Drinks,2012.0,OUT049,Tier 1,Medium,Supermarket Type1,0.015328,18.35,107.5938,1.0
Low Fat,FDB47,Snack Foods,2012.0,OUT049,Tier 1,Medium,Supermarket Type1,0.07154,8.8,210.6612,1.0
Low Fat,FDZ10,Snack Foods,2012.0,OUT049,Tier 1,Medium,Supermarket Type1,0.044533,17.85,127.202,1.0
Low Fat,FDE58,Snack Foods,2012.0,OUT049,Tier 1,Medium,Supermarket Type1,0.05215,18.5,118.3124,1.0
Low Fat,FDF47,Starchy Foods,2012.0,OUT049,Tier 1,Medium,Supermarket Type1,0.09777,20.85,222.8746,1.0
Regular,FDZ23,Baking Goods,2012.0,OUT049,Tier 1,Medium,Supermarket Type1,0.067608,17.75,188.024,1.0
Regular,FDH28,Frozen Foods,2012.0,OUT049,Tier 1,Medium,Supermarket Type1,0.110202,15.85,39.7506,1.0
Regular,FDR34,Snack Foods,2012.0,OUT049,Tier 1,Medium,Supermarket Type1,0.01599,17.0,228.8352,1.0
Regular,FDY57,Snack Foods,2012.0,OUT049,Tier 1,Medium,Supermarket Type1,0.121443,20.2,94.9752,1.0
Low Fat,FDZ44,Fruits and Vegetables,2018.0,OUT019,Tier 1,Small,Grocery Store,0.06781,12.6,118.1808,1.0
Regular,FDH60,Baking Goods,2018.0,OUT019,Tier 1,Small,Grocery Store,0.14136,12.6,197.311,1.0
Regular,FDQ49,Breakfast,2018.0,OUT019,Tier 1,Small,Grocery Store,0.068718,12.6,155.563,1.0
Low Fat,FDV35,Breads,2016.0,OUT046,Tier 1,Small,Supermarket Type1,0.128206,19.5,155.9314,1.0
Low Fat,FDE26,Canned,2016.0,OUT046,Tier 1,Small,Supermarket Type1,0.089006,9.3,143.9786,1.0
Low Fat,FDG44,Fruits and Vegetables,2016.0,OUT046,Tier 1,Small,Supermarket Type1,0.0,6.13,54.1298,1.0
Low Fat,FDQ56,Fruits and Vegetables,2016.0,OUT046,Tier 1,Small,Supermarket Type1,0.105597,6.59,83.4908,1.0
Low Fat,FDN44,Fruits and Vegetables,2016.0,OUT046,Tier 1,Small,Supermarket Type1,0.022796,13.15,160.192,1.0
Low Fat,NCQ43,Others,2016.0,OUT046,Tier 1,Small,Supermarket Type1,0.111302,17.75,107.5912,1.0
Low Fat,NCN07,Others,2016.0,OUT046,Tier 1,Small,Supermarket Type1,0.033945,18.5,129.9284,1.0
Low Fat,FDL10,Snack Foods,2016.0,OUT046,Tier 1,Small,Supermarket Type1,0.039492,8.395,97.3042,1.0
Low Fat,DRL49,Soft Drinks,2016.0,OUT046,Tier 1,Small,Supermarket Type1,0.056429,13.15,144.2812,1.0
Low Fat,DRG01,Soft Drinks,2016.0,OUT046,Tier 1,Small,Supermarket Type1,0.044878,14.8,75.467,1.0
Low Fat,FDZ34,Starchy Foods,2016.0,OUT046,Tier 1,Small,Supermarket Type1,0.075879,6.695,194.082,1.0
Regular,FDO11,Breads,2016.0,OUT046,Tier 1,Small,Supermarket Type1,0.030265,8.0,250.3092,1.0
Regular,FDT16,Frozen Foods,2016.0,OUT046,Tier 1,Small,Supermarket Type1,0.048662,9.895,261.7278,1.0
Regular,FDW39,Meat,2016.0,OUT046,Tier 1,Small,Supermarket Type1,0.03691,6.69,175.037,1.0
Regular,FDZ21,Snack Foods,2016.0,OUT046,Tier 1,Small,Supermarket Type1,0.039222,17.6,97.241,1.0
Regular,FDF53,Frozen Foods,2016.0,OUT046,Tier 1,Small,Supermarket Type1,0.083607,20.75,178.8318,1.0
Low Fat,NCJ19,Others,2015.0,OUT045,Tier 2,Medium,Supermarket Type1,0.11842,18.6,58.3588,1.0
Low Fat,FDV08,Fruits and Vegetables,2015.0,OUT045,Tier 2,Medium,Supermarket Type1,0.028653,7.35,40.5454,1.0
Low Fat,FDB20,Fruits and Vegetables,2015.0,OUT045,Tier 2,Medium,Supermarket Type1,0.052086,7.72,76.8986,1.0
Low Fat,FDD09,Fruits and Vegetables,2015.0,OUT045,Tier 2,Medium,Supermarket Type1,0.02154,13.5,182.4976,1.0
Low Fat,FDA11,Baking Goods,2020.0,OUT017,Tier 2,Small,Supermarket Type1,0.043483,7.75,94.3436,1.0
Low Fat,FDQ23,Breads,2020.0,OUT017,Tier 2,Small,Supermarket Type1,0.024665,6.55,103.3332,1.0
Low Fat,FDW35,Breads,2020.0,OUT017,Tier 2,Small,Supermarket Type1,0.011152,10.6,40.6454,1.0
Low Fat,NCL17,Health and Hygiene,2020.0,OUT017,Tier 2,Small,Supermarket Type1,0.068163,7.39,140.4812,1.0
Low Fat,NCM42,Household,2020.0,OUT017,Tier 2,Small,Supermarket Type1,0.028482,6.13,110.4912,1.0
Low Fat,NCO42,Household,2020.0,OUT017,Tier 2,High,Supermarket Type1,0.024795,21.25,147.4102,1.0
Regular,FDB49,Baking Goods,2015.0,OUT045,Tier 2,High,Supermarket Type1,0.030212,8.3,98.0384,1.0
Regular,FDT50,Dairy,2015.0,OUT045,Tier 2,High,Supermarket Type1,0.108458,6.75,96.9752,1.0
Regular,FDJ57,Seafood,2015.0,OUT045,Tier 2,High,Supermarket Type1,0.021617,7.42,185.0582,1.0
Regular,FDG10,Snack Foods,2015.0,OUT045,Tier 2,High,Supermarket Type1,0.010961,6.63,58.2588,1.0
Regular,FDQ36,Baking Goods,2020.0,OUT017,Tier 2,High,Supermarket Type1,0.162461,7.855,39.2848,1.0
Regular,FDL39,Dairy,2020.0,OUT017,Tier 2,High,Supermarket Type1,0.06369,16.1,181.9318,1.0
Regular,FDD41,Frozen Foods,2020.0,OUT017,Tier 2,High,Supermarket Type1,0.087754,6.765,105.3306,1.0
Regular,FDG34,Snack Foods,2020.0,OUT017,Tier 2,Medium,Supermarket Type1,0.037783,11.5,106.6254,1.0
Low Fat,FDH58,Snack Foods,2020.0,OUT017,Tier 2,Medium,Supermarket Type1,0.037149,12.3,116.8834,1.0
Low Fat,FDS12,Baking Goods,2017.0,OUT035,Tier 2,Small,Supermarket Type1,0.174086,9.1,124.6362,1.0
Low Fat,FDO23,Breads,2017.0,OUT035,Tier 2,Small,Supermarket Type1,0.1464,17.85,93.8436,1.0
Low Fat,FDK22,Snack Foods,2017.0,OUT035,Tier 2,Small,Supermarket Type1,0.026082,9.8,217.585,1.0
Low Fat,FDV21,Snack Foods,2017.0,OUT035,Tier 2,Small,Supermarket Type1,0.171051,11.5,126.3704,1.0
Low Fat,FDO57,Snack Foods,2017.0,OUT035,Tier 2,Small,Supermarket Type1,0.10869,20.75,159.3578,1.0
Low Fat,DRJ49,Soft Drinks,2017.0,OUT035,Tier 2,Small,Supermarket Type1,0.013991,6.865,127.6652,1.0
Low Fat,DRE37,Soft Drinks,2017.0,OUT035,Tier 2,Small,Supermarket Type1,0.0,13.5,189.1872,1.0
Regular,FDY47,Breads,2017.0,OUT035,Tier 2,Small,Supermarket Type1,0.054474,8.6,131.031,1.0
Regular,FDN25,Breakfast,2017.0,OUT035,Tier 2,Small,Supermarket Type1,0.061164,7.895,59.2588,1.0
Regular,FDK25,Breakfast,2017.0,OUT035,Tier 2,Small,Supermarket Type1,0.156802,11.6,168.0474,1.0
Regular,FDZ01,Canned,2017.0,OUT035,Tier 2,Small,Supermarket Type1,0.009057,8.975,104.099,1.0
Regular,FDY04,Frozen Foods,2017.0,OUT035,Tier 2,Small,Supermarket Type1,0.042468,17.7,162.421,1.0
Regular,FDX33,Snack Foods,2017.0,OUT035,Tier 2,Small,Supermarket Type1,0.117463,9.195,158.9578,1.0
Regular,DRL01,Soft Drinks,2017.0,OUT035,Tier 2,Small,Supermarket Type1,0.077158,19.5,232.4958,1.0
Low Fat,DRL35,Hard Drinks,2017.0,OUT035,Tier 2,Small,Supermarket Type1,0.030698,15.7,42.877,1.0
Low Fat,FDJ09,Snack Foods,2017.0,OUT035,Tier 2,Small,Supermarket Type1,0.0,15.0,47.2744,1.0
Low Fat,FDE59,Starchy Foods,2011.0,OUT010,Tier 3,Medium,Grocery Store,0.104257,12.15,34.0532,1.0
Low Fat,FDD53,Frozen Foods,2011.0,OUT010,Tier 3,Medium,Grocery Store,0.074019,16.2,41.7454,1.0
Low Fat,NCX29,Health and Hygiene,2011.0,OUT010,Tier 3,Medium,Grocery Store,0.149223,10.0,145.8102,1.0
Low Fat,NCX41,Health and Hygiene,2011.0,OUT010,Tier 3,Medium,Grocery Store,0.0,19.0,211.0244,1.0
Low Fat,NCS54,Household,2011.0,OUT010,Tier 3,Medium,Grocery Store,0.016727,13.6,176.037,1.0
Low Fat,NCM43,Others,2011.0,OUT010,Tier 3,High,Grocery Store,0.032598,14.5,163.621,1.0
Regular,FDR37,Breakfast,2011.0,OUT010,Tier 3,High,Grocery Store,0.110888,16.5,181.6292,1.0
Regular,FDA28,Frozen Foods,2011.0,OUT010,Tier 3,High,Grocery Store,0.080011,16.1,124.2362,1.0
Regular,FDJ44,Fruits and Vegetables,2011.0,OUT010,Tier 3,High,Grocery Store,0.17797,12.3,173.1396,1.0
Regular,FDO19,Fruits and Vegetables,2011.0,OUT010,Tier 3,High,Grocery Store,0.027779,17.7,50.1034,1.0
Low Fat,FDY48,Baking Goods,2014.0,OUT013,Tier 3,High,Supermarket Type1,0.023715,14.0,103.8332,1.0
Low Fat,FDE44,Fruits and Vegetables,2014.0,OUT013,Tier 3,High,Supermarket Type1,0.171245,14.65,50.3692,1.0
Low Fat,FDR43,Fruits and Vegetables,2014.0,OUT013,Tier 3,High,Supermarket Type1,0.161355,18.2,38.319,1.0
Low Fat,NCA42,Household,2014.0,OUT013,Tier 3,High,Supermarket Type1,0.0,6.965,159.4604,1.0
Low Fat,NCU18,Household,2014.0,OUT013,Tier 3,High,Supermarket Type1,0.055794,15.1,139.7496,1.0
Regular,FDS59,Breads,2014.0,OUT013,Tier 3,High,Supermarket Type1,0.043857,14.8,109.057,1.0
Regular,FDQ31,Fruits and Vegetables,2014.0,OUT013,Tier 3,High,Supermarket Type1,0.053802,5.785,85.9856,1.0
Regular,FDG08,Fruits and Vegetables,2014.0,OUT013,Tier 3,High,Supermarket Type1,0.165222,13.15,172.0764,1.0
Regular,FDU15,Meat,2014.0,OUT013,Tier 3,High,Supermarket Type1,0.02658,13.65,34.7532,1.0
Low Fat,FDD45,Fruits and Vegetables,2014.0,OUT013,Tier 3,High,Supermarket Type1,0.116152,8.615,94.1436,1.0
Low Fat,FDZ40,Frozen Foods,2022.0,OUT018,Tier 3,Medium,Supermarket Type2,0.040346,8.935,53.7298,1.0
Low Fat,FDI20,Fruits and Vegetables,2022.0,OUT018,Tier 3,Medium,Supermarket Type2,0.038721,19.1,210.8586,1.0
Low Fat,NCK19,Others,2022.0,OUT018,Tier 3,Medium,Supermarket Type2,0.090834,9.8,192.2478,1.0
Regular,FDV12,Baking Goods,2022.0,OUT018,Tier 3,Medium,Supermarket Type2,0.061123,16.7,100.0384,1.0
Regular,FDI08,Fruits and Vegetables,2022.0,OUT018,Tier 3,Medium,Supermarket Type2,0.066567,18.2,250.2092,1.0
Low Fat,DRH03,Dairy,2022.0,OUT018,Tier 3,Medium,Supermarket Type2,0.035207,17.25,93.512,1.0
Low Fat,NCV41,Health and Hygiene,2018.0,OUT027,Tier 3,Medium,Supermarket Type3,0.016956,12.6,109.3228,1.0
Low Fat,FDT48,Baking Goods,2018.0,OUT027,Tier 3,Medium,Supermarket Type3,0.0,12.6,196.5084,1.0
Low Fat,FDU32,Fruits and Vegetables,2018.0,OUT027,Tier 3,Medium,Supermarket Type3,0.025842,12.6,120.7414,1.0
Low Fat,DRM23,Hard Drinks,2018.0,OUT027,Tier 3,Medium,Supermarket Type3,0.0,12.6,171.7422,1.0
Low Fat,NCY05,Health and Hygiene,2018.0,OUT027,Tier 3,Medium,Supermarket Type3,0.054724,12.6,36.6874,1.0
Low Fat,NCQ42,Household,2018.0,OUT027,Tier 3,Medium,Supermarket Type3,0.039078,12.6,128.3678,1.0
Low Fat,FDH10,Snack Foods,2018.0,OUT027,Tier 3,Medium,Supermarket Type3,0.049066,12.6,192.4478,1.0
Low Fat,FDR21,Snack Foods,2018.0,OUT027,Tier 3,Medium,Supermarket Type3,0.066611,12.6,178.237,1.0
Regular,FDR59,Breads,2018.0,OUT027,Tier 3,Medium,Supermarket Type3,0.063554,12.6,263.6594,1.0
Regular,FDX04,Frozen Foods,2018.0,OUT027,Tier 3,Medium,Supermarket Type3,0.04137,12.6,46.2376,1.0
Regular,FDK20,Fruits and Vegetables,2018.0,OUT027,Tier 3,Medium,Supermarket Type3,0.0,12.6,120.5072,1.0
Regular,FDJ10,Snack Foods,2018.0,OUT027,Tier 3,Medium,Supermarket Type3,0.128877,12.6,139.1838,1.0
Low Fat,FDK21,Snack Foods,2022.0,OUT018,Tier 3,Medium,Supermarket Type2,0.010053,7.905,249.0408,4.0
Low Fat,FDI26,Canned,2018.0,OUT019,Tier 1,Small,Grocery Store,0.061082,12.6,180.0344,4.0
Low Fat,FDC46,Snack Foods,2011.0,OUT010,Tier 3,Small,Grocery Store,0.195068,17.7,185.4266,4.0
Low Fat,DRH37,Soft Drinks,2015.0,OUT045,Tier 2,Small,Supermarket Type1,0.041701,17.6,164.8526,4.0
Low Fat,NCI17,Health and Hygiene,2016.0,OUT046,Tier 1,Small,Supermarket Type1,0.143423,8.645,95.841,4.0
Low Fat,NCZ18,Household,2012.0,OUT049,Tier 1,Medium,Supermarket Type1,0.186357,7.825,254.3698,4.0
Low Fat,FDL04,Frozen Foods,2020.0,OUT017,Tier 2,Small,Supermarket Type1,0.112557,19.0,104.9622,4.0
Regular,FDN04,Frozen Foods,2016.0,OUT046,Tier 1,Small,Supermarket Type1,0.014087,11.8,180.3344,4.0
Low Fat,NCL18,Household,2018.0,OUT019,Tier 1,Small,Grocery Store,0.293418,12.6,194.6136,4.0
Regular,FDR12,Baking Goods,2018.0,OUT027,Tier 3,Medium,Supermarket Type3,0.031382,12.6,171.3764,4.0
Regular,FDG20,Fruits and Vegetables,2020.0,OUT017,Tier 2,Small,Supermarket Type1,0.126399,15.5,177.0028,4.0
Low Fat,FDZ55,Fruits and Vegetables,2017.0,OUT035,Tier 2,Small,Supermarket Type1,0.025404,6.055,160.992,4.0
Low Fat,FDN27,Meat,2012.0,OUT049,Tier 1,Medium,Supermarket Type1,0.039624,20.85,117.2808,4.0
Low Fat,FDW20,Fruits and Vegetables,2011.0,OUT010,Tier 3,Small,Grocery Store,0.040421,20.75,122.173,4.0
Low Fat,FDF41,Frozen Foods,2012.0,OUT049,Tier 1,Medium,Supermarket Type1,0.131384,12.15,246.046,4.0
Low Fat,FDT28,Frozen Foods,2015.0,OUT045,Tier 2,Small,Supermarket Type1,0.063695,13.3,151.0708,4.0
Regular,FDD10,Snack Foods,2018.0,OUT027,Tier 3,Medium,Supermarket Type3,0.045798,12.6,178.5344,4.0
Regular,FDA47,Baking Goods,2014.0,OUT013,Tier 3,High,Supermarket Type1,0.116577,10.5,163.121,4.0
Low Fat,FDX34,Snack Foods,2018.0,OUT027,Tier 3,Medium,Supermarket Type3,0.071637,12.6,121.7098,4.0
Low Fat,FDD17,Frozen Foods,2012.0,OUT049,Tier 1,Medium,Supermarket Type1,0.032678,7.5,239.0906,4.0
Low Fat,FDZ46,Snack Foods,2017.0,OUT035,Tier 2,Small,Supermarket Type1,0.069111,7.485,109.0228,4.0
Low Fat,DRA12,Soft Drinks,2020.0,OUT017,Tier 2,Small,Supermarket Type1,0.041178,11.6,140.3154,4.0
Regular,FDB14,Canned,2011.0,OUT010,Tier 3,Small,Grocery Store,0.171939,20.25,92.512,4.0
Low Fat,FDV38,Dairy,2020.0,OUT017,Tier 2,Small,Supermarket Type1,0.10235,19.25,52.7956,4.0
Low Fat,DRG23,Hard Drinks,2014.0,OUT013,Tier 3,High,Supermarket Type1,0.086709,8.88,151.7682,4.0
Low Fat,NCP30,Household,2015.0,OUT045,Tier 2,Small,Supermarket Type1,0.032835,20.5,40.2822,4.0
Low Fat,NCH54,Household,2016.0,OUT046,Tier 1,Small,Supermarket Type1,0.072669,13.5,160.292,4.0
Low Fat,NCR53,Health and Hygiene,2018.0,OUT027,Tier 3,Medium,Supermarket Type3,0.144338,12.6,224.4404,4.0
Low Fat,FDH35,Starchy Foods,2018.0,OUT027,Tier 3,Medium,Supermarket Type3,0.059957,12.6,165.4526,4.0
Low Fat,FDB51,Dairy,2015.0,OUT045,Tier 2,Small,Supermarket Type1,0.038532,6.92,60.5852,4.0
Low Fat,FDP16,Frozen Foods,2012.0,OUT049,Tier 1,Medium,Supermarket Type1,0.039356,18.6,246.3802,4.0
Low Fat,FDB11,Starchy Foods,2017.0,OUT035,Tier 2,Small,Supermarket Type1,0.060837,16.0,226.8404,4.0
Low Fat,DRJ25,Soft Drinks,2020.0,OUT017,Tier 2,Small,Supermarket Type1,0.151419,14.6,50.3692,4.0
Low Fat,DRK12,Soft Drinks,2018.0,OUT027,Tier 3,Medium,Supermarket Type3,0.041683,12.6,31.29,4.0
Low Fat,NCI18,Household,2022.0,OUT018,Tier 3,Medium,Supermarket Type2,0.014081,18.35,223.5746,4.0
Low Fat,FDN13,Breakfast,2020.0,OUT017,Tier 2,Small,Supermarket Type1,0.152918,18.6,99.8358,4.0
Low Fat,DRD24,Soft Drinks,2020.0,OUT017,Tier 2,Small,Supermarket Type1,0.030969,13.85,140.9154,4.0
Regular,FDW51,Meat,2016.0,OUT046,Tier 1,Small,Supermarket Type1,0.09466,6.155,214.556,4.0
Regular,FDL50,Canned,2022.0,OUT018,Tier 3,Medium,Supermarket Type2,0.042485,12.15,125.0046,4.0
Low Fat,FDI32,Fruits and Vegetables,2011.0,OUT010,Tier 3,Small,Grocery Store,0.291865,17.7,115.1834,4.0
Regular,DRY23,Soft Drinks,2018.0,OUT019,Tier 1,Small,Grocery Store,0.191014,12.6,42.1112,4.0
Regular,FDQ28,Frozen Foods,2018.0,OUT027,Tier 3,Medium,Supermarket Type3,0.060134,12.6,153.0656,4.0
Regular,FDU50,Dairy,2014.0,OUT013,Tier 3,High,Supermarket Type1,0.075108,5.75,112.8176,4.0
Regular,FDT12,Baking Goods,2018.0,OUT027,Tier 3,Medium,Supermarket Type3,0.049381,12.6,226.8062,4.0
Regular,FDE04,Frozen Foods,2015.0,OUT045,Tier 2,Small,Supermarket Type1,0.01806,19.75,179.766,4.0
Low Fat,NCB19,Household,2012.0,OUT049,Tier 1,Medium,Supermarket Type1,0.090436,6.525,85.0882,4.0
Low Fat,FDV15,Meat,2012.0,OUT049,Tier 1,Medium,Supermarket Type1,0.1464,10.3,103.9648,4.0
Low Fat,NCX06,Household,2018.0,OUT027,Tier 3,Medium,Supermarket Type3,0.015611,12.6,182.5976,4.0
Low Fat,FDT20,Fruits and Vegetables,2016.0,OUT046,Tier 1,Small,Supermarket Type1,0.041395,10.5,37.6164,4.0
Regular,FDB41,Frozen Foods,2016.0,OUT046,Tier 1,Small,Supermarket Type1,0.097313,19.0,48.0718,4.0
Regular,FDE36,Baking Goods,2017.0,OUT035,Tier 2,Small,Supermarket Type1,0.041764,5.26,161.8868,4.0
Low Fat,FDN57,Snack Foods,2015.0,OUT045,Tier 2,Small,Supermarket Type1,0.054344,18.25,140.2154,4.0
Low Fat,FDI19,Meat,2016.0,OUT046,Tier 1,Small,Supermarket Type1,0.052339,15.1,242.7512,4.0
Low Fat,DRK12,Soft Drinks,2017.0,OUT035,Tier 2,Small,Supermarket Type1,0.041878,9.5,32.99,4.0
Low Fat,NCZ54,Household,2011.0,OUT010,Tier 3,Small,Grocery Store,0.0,14.65,161.5552,4.0
Regular,FDY24,Baking Goods,2012.0,OUT049,Tier 1,Medium,Supermarket Type1,0.133701,4.88,52.9298,4.0
Regular,FDH28,Frozen Foods,2016.0,OUT046,Tier 1,Small,Supermarket Type1,0.110031,15.85,37.2506,4.0
Low Fat,NCO07,Others,2018.0,OUT019,Tier 1,Small,Grocery Store,0.017117,12.6,211.956,4.0
Low Fat,FDS49,Canned,2017.0,OUT035,Tier 2,Small,Supermarket Type1,0.0,9.0,79.7644,4.0
Low Fat,NCX42,Household,2018.0,OUT027,Tier 3,Medium,Supermarket Type3,0.00595,12.6,165.6526,4.0
Low Fat,FDL56,Fruits and Vegetables,2015.0,OUT045,Tier 2,Small,Supermarket Type1,0.126036,14.1,86.4198,4.0
Low Fat,NCU05,Health and Hygiene,2018.0,OUT027,Tier 3,Medium,Supermarket Type3,0.058452,12.6,79.9618,4.0
Low Fat,NCR38,Household,2015.0,OUT045,Tier 2,Small,Supermarket Type1,0.113749,17.25,251.3724,4.0
Regular,FDY56,Fruits and Vegetables,2020.0,OUT017,Tier 2,Small,Supermarket Type1,0.062764,16.35,227.6062,4.0
Low Fat,FDK21,Snack Foods,2017.0,OUT035,Tier 2,Small,Supermarket Type1,0.01001,7.905,249.0408,4.0
Low Fat,FDL43,Meat,2012.0,OUT049,Tier 1,Medium,Supermarket Type1,0.027106,10.1,75.367,4.0
Low Fat,DRF15,Dairy,2018.0,OUT019,Tier 1,Small,Grocery Store,0.058153,12.6,152.034,4.0
Low Fat,FDV32,Fruits and Vegetables,2012.0,OUT049,Tier 1,Medium,Supermarket Type1,0.088846,7.785,61.451,4.0
Regular,FDG08,Fruits and Vegetables,2015.0,OUT045,Tier 2,Small,Supermarket Type1,0.165695,13.15,171.8764,4.0
Low Fat,FDW13,Canned,2020.0,OUT017,Tier 2,Small,Supermarket Type1,0.098438,8.5,51.1324,4.0
Regular,FDJ55,Meat,2014.0,OUT013,Tier 3,High,Supermarket Type1,0.023511,12.8,225.9404,4.0
Low Fat,FDG59,Starchy Foods,2020.0,OUT017,Tier 2,Small,Supermarket Type1,0.043479,15.85,36.7164,4.0
Low Fat,FDM28,Frozen Foods,2014.0,OUT013,Tier 3,High,Supermarket Type1,0.045166,15.7,178.666,4.0
Low Fat,FDS26,Dairy,2014.0,OUT013,Tier 3,High,Supermarket Type1,0.089395,20.35,260.1594,4.0
Low Fat,FDK51,Dairy,2017.0,OUT035,Tier 2,Small,Supermarket Type1,0.005234,19.85,264.0884,4.0
Low Fat,FDY55,Fruits and Vegetables,2014.0,OUT013,Tier 3,High,Supermarket Type1,0.081253,16.75,256.4988,4.0
Low Fat,FDK21,Snack Foods,2011.0,OUT010,Tier 3,Small,Grocery Store,0.016759,7.905,250.4408,4.0
Low Fat,NCZ18,Household,2017.0,OUT035,Tier 2,Small,Supermarket Type1,0.186033,7.825,253.0698,4.0
Low Fat,NCF07,Household,2018.0,OUT027,Tier 3,Medium,Supermarket Type3,0.031867,12.6,101.0016,4.0
Low Fat,FDJ08,Fruits and Vegetables,2018.0,OUT019,Tier 1,Small,Grocery Store,0.193773,12.6,190.3846,4.0
Low Fat,DRF49,Soft Drinks,2015.0,OUT045,Tier 2,Small,Supermarket Type1,0.071222,7.27,113.5518,4.0
Regular,FDM25,Breakfast,2018.0,OUT027,Tier 3,Medium,Supermarket Type3,0.060372,12.6,174.0712,4.0
Low Fat,FDH27,Dairy,2022.0,OUT018,Tier 3,Medium,Supermarket Type2,0.058585,7.075,142.7128,4.0
Low Fat,NCM31,Others,2016.0,OUT046,Tier 1,Small,Supermarket Type1,0.081197,6.095,141.4154,4.0
Low Fat,FDR04,Frozen Foods,2022.0,OUT018,Tier 3,Medium,Supermarket Type2,0.0,7.075,98.0068,4.0
Regular,FDD40,Dairy,2017.0,OUT035,Tier 2,Small,Supermarket Type1,0.014791,20.25,193.6162,4.0
Regular,FDM50,Canned,2018.0,OUT027,Tier 3,Medium,Supermarket Type3,0.029943,12.6,60.222,4.0
Regular,FDB29,Frozen Foods,2014.0,OUT013,Tier 3,High,Supermarket Type1,0.052368,16.7,112.7176,4.0
Low Fat,FDF46,Snack Foods,2015.0,OUT045,Tier 2,Small,Supermarket Type1,0.093861,7.07,115.5834,4.0
Regular,FDC08,Fruits and Vegetables,2011.0,OUT010,Tier 3,Small,Grocery Store,0.173154,19.0,228.272,4.0
Regular,FDX36,Baking Goods,2012.0,OUT049,Tier 1,Medium,Supermarket Type1,0.128483,9.695,223.9404,4.0
Regular,FDC52,Dairy,2020.0,OUT017,Tier 2,Small,Supermarket Type1,0.008327,11.15,149.9708,4.0
Low Fat,FDB45,Fruits and Vegetables,2012.0,OUT049,Tier 1,Medium,Supermarket Type1,0.021363,20.85,103.2306,4.0
Low Fat,FDV51,Meat,2014.0,OUT013,Tier 3,High,Supermarket Type1,0.032512,16.35,165.0842,4.0
Regular,FDZ35,Breads,2015.0,OUT045,Tier 2,Small,Supermarket Type1,0.022324,9.6,101.299,4.0
Low Fat,NCW17,Health and Hygiene,2018.0,OUT027,Tier 3,Medium,Supermarket Type3,0.019292,12.6,129.9994,4.0
Low Fat,DRH39,Dairy,2014.0,OUT013,Tier 3,High,Supermarket Type1,0.092613,20.7,76.367,4.0
Low Fat,FDN60,Baking Goods,2018.0,OUT027,Tier 3,Medium,Supermarket Type3,0.094697,12.6,158.4604,4.0
Regular,FDN58,Snack Foods,2018.0,OUT027,Tier 3,Medium,Supermarket Type3,0.056597,12.6,230.9984,4.0
Low Fat,NCO43,Others,2016.0,OUT046,Tier 1,Small,Supermarket Type1,0.047098,5.5,101.3016,4.0
Regular,FDF28,Frozen Foods,2020.0,OUT017,Tier 2,Small,Supermarket Type1,0.038079,15.7,122.9046,4.0
Low Fat,NCY30,Household,2015.0,OUT045,Tier 2,Small,Supermarket Type1,0.026006,20.25,180.9976,4.0
Low Fat,NCO30,Household,2012.0,OUT049,Tier 1,Medium,Supermarket Type1,0.015749,19.5,182.2608,4.0
Regular,FDP59,Breads,2022.0,OUT018,Tier 3,Medium,Supermarket Type2,0.056696,20.85,104.0648,4.0
Regular,FDT27,Meat,2014.0,OUT013,Tier 3,High,Supermarket Type1,0.069529,11.395,233.1616,4.0
Low Fat,NCO17,Health and Hygiene,2016.0,OUT046,Tier 1,Small,Supermarket Type1,0.07338,10.0,118.244,4.0
Low Fat,FDX26,Dairy,2018.0,OUT019,Tier 1,Small,Grocery Store,0.153741,12.6,182.6292,4.0
Low Fat,FDG45,Fruits and Vegetables,2014.0,OUT013,Tier 3,High,Supermarket Type1,0.12793,8.1,211.4902,4.0
Regular,FDL32,Fruits and Vegetables,2020.0,OUT017,Tier 2,Small,Supermarket Type1,0.12316,15.7,110.1544,4.0
Low Fat,FDX09,Snack Foods,2017.0,OUT035,Tier 2,Small,Supermarket Type1,0.065237,9.0,176.437,4.0
Low Fat,FDV02,Dairy,2014.0,OUT013,Tier 3,High,Supermarket Type1,0.060495,16.75,169.8106,4.0
Regular,FDY28,Frozen Foods,2017.0,OUT035,Tier 2,Small,Supermarket Type1,0.0,7.47,214.3218,4.0
Regular,FDX31,Fruits and Vegetables,2018.0,OUT027,Tier 3,Medium,Supermarket Type3,0.014754,12.6,231.7958,4.0
Low Fat,FDR43,Fruits and Vegetables,2018.0,OUT027,Tier 3,Medium,Supermarket Type3,0.160707,12.6,38.019,4.0
Regular,FDP51,Meat,2022.0,OUT018,Tier 3,Medium,Supermarket Type2,0.085622,13.85,119.4124,4.0
Low Fat,FDC50,Canned,2017.0,OUT035,Tier 2,Small,Supermarket Type1,0.0,15.85,96.4094,4.0
Regular,FDP22,Snack Foods,2018.0,OUT027,Tier 3,Medium,Supermarket Type3,0.0,12.6,52.6666,4.0
Low Fat,DRE49,Soft Drinks,2016.0,OUT046,Tier 1,Small,Supermarket Type1,0.02125,20.75,150.5024,4.0
Low Fat,FDM40,Frozen Foods,2016.0,OUT046,Tier 1,Small,Supermarket Type1,0.159937,10.195,143.2154,4.0
Low Fat,FDY32,Fruits and Vegetables,2015.0,OUT045,Tier 2,Small,Supermarket Type1,0.129503,7.605,164.021,4.0
Low Fat,FDU02,Dairy,2018.0,OUT019,Tier 1,Small,Grocery Store,0.179484,12.6,228.9352,4.0
Low Fat,FDF22,Snack Foods,2012.0,OUT049,Tier 1,Medium,Supermarket Type1,0.056919,6.865,212.8218,4.0
Low Fat,DRP35,Hard Drinks,2018.0,OUT027,Tier 3,Medium,Supermarket Type3,0.090427,12.6,126.2336,4.0
Low Fat,NCB55,Household,2016.0,OUT046,Tier 1,Small,Supermarket Type1,0.160663,15.7,59.4562,4.0
Low Fat,FDW35,Breads,2018.0,OUT019,Tier 1,Small,Grocery Store,0.019416,12.6,41.6454,4.0
Low Fat,FDB44,Fruits and Vegetables,2015.0,OUT045,Tier 2,Small,Supermarket Type1,0.016993,6.655,211.0586,4.0
Regular,FDA27,Dairy,2022.0,OUT018,Tier 3,Medium,Supermarket Type2,0.0,20.35,256.7672,4.0
Low Fat,NCU41,Health and Hygiene,2012.0,OUT049,Tier 1,Medium,Supermarket Type1,0.052136,18.85,190.1846,4.0
Low Fat,FDN32,Fruits and Vegetables,2022.0,OUT018,Tier 3,Medium,Supermarket Type2,0.015624,17.5,182.6266,4.0
Regular,FDW27,Meat,2018.0,OUT019,Tier 1,Small,Grocery Store,0.264125,12.6,155.7314,4.0
Low Fat,NCJ18,Household,2012.0,OUT049,Tier 1,Medium,Supermarket Type1,0.164197,12.35,120.5124,4.0
Regular,FDS09,Snack Foods,2018.0,OUT019,Tier 1,Small,Grocery Store,0.141975,12.6,49.6008,4.0
Low Fat,FDW28,Frozen Foods,2015.0,OUT045,Tier 2,Small,Supermarket Type1,0.089004,18.25,196.7452,4.0
Regular,FDU46,Snack Foods,2014.0,OUT013,Tier 3,High,Supermarket Type1,0.011117,10.3,85.854,4.0
Low Fat,NCE43,Household,2017.0,OUT035,Tier 2,Small,Supermarket Type1,0.103423,12.5,169.9448,4.0
Regular,FDB14,Canned,2016.0,OUT046,Tier 1,Small,Supermarket Type1,0.102724,20.25,93.212,4.0
Regular,DRB48,Soft Drinks,2018.0,OUT027,Tier 3,Medium,Supermarket Type3,0.024733,12.6,40.2822,4.0
Low Fat,FDA13,Canned,2020.0,OUT017,Tier 2,Small,Supermarket Type1,0.078999,15.85,38.6506,4.0
Low Fat,NCV42,Household,2020.0,OUT017,Tier 2,Small,Supermarket Type1,0.0316,6.26,111.3228,4.0
Low Fat,FDG24,Baking Goods,2015.0,OUT045,Tier 2,Small,Supermarket Type1,0.014661,7.975,85.125,4.0
Low Fat,NCH06,Household,2015.0,OUT045,Tier 2,Small,Supermarket Type1,0.07671,12.3,247.846,4.0
Low Fat,FDU56,Fruits and Vegetables,2018.0,OUT027,Tier 3,Medium,Supermarket Type3,0.0,12.6,184.7266,4.0
Low Fat,DRK59,Hard Drinks,2017.0,OUT035,Tier 2,Small,Supermarket Type1,0.075436,8.895,235.8616,4.0
Regular,FDH28,Frozen Foods,2018.0,OUT019,Tier 1,Small,Grocery Store,0.19265,12.6,37.4506,4.0
Regular,FDV57,Snack Foods,2012.0,OUT049,Tier 1,Medium,Supermarket Type1,0.065999,15.25,177.966,4.0
Regular,FDR56,Fruits and Vegetables,2018.0,OUT027,Tier 3,Medium,Supermarket Type3,0.100278,12.6,196.8768,4.0
Low Fat,NCG42,Household,2015.0,OUT045,Tier 2,Medium,Supermarket Type1,0.0,19.2,127.831,4.0
Low Fat,NCX29,Health and Hygiene,2020.0,OUT017,Tier 2,Medium,Supermarket Type1,0.089657,10.0,144.0102,4.0
Low Fat,DRN36,Soft Drinks,2018.0,OUT019,Tier 1,Small,Grocery Store,0.087855,12.6,95.9752,4.0
Low Fat,FDK28,Frozen Foods,2022.0,OUT018,Tier 3,Medium,Supermarket Type2,0.065857,5.695,258.5646,4.0
Low Fat,FDR43,Fruits and Vegetables,2015.0,OUT045,Tier 2,Medium,Supermarket Type1,0.161817,18.2,37.819,4.0
Low Fat,NCN18,Household,2015.0,OUT045,Tier 2,Medium,Supermarket Type1,0.124968,8.895,112.7544,4.0
Low Fat,FDR49,Canned,2011.0,OUT010,Tier 3,Medium,Grocery Store,0.23304,8.71,49.5376,4.0
Low Fat,FDC15,Dairy,2012.0,OUT049,Tier 1,Medium,Supermarket Type1,0.178246,18.1,158.1288,4.0
Regular,FDI27,Dairy,2012.0,OUT049,Tier 1,Medium,Supermarket Type1,0.046058,8.71,43.8744,4.0
Low Fat,FDD29,Frozen Foods,2011.0,OUT010,Tier 3,Medium,Grocery Store,0.030815,12.15,252.0698,4.0
Low Fat,FDI14,Canned,2016.0,OUT046,Tier 1,Small,Supermarket Type1,0.089678,14.1,139.8496,4.0
Low Fat,FDW50,Dairy,2018.0,OUT019,Tier 1,Small,Grocery Store,0.132327,12.6,168.4158,4.0
Low Fat,FDT31,Fruits and Vegetables,2020.0,OUT017,Tier 2,Medium,Supermarket Type1,0.012519,19.75,190.6872,4.0
Regular,FDJ14,Canned,2020.0,OUT017,Tier 2,Medium,Supermarket Type1,0.050354,10.3,78.696,4.0
Low Fat,NCQ43,Others,2018.0,OUT027,Tier 3,Medium,Supermarket Type3,0.110763,12.6,108.5912,4.0
Low Fat,FDU38,Dairy,2020.0,OUT017,Tier 2,Medium,Supermarket Type1,0.083017,10.8,193.4504,4.0
Low Fat,DRF03,Dairy,2011.0,OUT010,Tier 3,Medium,Grocery Store,0.075837,19.1,40.2138,4.0
Regular,FDX22,Snack Foods,2017.0,OUT035,Tier 2,Small,Supermarket Type1,0.02297,6.785,211.0928,4.0
Regular,FDL58,Snack Foods,2015.0,OUT045,Tier 2,Medium,Supermarket Type1,0.074299,5.78,264.9568,4.0
Regular,FDD40,Dairy,2012.0,OUT049,Tier 1,Medium,Supermarket Type1,0.014816,20.25,194.1162,4.0
Low Fat,FDT08,Fruits and Vegetables,2015.0,OUT045,Tier 2,Medium,Supermarket Type1,0.049318,13.65,149.005,4.0
Low Fat,FDC53,Frozen Foods,2022.0,OUT018,Tier 3,Medium,Supermarket Type2,0.008872,8.68,99.7384,4.0
Low Fat,DRK35,Hard Drinks,2018.0,OUT019,Tier 1,Small,Grocery Store,0.125794,12.6,36.2506,4.0
Low Fat,NCV42,Household,2012.0,OUT049,Tier 1,Medium,Supermarket Type1,0.031471,6.26,110.2228,4.0
Regular,FDL25,Breakfast,2020.0,OUT017,Tier 2,Medium,Supermarket Type1,0.131665,6.92,91.8804,4.0
Low Fat,FDE34,Snack Foods,2016.0,OUT046,Tier 1,Small,Supermarket Type1,0.107891,9.195,182.7634,4.0
Low Fat,NCK19,Others,2014.0,OUT013,Tier 3,High,Supermarket Type1,0.09039,9.8,192.1478,4.0
Low Fat,FDO44,Fruits and Vegetables,2018.0,OUT027,Tier 3,Medium,Supermarket Type3,0.08703,12.6,109.2228,4.0
Low Fat,NCF31,Household,2015.0,OUT045,Tier 2,Medium,Supermarket Type1,0.051953,9.13,152.3024,4.0
Low Fat,FDV58,Snack Foods,2016.0,OUT046,Tier 1,Small,Supermarket Type1,0.12125,20.85,193.9452,4.0
Low Fat,FDN27,Meat,2022.0,OUT018,Tier 3,Medium,Supermarket Type2,0.0,20.85,115.1808,4.0
Low Fat,FDZ52,Frozen Foods,2012.0,OUT049,Tier 1,Medium,Supermarket Type1,0.10023,19.2,112.9886,4.0
Low Fat,FDR58,Snack Foods,2017.0,OUT035,Tier 2,Small,Supermarket Type1,0.041914,6.675,90.7462,4.0
Low Fat,FDC11,Starchy Foods,2018.0,OUT027,Tier 3,Medium,Supermarket Type3,0.141106,12.6,87.9172,4.0
Low Fat,FDL22,Snack Foods,2015.0,OUT045,Tier 2,Medium,Supermarket Type1,0.036464,16.85,90.7488,4.0
Low Fat,FDC35,Starchy Foods,2015.0,OUT045,Tier 2,Medium,Supermarket Type1,0.123087,7.435,206.9638,4.0
Regular,FDX33,Snack Foods,2020.0,OUT017,Tier 2,Medium,Supermarket Type1,0.118149,9.195,160.5578,4.0
Regular,FDC40,Dairy,2014.0,OUT013,Tier 3,High,Supermarket Type1,0.06501,16.0,79.5986,4.0
Low Fat,FDP24,Baking Goods,2012.0,OUT049,Tier 1,Medium,Supermarket Type1,0.083133,20.6,120.1756,4.0
Low Fat,NCQ42,Household,2022.0,OUT018,Tier 3,Medium,Supermarket Type2,0.039428,20.35,127.9678,4.0
Low Fat,FDY59,Baking Goods,2022.0,OUT018,Tier 3,Medium,Supermarket Type2,0.0,8.195,93.1462,4.0
Low Fat,FDU14,Dairy,2015.0,OUT045,Tier 2,Medium,Supermarket Type1,0.034823,17.75,248.675,4.0
Regular,FDT32,Fruits and Vegetables,2022.0,OUT018,Tier 3,Medium,Supermarket Type2,0.065901,19.0,188.7214,4.0
Low Fat,FDX09,Snack Foods,2018.0,OUT027,Tier 3,Medium,Supermarket Type3,0.064933,12.6,174.837,4.0
Low Fat,DRI37,Soft Drinks,2018.0,OUT027,Tier 3,Medium,Supermarket Type3,0.107077,12.6,58.7904,4.0
Low Fat,FDL20,Fruits and Vegetables,2015.0,OUT045,Tier 2,Medium,Supermarket Type1,0.128675,17.1,112.3886,4.0
Regular,FDE05,Frozen Foods,2018.0,OUT019,Tier 1,Small,Grocery Store,0.0,12.6,145.2102,4.0
Low Fat,FDE58,Snack Foods,2014.0,OUT013,Tier 3,High,Supermarket Type1,0.052025,18.5,118.4124,4.0
Regular,FDZ26,Dairy,2016.0,OUT046,Tier 1,Small,Supermarket Type1,0.144017,11.6,238.3222,4.0
Low Fat,FDL34,Snack Foods,2020.0,OUT017,Tier 2,Medium,Supermarket Type1,0.041178,16.0,142.3496,4.0
Low Fat,DRG39,Dairy,2022.0,OUT018,Tier 3,Medium,Supermarket Type2,0.042353,14.15,51.6982,4.0
Low Fat,DRF01,Soft Drinks,2012.0,OUT049,Tier 1,Medium,Supermarket Type1,0.175352,5.655,147.4102,4.0
Regular,FDR20,Fruits and Vegetables,2020.0,OUT017,Tier 2,Medium,Supermarket Type1,0.028283,20.0,46.2744,4.0
Low Fat,FDY07,Fruits and Vegetables,2011.0,OUT010,Tier 3,Medium,Grocery Store,0.0,11.8,46.5402,4.0
Regular,FDD38,Canned,2015.0,OUT045,Tier 2,Medium,Supermarket Type1,0.008208,16.75,102.8674,4.0
Low Fat,FDD03,Dairy,2022.0,OUT018,Tier 3,Medium,Supermarket Type2,0.080131,13.3,234.03,4.0
Low Fat,NCL18,Household,2014.0,OUT013,Tier 3,High,Supermarket Type1,0.167444,18.85,194.6136,4.0
Low Fat,FDD29,Frozen Foods,2022.0,OUT018,Tier 3,Medium,Supermarket Type2,0.018486,12.15,253.1698,4.0
Low Fat,FDU11,Breads,2014.0,OUT013,Tier 3,High,Supermarket Type1,0.092517,4.785,120.1098,4.0
Regular,FDL02,Canned,2012.0,OUT049,Tier 1,Medium,Supermarket Type1,0.104245,20.0,105.3622,4.0
Regular,FDO51,Meat,2018.0,OUT027,Tier 3,Medium,Supermarket Type3,0.041779,12.6,43.4112,4.0
Regular,FDT01,Canned,2020.0,OUT017,Tier 2,Medium,Supermarket Type1,0.185209,13.65,212.9902,4.0
Low Fat,FDJ08,Fruits and Vegetables,2012.0,OUT049,Tier 1,Medium,Supermarket Type1,0.110844,11.1,189.2846,4.0
Low Fat,FDU32,Fruits and Vegetables,2011.0,OUT010,Tier 3,Medium,Grocery Store,0.0,8.785,123.0414,4.0
Regular,FDG09,Fruits and Vegetables,2017.0,OUT035,Tier 2,Small,Supermarket Type1,0.047927,20.6,185.9556,4.0
Low Fat,FDE39,Dairy,2015.0,OUT045,Tier 2,Medium,Supermarket Type1,0.036208,7.89,121.0782,4.0
Low Fat,FDU56,Fruits and Vegetables,2014.0,OUT013,Tier 3,High,Supermarket Type1,0.044377,16.85,185.8266,4.0
Low Fat,NCH55,Household,2015.0,OUT045,Tier 2,Medium,Supermarket Type1,0.034743,16.35,127.402,4.0
Regular,FDC33,Fruits and Vegetables,2018.0,OUT027,Tier 3,Medium,Supermarket Type3,0.068605,12.6,197.3768,4.0
Low Fat,NCV54,Household,2018.0,OUT027,Tier 3,Medium,Supermarket Type3,0.032949,12.6,116.8124,4.0
Low Fat,DRH25,Soft Drinks,2018.0,OUT027,Tier 3,Medium,Supermarket Type3,0.014522,12.6,50.2324,4.0
Low Fat,NCT18,Household,2017.0,OUT035,Tier 2,Small,Supermarket Type1,0.059394,14.6,181.7976,4.0
Low Fat,NCV06,Household,2016.0,OUT046,Tier 1,Small,Supermarket Type1,0.066681,11.3,194.4478,4.0
Low Fat,FDH21,Seafood,2012.0,OUT049,Tier 1,Medium,Supermarket Type1,0.031274,10.395,160.0604,4.0
Low Fat,FDR26,Dairy,2016.0,OUT046,Tier 1,Small,Supermarket Type1,0.042837,20.7,175.8028,4.0
Low Fat,FDA14,Dairy,2018.0,OUT019,Tier 1,Small,Grocery Store,0.114127,12.6,147.176,4.0
Low Fat,FDN20,Fruits and Vegetables,2016.0,OUT046,Tier 1,Small,Supermarket Type1,0.026182,19.35,167.0474,4.0
Low Fat,NCN29,Health and Hygiene,2020.0,OUT017,Tier 2,Medium,Supermarket Type1,0.012185,15.2,50.3034,4.0
Low Fat,FDI28,Frozen Foods,2022.0,OUT018,Tier 3,Medium,Supermarket Type2,0.026429,14.3,78.2302,4.0
Regular,FDA03,Dairy,2018.0,OUT027,Tier 3,Medium,Supermarket Type3,0.045244,12.6,146.8102,4.0
Regular,FDU10,Snack Foods,2020.0,OUT017,Tier 2,Medium,Supermarket Type1,0.04595,10.1,38.2848,4.0
Regular,FDP13,Canned,2018.0,OUT027,Tier 3,Medium,Supermarket Type3,0.133673,12.6,41.548,4.0
Low Fat,NCK06,Household,2017.0,OUT035,Tier 2,Small,Supermarket Type1,0.008645,5.03,122.6756,4.0
Low Fat,NCY18,Household,2017.0,OUT035,Tier 2,Small,Supermarket Type1,0.031146,7.285,173.6054,4.0
Low Fat,FDE38,Canned,2018.0,OUT027,Tier 3,Medium,Supermarket Type3,0.044391,12.6,164.3842,4.0
Low Fat,FDB59,Snack Foods,2016.0,OUT046,Tier 1,Small,Supermarket Type1,0.015279,18.25,199.0084,4.0
Regular,FDO15,Meat,2012.0,OUT049,Tier 1,Medium,Supermarket Type1,0.00858,16.75,72.3038,4.0
Low Fat,DRN47,Hard Drinks,2011.0,OUT010,Tier 3,Medium,Grocery Store,0.028165,12.1,178.166,4.0
Regular,FDB38,Canned,2016.0,OUT046,Tier 1,Small,Supermarket Type1,0.027347,19.5,158.992,4.0
Low Fat,FDT59,Breads,2020.0,OUT017,Tier 2,Medium,Supermarket Type1,0.016001,13.65,230.6668,4.0
Regular,FDG08,Fruits and Vegetables,2017.0,OUT035,Tier 2,Small,Supermarket Type1,0.165328,13.15,170.6764,4.0
Regular,FDY26,Dairy,2016.0,OUT046,Tier 1,Small,Supermarket Type1,0.030511,20.6,211.4244,4.0
Low Fat,DRE13,Soft Drinks,2017.0,OUT035,Tier 2,Small,Supermarket Type1,0.0277,6.28,87.9198,4.0
Regular,FDE51,Dairy,2016.0,OUT046,Tier 1,Small,Supermarket Type1,0.096467,5.925,42.8086,4.0
Regular,FDV56,Fruits and Vegetables,2014.0,OUT013,Tier 3,High,Supermarket Type1,0.013584,16.1,107.7596,4.0
Regular,FDU44,Fruits and Vegetables,2012.0,OUT049,Tier 1,Medium,Supermarket Type1,0.058517,12.15,164.1552,4.0
Regular,FDU16,Frozen Foods,2012.0,OUT049,Tier 1,Medium,Supermarket Type1,0.058366,19.25,82.1908,4.0
Low Fat,FDV07,Fruits and Vegetables,2015.0,OUT045,Tier 2,Medium,Supermarket Type1,0.031346,9.5,110.7228,4.0
Low Fat,FDW01,Canned,2018.0,OUT027,Tier 3,Medium,Supermarket Type3,0.06375,12.6,153.4682,4.0
Low Fat,FDG24,Baking Goods,2018.0,OUT027,Tier 3,Medium,Supermarket Type3,0.01456,12.6,81.425,4.0
Low Fat,FDO04,Frozen Foods,2018.0,OUT027,Tier 3,Medium,Supermarket Type3,0.026409,12.6,53.2614,4.0
Low Fat,DRB25,Soft Drinks,2017.0,OUT035,Tier 2,Small,Supermarket Type1,0.069447,12.3,106.3938,4.0
Regular,FDF08,Fruits and Vegetables,2016.0,OUT046,Tier 1,Small,Supermarket Type1,0.065208,14.3,89.8856,4.0
Low Fat,DRF03,Dairy,2017.0,OUT035,Tier 2,Small,Supermarket Type1,0.0453,19.1,38.8138,4.0
Low Fat,FDE02,Canned,2014.0,OUT013,Tier 3,High,Supermarket Type1,0.121149,8.71,93.7778,4.0
Low Fat,FDW49,Canned,2012.0,OUT049,Tier 1,Medium,Supermarket Type1,0.0,19.5,179.3002,4.0
Low Fat,FDR23,Breads,2020.0,OUT017,Tier 2,Medium,Supermarket Type1,0.0,15.85,174.737,4.0
Low Fat,NCJ29,Health and Hygiene,2018.0,OUT027,Tier 3,Medium,Supermarket Type3,0.035023,12.6,85.1224,4.0
Regular,FDZ01,Canned,2018.0,OUT027,Tier 3,Medium,Supermarket Type3,0.009015,12.6,102.699,4.0
Low Fat,FDG44,Fruits and Vegetables,2022.0,OUT018,Tier 3,Medium,Supermarket Type2,0.102607,6.13,54.0298,4.0
Regular,FDA47,Baking Goods,2015.0,OUT045,Tier 2,Medium,Supermarket Type1,0.0,10.5,162.421,4.0
Low Fat,NCD19,Household,2015.0,OUT045,Tier 2,Medium,Supermarket Type1,0.0,8.93,55.4614,4.0
Low Fat,FDN12,Baking Goods,2018.0,OUT027,Tier 3,Medium,Supermarket Type3,0.080711,12.6,113.1544,4.0
Low Fat,DRP35,Hard Drinks,2012.0,OUT049,Tier 1,Medium,Supermarket Type1,0.091009,18.85,129.6336,4.0
Regular,FDN23,Breads,2017.0,OUT035,Tier 2,Small,Supermarket Type1,0.075493,6.575,143.5444,4.0
Regular,FDH40,Frozen Foods,2018.0,OUT027,Tier 3,Medium,Supermarket Type3,0.078547,12.6,79.3276,4.0
Low Fat,FDA21,Snack Foods,2022.0,OUT018,Tier 3,Medium,Supermarket Type2,0.036107,13.65,184.4924,4.0
Low Fat,FDA46,Snack Foods,2014.0,OUT013,Tier 3,High,Supermarket Type1,0.117538,13.6,195.4136,4.0
Low Fat,NCM19,Others,2018.0,OUT027,Tier 3,Medium,Supermarket Type3,0.047008,12.6,112.0202,4.0
Regular,FDQ31,Fruits and Vegetables,2017.0,OUT035,Tier 2,Small,Supermarket Type1,0.0,5.785,87.1856,4.0
Low Fat,FDK55,Meat,2018.0,OUT019,Tier 1,Small,Grocery Store,0.045105,12.6,89.4172,4.0
Low Fat,DRG15,Dairy,2012.0,OUT049,Tier 1,Medium,Supermarket Type1,0.076855,6.13,59.3536,4.0
Regular,FDT32,Fruits and Vegetables,2018.0,OUT019,Tier 1,Small,Grocery Store,0.114917,12.6,188.4214,4.0
Low Fat,FDN02,Canned,2014.0,OUT013,Tier 3,High,Supermarket Type1,0.073766,16.5,208.5638,4.0
Regular,FDJ40,Frozen Foods,2018.0,OUT027,Tier 3,Medium,Supermarket Type3,0.049349,12.6,108.6912,4.0
Low Fat,FDU13,Canned,2018.0,OUT019,Tier 1,Small,Grocery Store,0.328391,12.6,146.0418,4.0
Regular,FDS27,Meat,2017.0,OUT035,Tier 2,Small,Supermarket Type1,0.012456,10.195,197.511,4.0
Low Fat,DRM59,Hard Drinks,2018.0,OUT019,Tier 1,Small,Grocery Store,0.006289,12.6,153.2998,4.0
Low Fat,NCV30,Household,2011.0,OUT010,Tier 3,Medium,Grocery Store,0.110357,20.2,62.051,4.0
Regular,FDA51,Dairy,2014.0,OUT013,Tier 3,High,Supermarket Type1,0.164543,8.05,112.2518,4.0
Low Fat,NCY41,Health and Hygiene,2012.0,OUT049,Tier 1,Medium,Supermarket Type1,0.075853,16.75,36.8532,4.0
Low Fat,FDM52,Frozen Foods,2016.0,OUT046,Tier 1,Small,Supermarket Type1,0.025993,15.1,147.4076,4.0
Low Fat,FDS47,Breads,2012.0,OUT049,Tier 1,Medium,Supermarket Type1,0.129086,16.75,89.4856,4.0
Regular,FDW27,Meat,2022.0,OUT018,Tier 3,Medium,Supermarket Type2,0.151468,5.86,154.1314,4.0
Low Fat,FDD51,Dairy,2012.0,OUT049,Tier 1,Medium,Supermarket Type1,0.120189,11.15,45.0744,4.0
Low Fat,NCN06,Household,2016.0,OUT046,Tier 1,Small,Supermarket Type1,0.120497,8.39,162.2868,4.0
Regular,FDR57,Snack Foods,2017.0,OUT035,Tier 2,Small,Supermarket Type1,0.023493,5.675,155.5288,4.0
Low Fat,NCO17,Health and Hygiene,2018.0,OUT027,Tier 3,Medium,Supermarket Type3,0.073024,12.6,121.844,4.0
Regular,FDJ33,Snack Foods,2020.0,OUT017,Tier 2,Medium,Supermarket Type1,0.088822,8.895,125.173,4.0
Low Fat,FDB15,Dairy,2016.0,OUT046,Tier 1,Small,Supermarket Type1,0.136811,10.895,263.0568,4.0
Low Fat,FDZ12,Baking Goods,2018.0,OUT019,Tier 1,Small,Grocery Store,0.0,12.6,144.847,4.0
Low Fat,NCI31,Others,2022.0,OUT018,Tier 3,Medium,Supermarket Type2,0.081658,20.0,35.019,4.0
Low Fat,NCV05,Health and Hygiene,2020.0,OUT017,Tier 2,Medium,Supermarket Type1,0.030379,10.1,153.4656,4.0
Low Fat,DRG51,Dairy,2011.0,OUT010,Tier 3,Medium,Grocery Store,0.019315,12.1,164.6526,4.0
Low Fat,FDP24,Baking Goods,2014.0,OUT013,Tier 3,High,Supermarket Type1,0.082935,20.6,119.5756,4.0
Regular,FDN56,Fruits and Vegetables,2014.0,OUT013,Tier 3,High,Supermarket Type1,0.106968,5.46,142.6786,4.0
Low Fat,DRE60,Soft Drinks,2012.0,OUT049,Tier 1,Medium,Supermarket Type1,0.159582,9.395,224.772,4.0
Low Fat,FDW49,Canned,2018.0,OUT019,Tier 1,Small,Grocery Store,0.144538,12.6,180.6002,4.0
Low Fat,FDM20,Fruits and Vegetables,2016.0,OUT046,Tier 1,Small,Supermarket Type1,0.038686,10.0,243.8144,4.0
Low Fat,FDK48,Baking Goods,2012.0,OUT049,Tier 1,Medium,Supermarket Type1,0.037691,7.445,73.3354,4.0
Low Fat,FDX50,Dairy,2017.0,OUT035,Tier 2,Small,Supermarket Type1,0.074613,20.1,108.7228,4.0
Low Fat,NCN14,Others,2018.0,OUT019,Tier 1,Small,Grocery Store,0.160936,12.6,184.2608,4.0
Regular,FDV57,Snack Foods,2018.0,OUT027,Tier 3,Medium,Supermarket Type3,0.065577,12.6,181.766,4.0
Regular,FDZ39,Meat,2020.0,OUT017,Tier 2,Medium,Supermarket Type1,0.018127,19.7,101.799,4.0
Regular,FDX27,Dairy,2016.0,OUT046,Tier 1,Small,Supermarket Type1,0.114117,20.7,92.7436,4.0
Regular,FDO01,Breakfast,2015.0,OUT045,Tier 2,Medium,Supermarket Type1,0.020761,21.1,128.7994,4.0
Low Fat,FDU25,Canned,2017.0,OUT035,Tier 2,Small,Supermarket Type1,0.026676,12.35,57.0246,4.0
Regular,FDD59,Starchy Foods,2015.0,OUT045,Tier 2,Medium,Supermarket Type1,0.066315,10.5,78.296,4.0
Low Fat,FDH22,Snack Foods,2017.0,OUT035,Tier 2,Small,Supermarket Type1,0.136275,6.405,128.1678,4.0
Low Fat,FDQ22,Snack Foods,2015.0,OUT045,Tier 2,Medium,Supermarket Type1,0.0298,16.75,39.1822,4.0
Low Fat,FDG57,Fruits and Vegetables,2012.0,OUT049,Tier 1,Medium,Supermarket Type1,0.072411,14.7,48.2034,4.0
Regular,FDR20,Fruits and Vegetables,2017.0,OUT035,Tier 2,Small,Supermarket Type1,0.028118,20.0,46.7744,4.0
Low Fat,FDU22,Snack Foods,2018.0,OUT019,Tier 1,Small,Grocery Store,0.16335,12.6,120.2124,4.0
Regular,FDF34,Snack Foods,2022.0,OUT018,Tier 3,Medium,Supermarket Type2,0.014077,9.3,200.0084,4.0
Regular,FDJ33,Snack Foods,2017.0,OUT035,Tier 2,Small,Supermarket Type1,0.088305,8.895,123.473,4.0
Regular,FDS44,Fruits and Vegetables,2018.0,OUT027,Tier 3,Medium,Supermarket Type3,0.155288,12.6,241.7538,4.0
Regular,FDZ39,Meat,2017.0,OUT035,Tier 2,Small,Supermarket Type1,0.018021,19.7,101.199,4.0
Low Fat,NCM31,Others,2020.0,OUT017,Tier 2,Medium,Supermarket Type1,0.081656,6.095,143.3154,4.0
Low Fat,FDR48,Baking Goods,2012.0,OUT049,Tier 1,Medium,Supermarket Type1,0.131709,11.65,152.3024,4.0
Low Fat,FDY13,Canned,2012.0,OUT049,Tier 1,Medium,Supermarket Type1,0.030174,12.1,76.667,4.0
Low Fat,FDA49,Canned,2012.0,OUT049,Tier 1,Medium,Supermarket Type1,0.065023,19.7,87.0198,4.0
Low Fat,FDY14,Dairy,2012.0,OUT049,Tier 1,Medium,Supermarket Type1,0.070149,10.3,264.5226,4.0
Low Fat,FDK52,Frozen Foods,2012.0,OUT049,Tier 1,Medium,Supermarket Type1,0.079342,18.25,226.0062,4.0
Low Fat,FDV31,Fruits and Vegetables,2012.0,OUT049,Tier 1,Medium,Supermarket Type1,0.0,9.8,175.237,4.0
Low Fat,FDX15,Meat,2012.0,OUT049,Tier 1,Medium,Supermarket Type1,0.156542,17.2,162.4578,4.0
Low Fat,NCM26,Others,2012.0,OUT049,Tier 1,Medium,Supermarket Type1,0.023179,20.5,154.034,4.0
Low Fat,FDH33,Snack Foods,2012.0,OUT049,Tier 1,Medium,Supermarket Type1,0.121915,12.85,43.5428,4.0
Low Fat,FDT48,Baking Goods,2012.0,OUT049,Tier 1,Medium,Supermarket Type1,0.046026,4.92,196.5084,4.0
Low Fat,FDW23,Baking Goods,2012.0,OUT049,Tier 1,Medium,Supermarket Type1,0.08214,5.765,37.2164,4.0
Low Fat,FDW24,Baking Goods,2012.0,OUT049,Tier 1,Medium,Supermarket Type1,0.037555,6.8,49.6034,4.0
Low Fat,FDB60,Baking Goods,2012.0,OUT049,Tier 1,Medium,Supermarket Type1,0.028566,9.3,193.0136,4.0
Low Fat,FDY36,Baking Goods,2012.0,OUT049,Tier 1,Medium,Supermarket Type1,0.009425,12.3,74.838,4.0
Low Fat,FDH48,Baking Goods,2012.0,OUT049,Tier 1,Medium,Supermarket Type1,0.0,13.5,84.654,4.0
Low Fat,FDP60,Baking Goods,2012.0,OUT049,Tier 1,Medium,Supermarket Type1,0.056006,17.35,99.2016,4.0
Low Fat,FDW48,Baking Goods,2012.0,OUT049,Tier 1,Medium,Supermarket Type1,0.008554,18.0,79.3618,4.0
Low Fat,FDR35,Breads,2012.0,OUT049,Tier 1,Medium,Supermarket Type1,0.02073,12.5,197.2742,4.0
Low Fat,FDV47,Breads,2012.0,OUT049,Tier 1,Medium,Supermarket Type1,0.0,17.1,85.5566,4.0
Low Fat,FDR47,Breads,2012.0,OUT049,Tier 1,Medium,Supermarket Type1,0.087605,17.85,196.9794,4.0
Low Fat,FDV35,Breads,2012.0,OUT049,Tier 1,Medium,Supermarket Type1,0.128405,19.5,156.4314,4.0
Low Fat,FDO37,Breakfast,2012.0,OUT049,Tier 1,Medium,Supermarket Type1,0.02141,8.06,229.7326,4.0
Low Fat,FDV25,Canned,2012.0,OUT049,Tier 1,Medium,Supermarket Type1,0.045723,5.905,222.1456,4.0
Low Fat,FDO25,Canned,2012.0,OUT049,Tier 1,Medium,Supermarket Type1,0.127647,6.3,207.927,4.0
Low Fat,FDT49,Canned,2012.0,OUT049,Tier 1,Medium,Supermarket Type1,0.0,7.0,105.628,4.0
Low Fat,FDS37,Canned,2012.0,OUT049,Tier 1,Medium,Supermarket Type1,0.031995,7.655,114.3492,4.0
Low Fat,FDW13,Canned,2012.0,OUT049,Tier 1,Medium,Supermarket Type1,0.098037,8.5,51.5324,4.0
Low Fat,FDJ50,Canned,2012.0,OUT049,Tier 1,Medium,Supermarket Type1,0.02162,8.645,50.6982,4.0
Low Fat,FDQ13,Canned,2012.0,OUT049,Tier 1,Medium,Supermarket Type1,0.010658,11.1,83.0908,4.0
Low Fat,FDS01,Canned,2012.0,OUT049,Tier 1,Medium,Supermarket Type1,0.0,11.6,178.2686,4.0
Low Fat,FDP25,Canned,2012.0,OUT049,Tier 1,Medium,Supermarket Type1,0.02124,15.2,216.9824,4.0
Low Fat,FDA13,Canned,2012.0,OUT049,Tier 1,Medium,Supermarket Type1,0.078677,15.85,37.8506,4.0
Low Fat,FDX37,Canned,2012.0,OUT049,Tier 1,Medium,Supermarket Type1,0.063127,16.2,100.47,4.0
Low Fat,FDO38,Canned,2012.0,OUT049,Tier 1,Medium,Supermarket Type1,0.072952,17.25,76.0986,4.0
Low Fat,FDL26,Canned,2012.0,OUT049,Tier 1,Medium,Supermarket Type1,0.073307,18.0,155.0972,4.0
Low Fat,FDG26,Canned,2012.0,OUT049,Tier 1,Medium,Supermarket Type1,0.042716,18.85,257.833,4.0
Low Fat,FDA38,Dairy,2012.0,OUT049,Tier 1,Medium,Supermarket Type1,0.02552,5.44,238.7538,4.0
Low Fat,FDB27,Dairy,2012.0,OUT049,Tier 1,Medium,Supermarket Type1,0.055476,7.575,196.8768,4.0
Low Fat,FDZ27,Dairy,2012.0,OUT049,Tier 1,Medium,Supermarket Type1,0.017183,7.935,51.235,4.0
Low Fat,FDQ14,Dairy,2012.0,OUT049,Tier 1,Medium,Supermarket Type1,0.061883,9.27,147.905,4.0
Low Fat,DRG51,Dairy,2012.0,OUT049,Tier 1,Medium,Supermarket Type1,0.011558,12.1,165.3526,4.0
Low Fat,FDW50,Dairy,2012.0,OUT049,Tier 1,Medium,Supermarket Type1,0.075696,13.1,168.4158,4.0
Low Fat,FDZ15,Dairy,2012.0,OUT049,Tier 1,Medium,Supermarket Type1,0.020903,13.1,119.2782,4.0
Low Fat,DRJ51,Dairy,2012.0,OUT049,Tier 1,Medium,Supermarket Type1,0.0,14.1,231.9668,4.0
Low Fat,DRG39,Dairy,2012.0,OUT049,Tier 1,Medium,Supermarket Type1,0.042247,14.15,54.2982,4.0
Low Fat,FDC04,Dairy,2012.0,OUT049,Tier 1,Medium,Supermarket Type1,0.045056,15.6,242.3854,4.0
Low Fat,FDV02,Dairy,2012.0,OUT049,Tier 1,Medium,Supermarket Type1,0.06064,16.75,173.0106,4.0
Low Fat,FDB52,Dairy,2012.0,OUT049,Tier 1,Medium,Supermarket Type1,0.030483,17.75,257.2672,4.0
Low Fat,FDV38,Dairy,2012.0,OUT049,Tier 1,Medium,Supermarket Type1,0.101932,19.25,54.5956,4.0
Low Fat,FDK51,Dairy,2012.0,OUT049,Tier 1,Medium,Supermarket Type1,0.005243,19.85,266.1884,4.0
Low Fat,FDO28,Frozen Foods,2012.0,OUT049,Tier 1,Medium,Supermarket Type1,0.072411,5.765,122.5098,4.0
Low Fat,FDY52,Frozen Foods,2012.0,OUT049,Tier 1,Medium,Supermarket Type1,0.00736,6.365,60.1536,4.0
Low Fat,FDQ04,Frozen Foods,2012.0,OUT049,Tier 1,Medium,Supermarket Type1,0.084885,6.4,39.2796,4.0
Low Fat,FDR04,Frozen Foods,2012.0,OUT049,Tier 1,Medium,Supermarket Type1,0.022602,7.075,98.1068,4.0
Low Fat,FDZ40,Frozen Foods,2012.0,OUT049,Tier 1,Medium,Supermarket Type1,0.040245,8.935,54.9298,4.0
Low Fat,FDJ16,Frozen Foods,2012.0,OUT049,Tier 1,Medium,Supermarket Type1,0.115064,9.195,58.6246,4.0
Low Fat,FDT28,Frozen Foods,2012.0,OUT049,Tier 1,Medium,Supermarket Type1,0.063665,13.3,151.6708,4.0
Low Fat,FDB53,Frozen Foods,2012.0,OUT049,Tier 1,Medium,Supermarket Type1,0.139669,13.35,147.6392,4.0
Low Fat,FDD53,Frozen Foods,2012.0,OUT049,Tier 1,Medium,Supermarket Type1,0.044291,16.2,43.3454,4.0
Low Fat,FDQ52,Frozen Foods,2012.0,OUT049,Tier 1,Medium,Supermarket Type1,0.119571,17.0,249.7434,4.0
Low Fat,FDJ04,Frozen Foods,2012.0,OUT049,Tier 1,Medium,Supermarket Type1,0.124646,18.0,117.2124,4.0
Low Fat,FDG44,Fruits and Vegetables,2012.0,OUT049,Tier 1,Medium,Supermarket Type1,0.10235,6.13,55.0298,4.0
Low Fat,FDO32,Fruits and Vegetables,2012.0,OUT049,Tier 1,Medium,Supermarket Type1,0.120731,6.36,46.506,4.0
Low Fat,FDA20,Fruits and Vegetables,2012.0,OUT049,Tier 1,Medium,Supermarket Type1,0.066725,6.78,187.724,4.0
Low Fat,FDA19,Fruits and Vegetables,2012.0,OUT049,Tier 1,Medium,Supermarket Type1,0.055213,7.52,129.5994,4.0
Low Fat,FDW56,Fruits and Vegetables,2012.0,OUT049,Tier 1,Medium,Supermarket Type1,0.071011,7.68,190.9162,4.0
Low Fat,FDZ44,Fruits and Vegetables,2012.0,OUT049,Tier 1,Medium,Supermarket Type1,0.038789,8.185,115.6808,4.0
Low Fat,FDS20,Fruits and Vegetables,2012.0,OUT049,Tier 1,Medium,Supermarket Type1,0.053951,8.85,182.7292,4.0
Low Fat,FDU07,Fruits and Vegetables,2012.0,OUT049,Tier 1,Medium,Supermarket Type1,0.05994,11.1,149.1366,4.0
Low Fat,FDX08,Fruits and Vegetables,2012.0,OUT049,Tier 1,Medium,Supermarket Type1,0.022639,12.85,179.7318,4.0
Low Fat,FDZ56,Fruits and Vegetables,2012.0,OUT049,Tier 1,Medium,Supermarket Type1,0.025777,16.25,169.9474,4.0
Low Fat,FDY55,Fruits and Vegetables,2012.0,OUT049,Tier 1,Medium,Supermarket Type1,0.081447,16.75,257.0988,4.0
Low Fat,FDL20,Fruits and Vegetables,2012.0,OUT049,Tier 1,Medium,Supermarket Type1,0.128614,17.1,111.6886,4.0
Low Fat,FDB33,Fruits and Vegetables,2012.0,OUT049,Tier 1,Medium,Supermarket Type1,0.014603,17.75,158.6262,4.0
Low Fat,FDV55,Fruits and Vegetables,2012.0,OUT049,Tier 1,Medium,Supermarket Type1,0.055159,17.75,145.6444,4.0
Low Fat,FDA44,Fruits and Vegetables,2012.0,OUT049,Tier 1,Medium,Supermarket Type1,0.053305,19.7,58.193,4.0
Low Fat,DRH11,Hard Drinks,2012.0,OUT049,Tier 1,Medium,Supermarket Type1,0.075675,5.98,53.3614,4.0
Low Fat,DRN11,Hard Drinks,2012.0,OUT049,Tier 1,Medium,Supermarket Type1,0.163234,7.85,144.6444,4.0
Low Fat,DRK47,Hard Drinks,2012.0,OUT049,Tier 1,Medium,Supermarket Type1,0.064164,7.905,229.9694,4.0
Low Fat,DRJ11,Hard Drinks,2012.0,OUT049,Tier 1,Medium,Supermarket Type1,0.085223,9.5,189.2872,4.0
Low Fat,DRO47,Hard Drinks,2012.0,OUT049,Tier 1,Medium,Supermarket Type1,0.112399,10.195,111.686,4.0
Low Fat,DRJ59,Hard Drinks,2012.0,OUT049,Tier 1,Medium,Supermarket Type1,0.019402,11.65,38.7164,4.0
Low Fat,DRO59,Hard Drinks,2012.0,OUT049,Tier 1,Medium,Supermarket Type1,0.054238,11.8,75.4012,4.0
Low Fat,DRO35,Hard Drinks,2012.0,OUT049,Tier 1,Medium,Supermarket Type1,0.034624,13.85,115.0492,4.0
Low Fat,DRI47,Hard Drinks,2012.0,OUT049,Tier 1,Medium,Supermarket Type1,0.020953,14.7,143.5128,4.0
Low Fat,DRI23,Hard Drinks,2012.0,OUT049,Tier 1,Medium,Supermarket Type1,0.13741,18.85,161.7578,4.0
Low Fat,NCM05,Health and Hygiene,2012.0,OUT049,Tier 1,Medium,Supermarket Type1,0.05994,6.825,262.4226,4.0
Low Fat,NCO05,Health and Hygiene,2012.0,OUT049,Tier 1,Medium,Supermarket Type1,0.046632,7.27,98.4384,4.0
Low Fat,NCI29,Health and Hygiene,2012.0,OUT049,Tier 1,Medium,Supermarket Type1,0.032672,8.6,141.2154,4.0
Low Fat,NCB54,Health and Hygiene,2012.0,OUT049,Tier 1,Medium,Supermarket Type1,0.050131,8.76,128.3336,4.0
Low Fat,NCO29,Health and Hygiene,2012.0,OUT049,Tier 1,Medium,Supermarket Type1,0.032306,11.15,166.3526,4.0
Low Fat,NCQ05,Health and Hygiene,2012.0,OUT049,Tier 1,Medium,Supermarket Type1,0.02164,11.395,150.1708,4.0
Low Fat,NCV29,Health and Hygiene,2012.0,OUT049,Tier 1,Medium,Supermarket Type1,0.022879,11.8,176.0686,4.0
Low Fat,NCR53,Health and Hygiene,2012.0,OUT049,Tier 1,Medium,Supermarket Type1,0.145266,12.15,224.0404,4.0
Low Fat,NCN29,Health and Hygiene,2012.0,OUT049,Tier 1,Medium,Supermarket Type1,0.0,15.2,47.8034,4.0
Low Fat,NCO53,Health and Hygiene,2012.0,OUT049,Tier 1,Medium,Supermarket Type1,0.0,16.2,182.1608,4.0
Low Fat,NCM41,Health and Hygiene,2012.0,OUT049,Tier 1,Medium,Supermarket Type1,0.035711,16.5,93.612,4.0
Low Fat,NCC54,Health and Hygiene,2012.0,OUT049,Tier 1,Medium,Supermarket Type1,0.097863,17.75,239.3196,4.0
Low Fat,NCW41,Health and Hygiene,2012.0,OUT049,Tier 1,Medium,Supermarket Type1,0.0,18.0,158.0604,4.0
Low Fat,NCY17,Health and Hygiene,2012.0,OUT049,Tier 1,Medium,Supermarket Type1,0.16335,18.2,45.1086,4.0
Low Fat,NCW53,Health and Hygiene,2012.0,OUT049,Tier 1,Medium,Supermarket Type1,0.030542,18.35,193.1162,4.0
Low Fat,NCJ05,Health and Hygiene,2012.0,OUT049,Tier 1,Medium,Supermarket Type1,0.04616,18.7,152.3682,4.0
Low Fat,NCW05,Health and Hygiene,2012.0,OUT049,Tier 1,Medium,Supermarket Type1,0.148303,20.25,108.3938,4.0
Low Fat,NCA05,Health and Hygiene,2012.0,OUT049,Tier 1,Medium,Supermarket Type1,0.02517,20.75,150.4734,4.0
Low Fat,NCT42,Household,2012.0,OUT049,Tier 1,Medium,Supermarket Type1,0.024926,5.88,149.9392,4.0
Low Fat,NCS30,Household,2012.0,OUT049,Tier 1,Medium,Supermarket Type1,0.093171,5.945,127.3652,4.0
Low Fat,NCF06,Household,2012.0,OUT049,Tier 1,Medium,Supermarket Type1,0.02023,6.235,260.8962,4.0
Low Fat,NCO26,Household,2012.0,OUT049,Tier 1,Medium,Supermarket Type1,0.076975,7.235,116.6492,4.0
Low Fat,NCM06,Household,2012.0,OUT049,Tier 1,Medium,Supermarket Type1,0.075846,7.475,156.0656,4.0
Low Fat,NCW54,Household,2012.0,OUT049,Tier 1,Medium,Supermarket Type1,0.0,7.5,59.2588,4.0
Low Fat,NCS42,Household,2012.0,OUT049,Tier 1,Medium,Supermarket Type1,0.069524,8.6,91.8146,4.0
Low Fat,NCU54,Household,2012.0,OUT049,Tier 1,Medium,Supermarket Type1,0.098776,8.88,208.927,4.0
Low Fat,NCT30,Household,2012.0,OUT049,Tier 1,Medium,Supermarket Type1,0.080418,9.1,48.8718,4.0
Low Fat,NCK18,Household,2012.0,OUT049,Tier 1,Medium,Supermarket Type1,0.006709,9.6,164.6184,4.0
Low Fat,NCK54,Household,2012.0,OUT049,Tier 1,Medium,Supermarket Type1,0.029569,12.15,115.015,4.0
Low Fat,NCR06,Household,2012.0,OUT049,Tier 1,Medium,Supermarket Type1,0.006776,12.5,42.9112,4.0
Low Fat,NCS18,Household,2012.0,OUT049,Tier 1,Medium,Supermarket Type1,0.042277,12.65,108.4938,4.0
Low Fat,NCD06,Household,2012.0,OUT049,Tier 1,Medium,Supermarket Type1,0.09948,13.0,44.906,4.0
Low Fat,NCQ06,Household,2012.0,OUT049,Tier 1,Medium,Supermarket Type1,0.04189,13.0,255.9014,4.0
Low Fat,NCH07,Household,2012.0,OUT049,Tier 1,Medium,Supermarket Type1,0.092811,13.15,159.7604,4.0
Low Fat,NCD55,Household,2012.0,OUT049,Tier 1,Medium,Supermarket Type1,0.024369,14.0,40.2454,4.0
Low Fat,NCZ54,Household,2012.0,OUT049,Tier 1,Medium,Supermarket Type1,0.083489,14.65,161.3552,4.0
Low Fat,NCI54,Household,2012.0,OUT049,Tier 1,Medium,Supermarket Type1,0.033651,15.2,108.9912,4.0
Low Fat,NCE30,Household,2012.0,OUT049,Tier 1,Medium,Supermarket Type1,0.09929,16.0,214.0902,4.0
Low Fat,NCH55,Household,2012.0,OUT049,Tier 1,Medium,Supermarket Type1,0.034726,16.35,125.602,4.0
Low Fat,NCH30,Household,2012.0,OUT049,Tier 1,Medium,Supermarket Type1,0.067258,17.1,115.186,4.0
Low Fat,NCL30,Household,2012.0,OUT049,Tier 1,Medium,Supermarket Type1,0.049017,18.1,128.7336,4.0
Low Fat,NCI55,Household,2012.0,OUT049,Tier 1,Medium,Supermarket Type1,0.012673,18.6,121.5414,4.0
Low Fat,NCI42,Household,2012.0,OUT049,Tier 1,Medium,Supermarket Type1,0.010382,18.75,207.8954,4.0
Low Fat,NCQ50,Household,2012.0,OUT049,Tier 1,Medium,Supermarket Type1,0.034361,18.75,215.7218,4.0
Low Fat,NCC06,Household,2012.0,OUT049,Tier 1,Medium,Supermarket Type1,0.027028,19.0,127.0336,4.0
Low Fat,NCZ06,Household,2012.0,OUT049,Tier 1,Medium,Supermarket Type1,0.094308,19.6,251.8698,4.0
Low Fat,NCR50,Household,2012.0,OUT049,Tier 1,Medium,Supermarket Type1,0.011838,20.2,155.134,4.0
Low Fat,NCP30,Household,2012.0,OUT049,Tier 1,Medium,Supermarket Type1,0.03282,20.5,38.9822,4.0
Low Fat,NCR30,Household,2012.0,OUT049,Tier 1,Medium,Supermarket Type1,0.071103,20.6,75.4696,4.0
Low Fat,FDA39,Meat,2012.0,OUT049,Tier 1,Medium,Supermarket Type1,0.012738,6.32,38.5822,4.0
Low Fat,FDK27,Meat,2012.0,OUT049,Tier 1,Medium,Supermarket Type1,0.00896,11.0,119.1756,4.0
Low Fat,FDG31,Meat,2012.0,OUT049,Tier 1,Medium,Supermarket Type1,0.037955,12.15,62.8826,4.0
Low Fat,FDY51,Meat,2012.0,OUT049,Tier 1,Medium,Supermarket Type1,0.081261,12.5,221.7798,4.0
Low Fat,FDQ39,Meat,2012.0,OUT049,Tier 1,Medium,Supermarket Type1,0.081168,14.8,190.5846,4.0
Low Fat,NCM07,Others,2012.0,OUT049,Tier 1,Medium,Supermarket Type1,0.040024,9.395,85.5908,4.0
Low Fat,NCQ43,Others,2012.0,OUT049,Tier 1,Medium,Supermarket Type1,0.111475,17.75,108.0912,4.0
Low Fat,NCJ31,Others,2012.0,OUT049,Tier 1,Medium,Supermarket Type1,0.182938,19.2,243.0196,4.0
Low Fat,FDH09,Seafood,2012.0,OUT049,Tier 1,Medium,Supermarket Type1,0.056165,12.6,51.8982,4.0
Low Fat,FDD46,Snack Foods,2012.0,OUT049,Tier 1,Medium,Supermarket Type1,0.141476,6.035,155.0998,4.0
Low Fat,FDX21,Snack Foods,2012.0,OUT049,Tier 1,Medium,Supermarket Type1,0.085098,7.05,108.2912,4.0
Low Fat,FDQ57,Snack Foods,2012.0,OUT049,Tier 1,Medium,Supermarket Type1,0.027991,7.275,145.976,4.0
Low Fat,FDT58,Snack Foods,2012.0,OUT049,Tier 1,Medium,Supermarket Type1,0.086088,9.0,168.7816,4.0
Low Fat,FDY58,Snack Foods,2012.0,OUT049,Tier 1,Medium,Supermarket Type1,0.039981,11.65,227.3694,4.0
Low Fat,FDH58,Snack Foods,2012.0,OUT049,Tier 1,Medium,Supermarket Type1,0.036997,12.3,115.9834,4.0
Low Fat,FDQ33,Snack Foods,2012.0,OUT049,Tier 1,Medium,Supermarket Type1,0.091349,13.35,150.3708,4.0
Low Fat,FDA21,Snack Foods,2012.0,OUT049,Tier 1,Medium,Supermarket Type1,0.036017,13.65,186.3924,4.0
Low Fat,FDJ09,Snack Foods,2012.0,OUT049,Tier 1,Medium,Supermarket Type1,0.058486,15.0,44.7744,4.0
Low Fat,FDT57,Snack Foods,2012.0,OUT049,Tier 1,Medium,Supermarket Type1,0.019064,15.2,238.2248,4.0
Low Fat,FDX45,Snack Foods,2012.0,OUT049,Tier 1,Medium,Supermarket Type1,0.105019,16.75,155.263,4.0
Low Fat,FDL22,Snack Foods,2012.0,OUT049,Tier 1,Medium,Supermarket Type1,0.036447,16.85,90.3488,4.0
Low Fat,FDR10,Snack Foods,2012.0,OUT049,Tier 1,Medium,Supermarket Type1,0.010056,17.6,163.7552,4.0
Low Fat,FDY10,Snack Foods,2012.0,OUT049,Tier 1,Medium,Supermarket Type1,0.049144,17.6,112.7176,4.0
Low Fat,FDZ09,Snack Foods,2012.0,OUT049,Tier 1,Medium,Supermarket Type1,0.105042,17.6,163.8868,4.0
Low Fat,FDZ58,Snack Foods,2012.0,OUT049,Tier 1,Medium,Supermarket Type1,0.052258,17.85,121.8072,4.0
Low Fat,FDW45,Snack Foods,2012.0,OUT049,Tier 1,Medium,Supermarket Type1,0.039072,18.0,145.3418,4.0
Low Fat,FDV46,Snack Foods,2012.0,OUT049,Tier 1,Medium,Supermarket Type1,0.012627,18.2,140.818,4.0
Low Fat,FDN57,Snack Foods,2012.0,OUT049,Tier 1,Medium,Supermarket Type1,0.054319,18.25,140.9154,4.0
Low Fat,FDR09,Snack Foods,2012.0,OUT049,Tier 1,Medium,Supermarket Type1,0.077845,18.25,260.5962,4.0
Low Fat,FDN21,Snack Foods,2012.0,OUT049,Tier 1,Medium,Supermarket Type1,0.076975,18.6,161.8236,4.0
Low Fat,FDP09,Snack Foods,2012.0,OUT049,Tier 1,Medium,Supermarket Type1,0.033943,19.75,213.5902,4.0
Low Fat,FDV58,Snack Foods,2012.0,OUT049,Tier 1,Medium,Supermarket Type1,0.121439,20.85,196.1452,4.0
Low Fat,FDH10,Snack Foods,2012.0,OUT049,Tier 1,Medium,Supermarket Type1,0.049382,21.0,193.0478,4.0
Low Fat,DRG48,Soft Drinks,2012.0,OUT049,Tier 1,Medium,Supermarket Type1,0.014578,5.78,147.2102,4.0
Low Fat,DRD25,Soft Drinks,2012.0,OUT049,Tier 1,Medium,Supermarket Type1,0.079095,6.135,114.386,4.0
Low Fat,DRE13,Soft Drinks,2012.0,OUT049,Tier 1,Medium,Supermarket Type1,0.027748,6.28,86.5198,4.0
Low Fat,DRB24,Soft Drinks,2012.0,OUT049,Tier 1,Medium,Supermarket Type1,0.020609,8.785,155.1656,4.0
Low Fat,DRN37,Soft Drinks,2012.0,OUT049,Tier 1,Medium,Supermarket Type1,0.0,9.6,166.5158,4.0
Low Fat,DRJ24,Soft Drinks,2012.0,OUT049,Tier 1,Medium,Supermarket Type1,0.113505,11.8,186.8924,4.0
Low Fat,DRK13,Soft Drinks,2012.0,OUT049,Tier 1,Medium,Supermarket Type1,0.115347,11.8,200.2084,4.0
Low Fat,DRF13,Soft Drinks,2012.0,OUT049,Tier 1,Medium,Supermarket Type1,0.029828,12.1,144.3444,4.0
Low Fat,DRH37,Soft Drinks,2012.0,OUT049,Tier 1,Medium,Supermarket Type1,0.041681,17.6,164.2526,4.0
Low Fat,DRC12,Soft Drinks,2012.0,OUT049,Tier 1,Medium,Supermarket Type1,0.037886,17.85,190.4188,4.0
Low Fat,DRI25,Soft Drinks,2012.0,OUT049,Tier 1,Medium,Supermarket Type1,0.033954,19.6,56.4614,4.0
Low Fat,DRE49,Soft Drinks,2012.0,OUT049,Tier 1,Medium,Supermarket Type1,0.021283,20.75,153.5024,4.0
Low Fat,FDA34,Starchy Foods,2012.0,OUT049,Tier 1,Medium,Supermarket Type1,0.014884,11.5,174.508,4.0
Low Fat,FDI35,Starchy Foods,2012.0,OUT049,Tier 1,Medium,Supermarket Type1,0.041355,14.0,182.0634,4.0
Regular,FDE36,Baking Goods,2012.0,OUT049,Tier 1,Medium,Supermarket Type1,0.041837,5.26,161.8868,4.0
Regular,FDZ59,Baking Goods,2012.0,OUT049,Tier 1,Medium,Supermarket Type1,0.104183,6.63,166.15,4.0
Regular,FDY11,Baking Goods,2012.0,OUT049,Tier 1,Medium,Supermarket Type1,0.029606,6.71,65.4142,4.0
Regular,FDQ36,Baking Goods,2012.0,OUT049,Tier 1,Medium,Supermarket Type1,0.161799,7.855,37.2848,4.0
Regular,FDS36,Baking Goods,2012.0,OUT049,Tier 1,Medium,Supermarket Type1,0.04696,8.38,111.857,4.0
Regular,FDP12,Baking Goods,2012.0,OUT049,Tier 1,Medium,Supermarket Type1,0.045337,9.8,36.8874,4.0
Regular,FDM60,Baking Goods,2012.0,OUT049,Tier 1,Medium,Supermarket Type1,0.048218,10.8,42.2138,4.0
Regular,FDM36,Baking Goods,2012.0,OUT049,Tier 1,Medium,Supermarket Type1,0.058822,11.65,173.5422,4.0
Regular,FDL48,Baking Goods,2012.0,OUT049,Tier 1,Medium,Supermarket Type1,0.082394,19.35,48.5034,4.0
Regular,FDX47,Breads,2012.0,OUT049,Tier 1,Medium,Supermarket Type1,0.034658,6.55,155.8288,4.0
Regular,FDY47,Breads,2012.0,OUT049,Tier 1,Medium,Supermarket Type1,0.0,8.6,131.531,4.0
Regular,FDO49,Breakfast,2012.0,OUT049,Tier 1,Medium,Supermarket Type1,0.033104,10.6,48.9008,4.0
Regular,FDN49,Breakfast,2012.0,OUT049,Tier 1,Medium,Supermarket Type1,0.125419,17.25,40.048,4.0
Regular,FDQ25,Canned,2012.0,OUT049,Tier 1,Medium,Supermarket Type1,0.028321,8.63,172.5422,4.0
Regular,FDG38,Canned,2012.0,OUT049,Tier 1,Medium,Supermarket Type1,0.052811,8.975,86.6224,4.0
Regular,FDL50,Canned,2012.0,OUT049,Tier 1,Medium,Supermarket Type1,0.042379,12.15,125.4046,4.0
Regular,FDI38,Canned,2012.0,OUT049,Tier 1,Medium,Supermarket Type1,0.01465,13.35,207.3638,4.0
Regular,FDC14,Canned,2012.0,OUT049,Tier 1,Medium,Supermarket Type1,0.041313,14.5,42.0454,4.0
Regular,FDU50,Dairy,2012.0,OUT049,Tier 1,Medium,Supermarket Type1,0.075287,5.75,115.3176,4.0
Regular,FDJ15,Dairy,2012.0,OUT049,Tier 1,Medium,Supermarket Type1,0.023359,11.35,184.4608,4.0
Regular,FDC16,Dairy,2012.0,OUT049,Tier 1,Medium,Supermarket Type1,0.020602,11.5,86.054,4.0
Regular,FDQ26,Dairy,2012.0,OUT049,Tier 1,Medium,Supermarket Type1,0.0,13.5,57.8562,4.0
Regular,FDY38,Dairy,2012.0,OUT049,Tier 1,Medium,Supermarket Type1,0.119362,13.6,231.63,4.0
Regular,FDC40,Dairy,2012.0,OUT049,Tier 1,Medium,Supermarket Type1,0.065165,16.0,79.3986,4.0
Regular,FDB40,Dairy,2012.0,OUT049,Tier 1,Medium,Supermarket Type1,0.007552,17.5,145.8102,4.0
Regular,FDD52,Dairy,2012.0,OUT049,Tier 1,Medium,Supermarket Type1,0.18358,18.25,110.857,4.0
Regular,FDA27,Dairy,2012.0,OUT049,Tier 1,Medium,Supermarket Type1,0.030976,20.35,253.9672,4.0
Regular,FDR16,Frozen Foods,2012.0,OUT049,Tier 1,Medium,Supermarket Type1,0.105181,5.845,214.4218,4.0
Regular,FDG17,Frozen Foods,2012.0,OUT049,Tier 1,Medium,Supermarket Type1,0.035896,6.865,244.4486,4.0
Regular,FDR40,Frozen Foods,2012.0,OUT049,Tier 1,Medium,Supermarket Type1,0.008047,9.1,78.7618,4.0
Regular,FDT52,Frozen Foods,2012.0,OUT049,Tier 1,Medium,Supermarket Type1,0.047503,9.695,244.6144,4.0
Regular,FDT16,Frozen Foods,2012.0,OUT049,Tier 1,Medium,Supermarket Type1,0.048738,9.895,262.1278,4.0
Regular,FDG05,Frozen Foods,2012.0,OUT049,Tier 1,Medium,Supermarket Type1,0.0,11.0,155.263,4.0
Regular,FDP28,Frozen Foods,2012.0,OUT049,Tier 1,Medium,Supermarket Type1,0.080766,13.65,262.8936,4.0
Regular,FDH17,Frozen Foods,2012.0,OUT049,Tier 1,Medium,Supermarket Type1,0.016679,16.2,96.3726,4.0
Regular,FDV52,Frozen Foods,2012.0,OUT049,Tier 1,Medium,Supermarket Type1,0.12171,20.7,119.7466,4.0
Regular,FDF53,Frozen Foods,2012.0,OUT049,Tier 1,Medium,Supermarket Type1,0.083737,20.75,178.7318,4.0
Regular,FDN56,Fruits and Vegetables,2012.0,OUT049,Tier 1,Medium,Supermarket Type1,0.107224,5.46,144.8786,4.0
Regular,FDF44,Fruits and Vegetables,2012.0,OUT049,Tier 1,Medium,Supermarket Type1,0.059821,7.17,130.3968,4.0
Regular,FDH56,Fruits and Vegetables,2012.0,OUT049,Tier 1,Medium,Supermarket Type1,0.063916,9.8,117.1492,4.0
Regular,FDD21,Fruits and Vegetables,2012.0,OUT049,Tier 1,Medium,Supermarket Type1,0.030617,10.3,112.7176,4.0
Regular,FDO20,Fruits and Vegetables,2012.0,OUT049,Tier 1,Medium,Supermarket Type1,0.152364,12.85,254.0382,4.0
Regular,FDS19,Fruits and Vegetables,2012.0,OUT049,Tier 1,Medium,Supermarket Type1,0.064307,13.8,77.3012,4.0
Regular,FDC09,Fruits and Vegetables,2012.0,OUT049,Tier 1,Medium,Supermarket Type1,0.026343,15.5,104.1332,4.0
Regular,FDR56,Fruits and Vegetables,2012.0,OUT049,Tier 1,Medium,Supermarket Type1,0.100923,15.5,199.0768,4.0
Regular,FDW07,Fruits and Vegetables,2012.0,OUT049,Tier 1,Medium,Supermarket Type1,0.142911,18.0,89.6514,4.0
Regular,FDF45,Fruits and Vegetables,2012.0,OUT049,Tier 1,Medium,Supermarket Type1,0.012224,18.2,57.1904,4.0
Regular,FDI08,Fruits and Vegetables,2012.0,OUT049,Tier 1,Medium,Supermarket Type1,0.0664,18.2,250.1092,4.0
Regular,FDC08,Fruits and Vegetables,2012.0,OUT049,Tier 1,Medium,Supermarket Type1,0.103611,19.0,228.372,4.0
Regular,FDX07,Fruits and Vegetables,2012.0,OUT049,Tier 1,Medium,Supermarket Type1,0.022954,19.2,184.495,4.0
Regular,FDP08,Fruits and Vegetables,2012.0,OUT049,Tier 1,Medium,Supermarket Type1,0.112585,20.5,192.0478,4.0
Regular,FDY39,Meat,2012.0,OUT049,Tier 1,Medium,Supermarket Type1,0.047102,5.305,181.8608,4.0
Regular,FDO39,Meat,2012.0,OUT049,Tier 1,Medium,Supermarket Type1,0.13758,6.985,182.8608,4.0
Regular,FDM51,Meat,2012.0,OUT049,Tier 1,Medium,Supermarket Type1,0.025967,11.8,102.2674,4.0
Regular,FDH31,Meat,2012.0,OUT049,Tier 1,Medium,Supermarket Type1,0.020443,12.0,98.0042,4.0
Regular,FDI07,Meat,2012.0,OUT049,Tier 1,Medium,Supermarket Type1,0.033813,12.35,198.1426,4.0
Regular,FDX03,Meat,2012.0,OUT049,Tier 1,Medium,Supermarket Type1,0.061191,15.85,47.1744,4.0
Regular,FDJ27,Meat,2012.0,OUT049,Tier 1,Medium,Supermarket Type1,0.122066,17.7,103.3674,4.0
Regular,FDU27,Meat,2012.0,OUT049,Tier 1,Medium,Supermarket Type1,0.171743,18.6,48.8376,4.0
Regular,FDN33,Snack Foods,2012.0,OUT049,Tier 1,Medium,Supermarket Type1,0.123307,6.305,93.5436,4.0
Regular,FDH46,Snack Foods,2012.0,OUT049,Tier 1,Medium,Supermarket Type1,0.041346,6.935,103.1332,4.0
Regular,FDG46,Snack Foods,2012.0,OUT049,Tier 1,Medium,Supermarket Type1,0.032961,8.63,115.0518,4.0
Regular,FDX33,Snack Foods,2012.0,OUT049,Tier 1,Medium,Supermarket Type1,0.117667,9.195,159.5578,4.0
Regular,FDS58,Snack Foods,2012.0,OUT049,Tier 1,Medium,Supermarket Type1,0.021039,9.285,160.0578,4.0
Regular,FDU10,Snack Foods,2012.0,OUT049,Tier 1,Medium,Supermarket Type1,0.045763,10.1,38.4848,4.0
Regular,FDB46,Snack Foods,2012.0,OUT049,Tier 1,Medium,Supermarket Type1,0.09391,10.5,213.7244,4.0
Regular,FDU21,Snack Foods,2012.0,OUT049,Tier 1,Medium,Supermarket Type1,0.07684,11.8,34.9558,4.0
Regular,FDO09,Snack Foods,2012.0,OUT049,Tier 1,Medium,Supermarket Type1,0.125469,13.5,264.491,4.0
Regular,FDW09,Snack Foods,2012.0,OUT049,Tier 1,Medium,Supermarket Type1,0.025961,13.65,80.4302,4.0
Regular,FDP22,Snack Foods,2012.0,OUT049,Tier 1,Medium,Supermarket Type1,0.099286,14.65,49.8666,4.0
Regular,FDL57,Snack Foods,2012.0,OUT049,Tier 1,Medium,Supermarket Type1,0.067181,15.1,258.8304,4.0
Regular,FDL09,Snack Foods,2012.0,OUT049,Tier 1,Medium,Supermarket Type1,0.128235,19.6,169.2816,4.0
Regular,DRD01,Soft Drinks,2012.0,OUT049,Tier 1,Medium,Supermarket Type1,0.061271,12.1,53.2614,4.0
Regular,DRB48,Soft Drinks,2012.0,OUT049,Tier 1,Medium,Supermarket Type1,0.024892,16.75,37.8822,4.0
Regular,DRA24,Soft Drinks,2012.0,OUT049,Tier 1,Medium,Supermarket Type1,0.03999,19.35,165.0868,4.0
Regular,FDE35,Starchy Foods,2012.0,OUT049,Tier 1,Medium,Supermarket Type1,0.043969,7.06,57.6904,4.0
Regular,FDD23,Starchy Foods,2012.0,OUT049,Tier 1,Medium,Supermarket Type1,0.048761,9.5,186.5898,4.0
Regular,FDH47,Starchy Foods,2012.0,OUT049,Tier 1,Medium,Supermarket Type1,0.129016,13.5,98.4068,4.0
Low Fat,FDW11,Breads,2012.0,OUT049,Tier 1,Medium,Supermarket Type1,0.048858,12.6,61.0194,4.0
Low Fat,DRH59,Hard Drinks,2012.0,OUT049,Tier 1,Medium,Supermarket Type1,0.0,10.8,72.338,4.0
Low Fat,NCA30,Household,2012.0,OUT049,Tier 1,Medium,Supermarket Type1,0.129535,19.0,190.1872,4.0
Regular,FDW12,Baking Goods,2012.0,OUT049,Tier 1,Medium,Supermarket Type1,0.035627,8.315,146.6444,4.0
Regular,FDS24,Baking Goods,2012.0,OUT049,Tier 1,Medium,Supermarket Type1,0.062321,20.85,87.2514,4.0
Regular,FDT23,Breads,2012.0,OUT049,Tier 1,Medium,Supermarket Type1,0.074848,7.72,78.8986,4.0
Regular,FDA52,Frozen Foods,2012.0,OUT049,Tier 1,Medium,Supermarket Type1,0.128622,16.2,175.537,4.0
Regular,FDT07,Fruits and Vegetables,2012.0,OUT049,Tier 1,Medium,Supermarket Type1,0.0,5.82,256.633,4.0
Regular,FDT39,Meat,2012.0,OUT049,Tier 1,Medium,Supermarket Type1,0.009883,6.26,149.8366,4.0
Regular,FDI34,Snack Foods,2012.0,OUT049,Tier 1,Medium,Supermarket Type1,0.085268,10.65,229.7668,4.0
Low Fat,FDM44,Fruits and Vegetables,2018.0,OUT019,Tier 1,Small,Grocery Store,0.054364,12.6,105.099,4.0
Low Fat,FDY55,Fruits and Vegetables,2018.0,OUT019,Tier 1,Small,Grocery Store,0.0,12.6,258.3988,4.0
Low Fat,NCI54,Household,2018.0,OUT019,Tier 1,Small,Grocery Store,0.058828,12.6,110.4912,4.0
Low Fat,NCX30,Household,2018.0,OUT019,Tier 1,Small,Grocery Store,0.046609,12.6,248.6776,4.0
Low Fat,FDQ34,Snack Foods,2018.0,OUT019,Tier 1,Small,Grocery Store,0.284066,12.6,105.5622,4.0
Low Fat,DRK49,Soft Drinks,2018.0,OUT019,Tier 1,Small,Grocery Store,0.0,12.6,40.5138,4.0
Low Fat,FDA36,Baking Goods,2018.0,OUT019,Tier 1,Small,Grocery Store,0.009921,12.6,183.6924,4.0
Low Fat,FDC48,Baking Goods,2018.0,OUT019,Tier 1,Small,Grocery Store,0.027768,12.6,82.1592,4.0
Low Fat,FDH12,Baking Goods,2018.0,OUT019,Tier 1,Small,Grocery Store,0.148743,12.6,107.128,4.0
Low Fat,FDH48,Baking Goods,2018.0,OUT019,Tier 1,Small,Grocery Store,0.105893,12.6,86.254,4.0
Low Fat,FDI24,Baking Goods,2018.0,OUT019,Tier 1,Small,Grocery Store,0.13787,12.6,175.037,4.0
Low Fat,FDS48,Baking Goods,2018.0,OUT019,Tier 1,Small,Grocery Store,0.048638,12.6,149.7708,4.0
Low Fat,FDY36,Baking Goods,2018.0,OUT019,Tier 1,Small,Grocery Store,0.016477,12.6,74.338,4.0
Low Fat,FDO23,Breads,2018.0,OUT019,Tier 1,Small,Grocery Store,0.256375,12.6,94.8436,4.0
Low Fat,FDP11,Breads,2018.0,OUT019,Tier 1,Small,Grocery Store,0.120986,12.6,216.1166,4.0
Low Fat,FDV47,Breads,2018.0,OUT019,Tier 1,Small,Grocery Store,0.09491,12.6,84.5566,4.0
Low Fat,FDW47,Breads,2018.0,OUT019,Tier 1,Small,Grocery Store,0.081197,12.6,121.7414,4.0
Low Fat,FDW59,Breads,2018.0,OUT019,Tier 1,Small,Grocery Store,0.036271,12.6,85.9566,4.0
Low Fat,FDN01,Breakfast,2018.0,OUT019,Tier 1,Small,Grocery Store,0.126761,12.6,176.937,4.0
Low Fat,FDP37,Breakfast,2018.0,OUT019,Tier 1,Small,Grocery Store,0.25056,12.6,126.9994,4.0
Low Fat,FDA49,Canned,2018.0,OUT019,Tier 1,Small,Grocery Store,0.11367,12.6,89.0198,4.0
Low Fat,FDT13,Canned,2018.0,OUT019,Tier 1,Small,Grocery Store,0.032517,12.6,188.8214,4.0
Low Fat,DRD27,Dairy,2018.0,OUT019,Tier 1,Small,Grocery Store,0.041741,12.6,98.3042,4.0
Low Fat,DRH15,Dairy,2018.0,OUT019,Tier 1,Small,Grocery Store,0.19244,12.6,43.9428,4.0
Low Fat,FDB39,Dairy,2018.0,OUT019,Tier 1,Small,Grocery Store,0.067442,12.6,57.4272,4.0
Low Fat,FDD04,Dairy,2018.0,OUT019,Tier 1,Small,Grocery Store,0.157528,12.6,142.9154,4.0
Low Fat,FDH27,Dairy,2018.0,OUT019,Tier 1,Small,Grocery Store,0.102158,12.6,145.0128,4.0
Low Fat,FDR14,Dairy,2018.0,OUT019,Tier 1,Small,Grocery Store,0.304737,12.6,54.7298,4.0
Low Fat,FDV38,Dairy,2018.0,OUT019,Tier 1,Small,Grocery Store,0.178193,12.6,54.9956,4.0
Low Fat,FDZ38,Dairy,2018.0,OUT019,Tier 1,Small,Grocery Store,0.014009,12.6,171.3422,4.0
Low Fat,FDB17,Frozen Foods,2018.0,OUT019,Tier 1,Small,Grocery Store,0.064208,12.6,180.1976,4.0
Low Fat,FDD16,Frozen Foods,2018.0,OUT019,Tier 1,Small,Grocery Store,0.06365,12.6,74.7696,4.0
Low Fat,FDD53,Frozen Foods,2018.0,OUT019,Tier 1,Small,Grocery Store,0.077428,12.6,41.8454,4.0
Low Fat,FDE16,Frozen Foods,2018.0,OUT019,Tier 1,Small,Grocery Store,0.046124,12.6,206.7954,4.0
Low Fat,FDG04,Frozen Foods,2018.0,OUT019,Tier 1,Small,Grocery Store,0.010615,12.6,185.1898,4.0
Low Fat,FDS40,Frozen Foods,2018.0,OUT019,Tier 1,Small,Grocery Store,0.024546,12.6,34.619,4.0
Low Fat,FDT40,Frozen Foods,2018.0,OUT019,Tier 1,Small,Grocery Store,0.167725,12.6,128.3678,4.0
Low Fat,FDU52,Frozen Foods,2018.0,OUT019,Tier 1,Small,Grocery Store,0.111655,12.6,157.063,4.0
Low Fat,FDB32,Fruits and Vegetables,2018.0,OUT019,Tier 1,Small,Grocery Store,0.041063,12.6,93.5778,4.0
Low Fat,FDB45,Fruits and Vegetables,2018.0,OUT019,Tier 1,Small,Grocery Store,0.037346,12.6,106.5306,4.0
Low Fat,FDC32,Fruits and Vegetables,2018.0,OUT019,Tier 1,Small,Grocery Store,0.173527,12.6,92.0462,4.0
Low Fat,FDE08,Fruits and Vegetables,2018.0,OUT019,Tier 1,Small,Grocery Store,0.086352,12.6,149.8734,4.0
Low Fat,FDG44,Fruits and Vegetables,2018.0,OUT019,Tier 1,Small,Grocery Store,0.178923,12.6,55.7298,4.0
Low Fat,FDJ56,Fruits and Vegetables,2018.0,OUT019,Tier 1,Small,Grocery Store,0.321115,12.6,100.77,4.0
Low Fat,FDX08,Fruits and Vegetables,2018.0,OUT019,Tier 1,Small,Grocery Store,0.039577,12.6,179.9318,4.0
Low Fat,FDX20,Fruits and Vegetables,2018.0,OUT019,Tier 1,Small,Grocery Store,0.074518,12.6,227.372,4.0
Low Fat,FDX55,Fruits and Vegetables,2018.0,OUT019,Tier 1,Small,Grocery Store,0.096658,12.6,216.9166,4.0
Low Fat,DRO59,Hard Drinks,2018.0,OUT019,Tier 1,Small,Grocery Store,0.094817,12.6,77.9012,4.0
Low Fat,DRP35,Hard Drinks,2018.0,OUT019,Tier 1,Small,Grocery Store,0.159097,12.6,129.3336,4.0
Low Fat,NCQ05,Health and Hygiene,2018.0,OUT019,Tier 1,Small,Grocery Store,0.037829,12.6,151.0708,4.0
Low Fat,NCT29,Health and Hygiene,2018.0,OUT019,Tier 1,Small,Grocery Store,0.11225,12.6,123.3414,4.0
Low Fat,NCV29,Health and Hygiene,2018.0,OUT019,Tier 1,Small,Grocery Store,0.039996,12.6,176.7686,4.0
Low Fat,NCD43,Household,2018.0,OUT019,Tier 1,Small,Grocery Store,0.028049,12.6,106.1964,4.0
Low Fat,NCE30,Household,2018.0,OUT019,Tier 1,Small,Grocery Store,0.173574,12.6,214.0902,4.0
Low Fat,NCF42,Household,2018.0,OUT019,Tier 1,Small,Grocery Store,0.293066,12.6,177.0712,4.0
Low Fat,NCH43,Household,2018.0,OUT019,Tier 1,Small,Grocery Store,0.123557,12.6,216.6192,4.0
Low Fat,NCH54,Household,2018.0,OUT019,Tier 1,Small,Grocery Store,0.127234,12.6,158.392,4.0
Low Fat,NCH55,Household,2018.0,OUT019,Tier 1,Small,Grocery Store,0.060707,12.6,127.502,4.0
Low Fat,NCJ06,Household,2018.0,OUT019,Tier 1,Small,Grocery Store,0.060672,12.6,119.8782,4.0
Low Fat,NCJ42,Household,2018.0,OUT019,Tier 1,Small,Grocery Store,0.02504,12.6,102.7332,4.0
Low Fat,NCM30,Household,2018.0,OUT019,Tier 1,Small,Grocery Store,0.117826,12.6,43.2796,4.0
Low Fat,NCR30,Household,2018.0,OUT019,Tier 1,Small,Grocery Store,0.1243,12.6,73.4696,4.0
Low Fat,NCS06,Household,2018.0,OUT019,Tier 1,Small,Grocery Store,0.055567,12.6,263.591,4.0
Low Fat,NCT30,Household,2018.0,OUT019,Tier 1,Small,Grocery Store,0.140582,12.6,47.1718,4.0
Low Fat,NCU18,Household,2018.0,OUT019,Tier 1,Small,Grocery Store,0.097769,12.6,142.4496,4.0
Low Fat,NCX18,Household,2018.0,OUT019,Tier 1,Small,Grocery Store,0.015397,12.6,194.911,4.0
Low Fat,NCX42,Household,2018.0,OUT019,Tier 1,Small,Grocery Store,0.010468,12.6,162.9526,4.0
Low Fat,NCZ18,Household,2018.0,OUT019,Tier 1,Small,Grocery Store,0.325781,12.6,252.7698,4.0
Low Fat,FDH19,Meat,2018.0,OUT019,Tier 1,Small,Grocery Store,0.057934,12.6,175.1738,4.0
Low Fat,FDP27,Meat,2018.0,OUT019,Tier 1,Small,Grocery Store,0.209143,12.6,190.953,4.0
Low Fat,FDV39,Meat,2018.0,OUT019,Tier 1,Small,Grocery Store,0.0,12.6,196.8426,4.0
Low Fat,NCL31,Others,2018.0,OUT019,Tier 1,Small,Grocery Store,0.210596,12.6,144.747,4.0
Low Fat,NCQ43,Others,2018.0,OUT019,Tier 1,Small,Grocery Store,0.194875,12.6,110.2912,4.0
Low Fat,FDH21,Seafood,2018.0,OUT019,Tier 1,Small,Grocery Store,0.054671,12.6,158.6604,4.0
Low Fat,FDD58,Snack Foods,2018.0,OUT019,Tier 1,Small,Grocery Store,0.103918,12.6,100.67,4.0
Low Fat,FDH10,Snack Foods,2018.0,OUT019,Tier 1,Small,Grocery Store,0.086327,12.6,192.6478,4.0
Low Fat,FDN21,Snack Foods,2018.0,OUT019,Tier 1,Small,Grocery Store,0.134564,12.6,159.8236,4.0
Low Fat,FDN57,Snack Foods,2018.0,OUT019,Tier 1,Small,Grocery Store,0.094957,12.6,143.5154,4.0
Low Fat,FDP33,Snack Foods,2018.0,OUT019,Tier 1,Small,Grocery Store,0.156304,12.6,256.3672,4.0
Low Fat,FDP58,Snack Foods,2018.0,OUT019,Tier 1,Small,Grocery Store,0.236617,12.6,217.6482,4.0
Low Fat,FDW34,Snack Foods,2018.0,OUT019,Tier 1,Small,Grocery Store,0.062294,12.6,242.417,4.0
Low Fat,FDX45,Snack Foods,2018.0,OUT019,Tier 1,Small,Grocery Store,0.183589,12.6,154.663,4.0
Low Fat,FDZ45,Snack Foods,2018.0,OUT019,Tier 1,Small,Grocery Store,0.117091,12.6,197.9084,4.0
Low Fat,DRC25,Soft Drinks,2018.0,OUT019,Tier 1,Small,Grocery Store,0.07944,12.6,86.7882,4.0
Low Fat,DRD25,Soft Drinks,2018.0,OUT019,Tier 1,Small,Grocery Store,0.13827,12.6,111.686,4.0
Low Fat,DRE37,Soft Drinks,2018.0,OUT019,Tier 1,Small,Grocery Store,0.164966,12.6,189.4872,4.0
Low Fat,DRG01,Soft Drinks,2018.0,OUT019,Tier 1,Small,Grocery Store,0.078576,12.6,78.467,4.0
Low Fat,DRH36,Soft Drinks,2018.0,OUT019,Tier 1,Small,Grocery Store,0.058444,12.6,73.0696,4.0
Low Fat,DRK37,Soft Drinks,2018.0,OUT019,Tier 1,Small,Grocery Store,0.077047,12.6,189.453,4.0
Regular,FDC60,Baking Goods,2018.0,OUT019,Tier 1,Small,Grocery Store,0.200426,12.6,88.8514,4.0
Regular,FDQ36,Baking Goods,2018.0,OUT019,Tier 1,Small,Grocery Store,0.0,12.6,38.1848,4.0
Regular,FDQ60,Baking Goods,2018.0,OUT019,Tier 1,Small,Grocery Store,0.191501,12.6,121.2098,4.0
Regular,FDU12,Baking Goods,2018.0,OUT019,Tier 1,Small,Grocery Store,0.13263,12.6,263.8568,4.0
Regular,FDZ59,Baking Goods,2018.0,OUT019,Tier 1,Small,Grocery Store,0.182128,12.6,165.65,4.0
Regular,FDS11,Breads,2018.0,OUT019,Tier 1,Small,Grocery Store,0.097276,12.6,223.9088,4.0
Regular,FDS59,Breads,2018.0,OUT019,Tier 1,Small,Grocery Store,0.076852,12.6,111.857,4.0
Regular,FDX35,Breads,2018.0,OUT019,Tier 1,Small,Grocery Store,0.139913,12.6,227.9036,4.0
Regular,FDK25,Breakfast,2018.0,OUT019,Tier 1,Small,Grocery Store,0.274592,12.6,167.8474,4.0
Regular,FDP49,Breakfast,2018.0,OUT019,Tier 1,Small,Grocery Store,0.120966,12.6,55.8614,4.0
Regular,FDB14,Canned,2018.0,OUT019,Tier 1,Small,Grocery Store,0.0,12.6,92.312,4.0
Regular,FDJ02,Canned,2018.0,OUT019,Tier 1,Small,Grocery Store,0.044064,12.6,147.2418,4.0
Regular,FDJ14,Canned,2018.0,OUT019,Tier 1,Small,Grocery Store,0.0,12.6,78.896,4.0
Regular,FDN38,Canned,2018.0,OUT019,Tier 1,Small,Grocery Store,0.161031,12.6,251.2408,4.0
Regular,FDY49,Canned,2018.0,OUT019,Tier 1,Small,Grocery Store,0.021032,12.6,164.7184,4.0
Regular,FDA26,Dairy,2018.0,OUT019,Tier 1,Small,Grocery Store,0.129425,12.6,219.3482,4.0
Regular,FDU26,Dairy,2018.0,OUT019,Tier 1,Small,Grocery Store,0.07462,12.6,120.1782,4.0
Regular,FDV26,Dairy,2018.0,OUT019,Tier 1,Small,Grocery Store,0.133347,12.6,193.0794,4.0
Regular,FDY02,Dairy,2018.0,OUT019,Tier 1,Small,Grocery Store,0.153457,12.6,264.091,4.0
Regular,FDH04,Frozen Foods,2018.0,OUT019,Tier 1,Small,Grocery Store,0.019913,12.6,91.0488,4.0
Regular,FDI04,Frozen Foods,2018.0,OUT019,Tier 1,Small,Grocery Store,0.12766,12.6,198.5426,4.0
Regular,FDL28,Frozen Foods,2018.0,OUT019,Tier 1,Small,Grocery Store,0.0,12.6,230.0668,4.0
Regular,FDQ40,Frozen Foods,2018.0,OUT019,Tier 1,Small,Grocery Store,0.06308,12.6,175.7712,4.0
Regular,FDR52,Frozen Foods,2018.0,OUT019,Tier 1,Small,Grocery Store,0.133144,12.6,190.8846,4.0
Regular,FDV16,Frozen Foods,2018.0,OUT019,Tier 1,Small,Grocery Store,0.145201,12.6,35.4558,4.0
Regular,FDX52,Frozen Foods,2018.0,OUT019,Tier 1,Small,Grocery Store,0.073541,12.6,192.282,4.0
Regular,FDA55,Fruits and Vegetables,2018.0,OUT019,Tier 1,Small,Grocery Store,0.09978,12.6,225.2088,4.0
Regular,FDC21,Fruits and Vegetables,2018.0,OUT019,Tier 1,Small,Grocery Store,0.075215,12.6,108.4254,4.0
Regular,FDL32,Fruits and Vegetables,2018.0,OUT019,Tier 1,Small,Grocery Store,0.214424,12.6,111.6544,4.0
Regular,FDN56,Fruits and Vegetables,2018.0,OUT019,Tier 1,Small,Grocery Store,0.187443,12.6,145.8786,4.0
Regular,FDR31,Fruits and Vegetables,2018.0,OUT019,Tier 1,Small,Grocery Store,0.086078,12.6,143.8102,4.0
Regular,FDS44,Fruits and Vegetables,2018.0,OUT019,Tier 1,Small,Grocery Store,0.273213,12.6,240.9538,4.0
Regular,FDU20,Fruits and Vegetables,2018.0,OUT019,Tier 1,Small,Grocery Store,0.037569,12.6,120.7098,4.0
Regular,FDV19,Fruits and Vegetables,2018.0,OUT019,Tier 1,Small,Grocery Store,0.061731,12.6,159.1578,4.0
Regular,FDW32,Fruits and Vegetables,2018.0,OUT019,Tier 1,Small,Grocery Store,0.165102,12.6,87.7882,4.0
Regular,FDX31,Fruits and Vegetables,2018.0,OUT019,Tier 1,Small,Grocery Store,0.0,12.6,234.7958,4.0
Regular,FDY56,Fruits and Vegetables,2018.0,OUT019,Tier 1,Small,Grocery Store,0.109274,12.6,225.3062,4.0
Regular,FDZ07,Fruits and Vegetables,2018.0,OUT019,Tier 1,Small,Grocery Store,0.164392,12.6,62.8194,4.0
Regular,FDM27,Meat,2018.0,OUT019,Tier 1,Small,Grocery Store,0.277459,12.6,156.3946,4.0
Regular,FDO15,Meat,2018.0,OUT019,Tier 1,Small,Grocery Store,0.014999,12.6,72.4038,4.0
Regular,FDP51,Meat,2018.0,OUT019,Tier 1,Small,Grocery Store,0.149305,12.6,119.6124,4.0
Regular,FDQ03,Meat,2018.0,OUT019,Tier 1,Small,Grocery Store,0.136593,12.6,238.0248,4.0
Regular,FDT15,Meat,2018.0,OUT019,Tier 1,Small,Grocery Store,0.07473,12.6,183.795,4.0
Regular,FDT51,Meat,2018.0,OUT019,Tier 1,Small,Grocery Store,0.019117,12.6,110.6544,4.0
Regular,FDV27,Meat,2018.0,OUT019,Tier 1,Small,Grocery Store,0.070017,12.6,89.3514,4.0
Regular,FDG21,Seafood,2018.0,OUT019,Tier 1,Small,Grocery Store,0.256152,12.6,151.005,4.0
Regular,FDG33,Seafood,2018.0,OUT019,Tier 1,Small,Grocery Store,0.245543,12.6,172.2764,4.0
Regular,FDJ57,Seafood,2018.0,OUT019,Tier 1,Small,Grocery Store,0.0,12.6,184.3582,4.0
Regular,FDB58,Snack Foods,2018.0,OUT019,Tier 1,Small,Grocery Store,0.023631,12.6,141.7154,4.0
Regular,FDC34,Snack Foods,2018.0,OUT019,Tier 1,Small,Grocery Store,0.302479,12.6,155.4972,4.0
Regular,FDG46,Snack Foods,2018.0,OUT019,Tier 1,Small,Grocery Store,0.057621,12.6,115.4518,4.0
Regular,FDP21,Snack Foods,2018.0,OUT019,Tier 1,Small,Grocery Store,0.045069,12.6,190.8872,4.0
Regular,FDU21,Snack Foods,2018.0,OUT019,Tier 1,Small,Grocery Store,0.134328,12.6,35.0558,4.0
Regular,FDY34,Snack Foods,2018.0,OUT019,Tier 1,Small,Grocery Store,0.019228,12.6,163.9842,4.0
Regular,DRA59,Soft Drinks,2018.0,OUT019,Tier 1,Small,Grocery Store,0.223985,12.6,186.2924,4.0
Regular,DRL01,Soft Drinks,2018.0,OUT019,Tier 1,Small,Grocery Store,0.135119,12.6,232.9958,4.0
Regular,FDB23,Starchy Foods,2018.0,OUT019,Tier 1,Small,Grocery Store,0.009785,12.6,225.9062,4.0
Low Fat,FDZ48,Baking Goods,2018.0,OUT019,Tier 1,Small,Grocery Store,0.132995,12.6,113.5544,4.0
Low Fat,FDP25,Canned,2018.0,OUT019,Tier 1,Small,Grocery Store,0.037132,12.6,216.4824,4.0
Low Fat,FDC20,Fruits and Vegetables,2018.0,OUT019,Tier 1,Small,Grocery Store,0.041971,12.6,55.4272,4.0
Low Fat,NCP55,Others,2018.0,OUT019,Tier 1,Small,Grocery Store,0.019592,12.6,56.9614,4.0
Low Fat,FDS13,Canned,2016.0,OUT046,Tier 1,Small,Supermarket Type1,0.124506,6.465,264.7884,4.0
Low Fat,FDX25,Canned,2016.0,OUT046,Tier 1,Small,Supermarket Type1,0.102056,16.7,184.0292,4.0
Low Fat,FDZ38,Dairy,2016.0,OUT046,Tier 1,Small,Supermarket Type1,0.008001,17.6,170.4422,4.0
Low Fat,FDT40,Frozen Foods,2016.0,OUT046,Tier 1,Small,Supermarket Type1,0.095795,5.985,128.4678,4.0
Low Fat,FDE29,Frozen Foods,2016.0,OUT046,Tier 1,Small,Supermarket Type1,0.143129,8.905,58.8878,4.0
Low Fat,FDO40,Frozen Foods,2016.0,OUT046,Tier 1,Small,Supermarket Type1,0.032628,17.1,148.7392,4.0
Low Fat,FDD20,Fruits and Vegetables,2016.0,OUT046,Tier 1,Small,Supermarket Type1,0.020715,14.15,124.2046,4.0
Low Fat,FDU56,Fruits and Vegetables,2016.0,OUT046,Tier 1,Small,Supermarket Type1,0.044414,16.85,182.4266,4.0
Low Fat,FDG32,Fruits and Vegetables,2016.0,OUT046,Tier 1,Small,Supermarket Type1,0.175996,19.85,224.0772,4.0
Low Fat,NCM29,Health and Hygiene,2016.0,OUT046,Tier 1,Small,Supermarket Type1,0.017642,11.5,131.8626,4.0
Low Fat,FDC11,Starchy Foods,2016.0,OUT046,Tier 1,Small,Supermarket Type1,0.141793,20.5,89.7172,4.0
Low Fat,FDW23,Baking Goods,2016.0,OUT046,Tier 1,Small,Supermarket Type1,0.082012,5.765,37.5164,4.0
Low Fat,FDK36,Baking Goods,2016.0,OUT046,Tier 1,Small,Supermarket Type1,0.007215,7.09,47.6034,4.0
Low Fat,FDF12,Baking Goods,2016.0,OUT046,Tier 1,Small,Supermarket Type1,0.082428,8.235,149.3076,4.0
Low Fat,FDX24,Baking Goods,2016.0,OUT046,Tier 1,Small,Supermarket Type1,0.013929,8.355,94.1462,4.0
Low Fat,FDK24,Baking Goods,2016.0,OUT046,Tier 1,Small,Supermarket Type1,0.101295,9.195,46.2744,4.0
Low Fat,FDT60,Baking Goods,2016.0,OUT046,Tier 1,Small,Supermarket Type1,0.075548,12.0,121.9388,4.0
Low Fat,FDA48,Baking Goods,2016.0,OUT046,Tier 1,Small,Supermarket Type1,0.114874,12.1,221.4114,4.0
Low Fat,FDY36,Baking Goods,2016.0,OUT046,Tier 1,Small,Supermarket Type1,0.009411,12.3,73.738,4.0
Low Fat,FDN12,Baking Goods,2016.0,OUT046,Tier 1,Small,Supermarket Type1,0.081104,15.6,112.3544,4.0
Low Fat,FDH24,Baking Goods,2016.0,OUT046,Tier 1,Small,Supermarket Type1,0.021431,20.7,157.0288,4.0
Low Fat,FDU35,Breads,2016.0,OUT046,Tier 1,Small,Supermarket Type1,0.0,6.44,98.27,4.0
Low Fat,FDX59,Breads,2016.0,OUT046,Tier 1,Small,Supermarket Type1,0.051661,10.195,33.3558,4.0
Low Fat,FDV59,Breads,2016.0,OUT046,Tier 1,Small,Supermarket Type1,0.048027,13.35,218.9166,4.0
Low Fat,FDP11,Breads,2016.0,OUT046,Tier 1,Small,Supermarket Type1,0.069101,15.85,216.6166,4.0
Low Fat,FDO25,Canned,2016.0,OUT046,Tier 1,Small,Supermarket Type1,0.127449,6.3,210.527,4.0
Low Fat,FDT25,Canned,2016.0,OUT046,Tier 1,Small,Supermarket Type1,0.050751,7.5,122.2072,4.0
Low Fat,FDR49,Canned,2016.0,OUT046,Tier 1,Small,Supermarket Type1,0.139228,8.71,49.5376,4.0
Low Fat,FDC26,Canned,2016.0,OUT046,Tier 1,Small,Supermarket Type1,0.126383,10.195,112.1886,4.0
Low Fat,FDS01,Canned,2016.0,OUT046,Tier 1,Small,Supermarket Type1,0.017745,11.6,177.9686,4.0
Low Fat,FDY25,Canned,2016.0,OUT046,Tier 1,Small,Supermarket Type1,0.033974,12.0,181.8976,4.0
Low Fat,FDB51,Dairy,2016.0,OUT046,Tier 1,Small,Supermarket Type1,0.038454,6.92,61.5852,4.0
Low Fat,DRG27,Dairy,2016.0,OUT046,Tier 1,Small,Supermarket Type1,0.105111,8.895,41.1138,4.0
Low Fat,FDY14,Dairy,2016.0,OUT046,Tier 1,Small,Supermarket Type1,0.07004,10.3,263.0226,4.0
Low Fat,FDR14,Dairy,2016.0,OUT046,Tier 1,Small,Supermarket Type1,0.174049,11.65,52.9298,4.0
Low Fat,FDI15,Dairy,2016.0,OUT046,Tier 1,Small,Supermarket Type1,0.141353,13.8,264.1884,4.0
Low Fat,DRG39,Dairy,2016.0,OUT046,Tier 1,Small,Supermarket Type1,0.042181,14.15,52.0982,4.0
Low Fat,FDV50,Dairy,2016.0,OUT046,Tier 1,Small,Supermarket Type1,0.122571,14.3,122.373,4.0
Low Fat,DRF51,Dairy,2016.0,OUT046,Tier 1,Small,Supermarket Type1,0.165838,15.75,36.6506,4.0
Low Fat,FDD39,Dairy,2016.0,OUT046,Tier 1,Small,Supermarket Type1,0.070155,16.7,218.185,4.0
Low Fat,FDS50,Dairy,2016.0,OUT046,Tier 1,Small,Supermarket Type1,0.055433,17.0,221.1114,4.0
Low Fat,DRE03,Dairy,2016.0,OUT046,Tier 1,Small,Supermarket Type1,0.024227,19.6,48.7718,4.0
Low Fat,FDX50,Dairy,2016.0,OUT046,Tier 1,Small,Supermarket Type1,0.074627,20.1,110.3228,4.0
Low Fat,DRJ39,Dairy,2016.0,OUT046,Tier 1,Small,Supermarket Type1,0.036326,20.25,220.1482,4.0
Low Fat,FDO16,Frozen Foods,2016.0,OUT046,Tier 1,Small,Supermarket Type1,0.015108,5.48,83.725,4.0
Low Fat,FDN40,Frozen Foods,2016.0,OUT046,Tier 1,Small,Supermarket Type1,0.0,5.88,154.2998,4.0
Low Fat,FDF16,Frozen Foods,2016.0,OUT046,Tier 1,Small,Supermarket Type1,0.086132,7.3,148.8076,4.0
Low Fat,FDK04,Frozen Foods,2016.0,OUT046,Tier 1,Small,Supermarket Type1,0.052312,7.36,58.5588,4.0
Low Fat,FDU04,Frozen Foods,2016.0,OUT046,Tier 1,Small,Supermarket Type1,0.0,7.93,121.8414,4.0
Low Fat,FDJ16,Frozen Foods,2016.0,OUT046,Tier 1,Small,Supermarket Type1,0.114886,9.195,59.6246,4.0
Low Fat,FDZ04,Frozen Foods,2016.0,OUT046,Tier 1,Small,Supermarket Type1,0.037955,9.31,62.151,4.0
Low Fat,FDH16,Frozen Foods,2016.0,OUT046,Tier 1,Small,Supermarket Type1,0.052555,10.5,89.683,4.0
Low Fat,FDJ53,Frozen Foods,2016.0,OUT046,Tier 1,Small,Supermarket Type1,0.071258,10.5,121.3098,4.0
Low Fat,FDD28,Frozen Foods,2016.0,OUT046,Tier 1,Small,Supermarket Type1,0.053297,10.695,59.6904,4.0
Low Fat,FDF41,Frozen Foods,2016.0,OUT046,Tier 1,Small,Supermarket Type1,0.13118,12.15,245.246,4.0
Low Fat,FDX40,Frozen Foods,2016.0,OUT046,Tier 1,Small,Supermarket Type1,0.098993,12.85,39.3164,4.0
Low Fat,FDB17,Frozen Foods,2016.0,OUT046,Tier 1,Small,Supermarket Type1,0.036672,13.15,182.5976,4.0
Low Fat,FDP04,Frozen Foods,2016.0,OUT046,Tier 1,Small,Supermarket Type1,0.013813,15.35,64.7168,4.0
Low Fat,FDC41,Frozen Foods,2016.0,OUT046,Tier 1,Small,Supermarket Type1,0.116913,15.6,78.167,4.0
Low Fat,FDM28,Frozen Foods,2016.0,OUT046,Tier 1,Small,Supermarket Type1,0.045204,15.7,180.266,4.0
Low Fat,FDV40,Frozen Foods,2016.0,OUT046,Tier 1,Small,Supermarket Type1,0.014692,17.35,74.1038,4.0
Low Fat,FDZ52,Frozen Foods,2016.0,OUT046,Tier 1,Small,Supermarket Type1,0.100075,19.2,110.2886,4.0
Low Fat,FDU40,Frozen Foods,2016.0,OUT046,Tier 1,Small,Supermarket Type1,0.037404,20.85,192.5478,4.0
Low Fat,FDS08,Fruits and Vegetables,2016.0,OUT046,Tier 1,Small,Supermarket Type1,0.056961,5.735,176.337,4.0
Low Fat,FDZ55,Fruits and Vegetables,2016.0,OUT046,Tier 1,Small,Supermarket Type1,0.025409,6.055,160.892,4.0
Low Fat,FDB44,Fruits and Vegetables,2016.0,OUT046,Tier 1,Small,Supermarket Type1,0.016959,6.655,210.0586,4.0
Low Fat,FDI56,Fruits and Vegetables,2016.0,OUT046,Tier 1,Small,Supermarket Type1,0.093385,7.325,91.3146,4.0
Low Fat,FDA19,Fruits and Vegetables,2016.0,OUT046,Tier 1,Small,Supermarket Type1,0.055127,7.52,128.2994,4.0
Low Fat,FDW56,Fruits and Vegetables,2016.0,OUT046,Tier 1,Small,Supermarket Type1,0.0709,7.68,192.6162,4.0
Low Fat,FDU32,Fruits and Vegetables,2016.0,OUT046,Tier 1,Small,Supermarket Type1,0.025968,8.785,119.9414,4.0
Low Fat,FDU07,Fruits and Vegetables,2016.0,OUT046,Tier 1,Small,Supermarket Type1,0.059847,11.1,150.1366,4.0
Low Fat,FDS07,Fruits and Vegetables,2016.0,OUT046,Tier 1,Small,Supermarket Type1,0.099758,12.35,113.9518,4.0
Low Fat,FDF20,Fruits and Vegetables,2016.0,OUT046,Tier 1,Small,Supermarket Type1,0.03322,12.85,196.6768,4.0
Low Fat,FDA32,Fruits and Vegetables,2016.0,OUT046,Tier 1,Small,Supermarket Type1,0.030094,14.0,215.7192,4.0
Low Fat,FDE44,Fruits and Vegetables,2016.0,OUT046,Tier 1,Small,Supermarket Type1,0.171388,14.65,50.7692,4.0
Low Fat,FDB09,Fruits and Vegetables,2016.0,OUT046,Tier 1,Small,Supermarket Type1,0.057396,16.25,125.8046,4.0
Low Fat,FDP07,Fruits and Vegetables,2016.0,OUT046,Tier 1,Small,Supermarket Type1,0.089902,18.2,197.511,4.0
Low Fat,FDR43,Fruits and Vegetables,2016.0,OUT046,Tier 1,Small,Supermarket Type1,0.16149,18.2,37.619,4.0
Low Fat,FDP20,Fruits and Vegetables,2016.0,OUT046,Tier 1,Small,Supermarket Type1,0.045669,19.85,126.402,4.0
Low Fat,FDQ44,Fruits and Vegetables,2016.0,OUT046,Tier 1,Small,Supermarket Type1,0.03614,20.5,120.0756,4.0
Low Fat,FDE32,Fruits and Vegetables,2016.0,OUT046,Tier 1,Small,Supermarket Type1,0.048759,20.7,37.3506,4.0
Low Fat,DRK47,Hard Drinks,2016.0,OUT046,Tier 1,Small,Supermarket Type1,0.064064,7.905,229.2694,4.0
Low Fat,DRG23,Hard Drinks,2016.0,OUT046,Tier 1,Small,Supermarket Type1,0.086781,8.88,152.2682,4.0
Low Fat,DRJ35,Hard Drinks,2016.0,OUT046,Tier 1,Small,Supermarket Type1,0.046585,10.1,61.2878,4.0
Low Fat,DRO47,Hard Drinks,2016.0,OUT046,Tier 1,Small,Supermarket Type1,0.0,10.195,114.086,4.0
Low Fat,DRP47,Hard Drinks,2016.0,OUT046,Tier 1,Small,Supermarket Type1,0.140603,15.75,252.8382,4.0
Low Fat,DRL47,Hard Drinks,2016.0,OUT046,Tier 1,Small,Supermarket Type1,0.038737,19.7,127.4362,4.0
Low Fat,NCM05,Health and Hygiene,2016.0,OUT046,Tier 1,Small,Supermarket Type1,0.059847,6.825,262.5226,4.0
Low Fat,NCO05,Health and Hygiene,2016.0,OUT046,Tier 1,Small,Supermarket Type1,0.046559,7.27,100.5384,4.0
Low Fat,NCL29,Health and Hygiene,2016.0,OUT046,Tier 1,Small,Supermarket Type1,0.113939,9.695,160.2604,4.0
Low Fat,NCN17,Health and Hygiene,2016.0,OUT046,Tier 1,Small,Supermarket Type1,0.054939,11.0,101.4358,4.0
Low Fat,NCQ29,Health and Hygiene,2016.0,OUT046,Tier 1,Small,Supermarket Type1,0.10423,12.0,259.5278,4.0
Low Fat,NCL41,Health and Hygiene,2016.0,OUT046,Tier 1,Small,Supermarket Type1,0.041738,12.35,33.1216,4.0
Low Fat,NCT29,Health and Hygiene,2016.0,OUT046,Tier 1,Small,Supermarket Type1,0.064111,12.6,122.3414,4.0
Low Fat,NCA41,Health and Hygiene,2016.0,OUT046,Tier 1,Small,Supermarket Type1,0.032587,16.75,191.9162,4.0
Low Fat,NCK05,Health and Hygiene,2016.0,OUT046,Tier 1,Small,Supermarket Type1,0.077454,20.1,59.2536,4.0
Low Fat,NCU30,Household,2016.0,OUT046,Tier 1,Small,Supermarket Type1,0.034875,5.11,161.721,4.0
Low Fat,NCS30,Household,2016.0,OUT046,Tier 1,Small,Supermarket Type1,0.093026,5.945,128.7652,4.0
Low Fat,NCY42,Household,2016.0,OUT046,Tier 1,Small,Supermarket Type1,0.015163,6.38,145.147,4.0
Low Fat,NCB19,Household,2016.0,OUT046,Tier 1,Small,Supermarket Type1,0.090296,6.525,84.6882,4.0
Low Fat,NCS06,Household,2016.0,OUT046,Tier 1,Small,Supermarket Type1,0.0,7.935,263.691,4.0
Low Fat,NCS38,Household,2016.0,OUT046,Tier 1,Small,Supermarket Type1,0.090191,8.6,112.9176,4.0
Low Fat,NCS42,Household,2016.0,OUT046,Tier 1,Small,Supermarket Type1,0.069416,8.6,92.5146,4.0
Low Fat,NCU54,Household,2016.0,OUT046,Tier 1,Small,Supermarket Type1,0.098622,8.88,208.427,4.0
Low Fat,NCX54,Household,2016.0,OUT046,Tier 1,Small,Supermarket Type1,0.04806,9.195,105.8622,4.0
Low Fat,NCA18,Household,2016.0,OUT046,Tier 1,Small,Supermarket Type1,0.056078,10.1,117.8492,4.0
Low Fat,NCN26,Household,2016.0,OUT046,Tier 1,Small,Supermarket Type1,0.02868,10.85,115.1808,4.0
Low Fat,NCG54,Household,2016.0,OUT046,Tier 1,Small,Supermarket Type1,0.079806,12.1,172.1106,4.0
Low Fat,NCG07,Household,2016.0,OUT046,Tier 1,Small,Supermarket Type1,0.052502,12.3,190.853,4.0
Low Fat,NCJ18,Household,2016.0,OUT046,Tier 1,Small,Supermarket Type1,0.163942,12.35,117.0124,4.0
Low Fat,NCU18,Household,2016.0,OUT046,Tier 1,Small,Supermarket Type1,0.05584,15.1,139.8496,4.0
Low Fat,NCE30,Household,2016.0,OUT046,Tier 1,Small,Supermarket Type1,0.099136,16.0,210.3902,4.0
Low Fat,NCX30,Household,2016.0,OUT046,Tier 1,Small,Supermarket Type1,0.026621,16.7,249.2776,4.0
Low Fat,NCF30,Household,2016.0,OUT046,Tier 1,Small,Supermarket Type1,0.126244,17.0,124.6362,4.0
Low Fat,NCH30,Household,2016.0,OUT046,Tier 1,Small,Supermarket Type1,0.067154,17.1,114.386,4.0
Low Fat,NCL30,Household,2016.0,OUT046,Tier 1,Small,Supermarket Type1,0.04894,18.1,127.5336,4.0
Low Fat,NCI42,Household,2016.0,OUT046,Tier 1,Small,Supermarket Type1,0.010366,18.75,207.0954,4.0
Low Fat,NCQ50,Household,2016.0,OUT046,Tier 1,Small,Supermarket Type1,0.034307,18.75,215.2218,4.0
Low Fat,NCL18,Household,2016.0,OUT046,Tier 1,Small,Supermarket Type1,0.167584,18.85,194.6136,4.0
Low Fat,NCC06,Household,2016.0,OUT046,Tier 1,Small,Supermarket Type1,0.026986,19.0,127.1336,4.0
Low Fat,NCB18,Household,2016.0,OUT046,Tier 1,Small,Supermarket Type1,0.041291,19.6,86.9514,4.0
Low Fat,NCI43,Household,2016.0,OUT046,Tier 1,Small,Supermarket Type1,0.025969,19.85,49.5376,4.0
Low Fat,NCA06,Household,2016.0,OUT046,Tier 1,Small,Supermarket Type1,0.143284,20.5,37.919,4.0
Low Fat,NCE54,Household,2016.0,OUT046,Tier 1,Small,Supermarket Type1,0.0269,20.7,73.9354,4.0
Low Fat,NCP06,Household,2016.0,OUT046,Tier 1,Small,Supermarket Type1,0.039246,20.7,151.4366,4.0
Low Fat,NCD54,Household,2016.0,OUT046,Tier 1,Small,Supermarket Type1,0.029009,21.1,143.3786,4.0
Low Fat,FDM03,Meat,2016.0,OUT046,Tier 1,Small,Supermarket Type1,0.0,12.65,107.8938,4.0
Low Fat,FDX15,Meat,2016.0,OUT046,Tier 1,Small,Supermarket Type1,0.156299,17.2,162.1578,4.0
Low Fat,FDR39,Meat,2016.0,OUT046,Tier 1,Small,Supermarket Type1,0.083799,20.35,184.1292,4.0
Low Fat,NCM07,Others,2016.0,OUT046,Tier 1,Small,Supermarket Type1,0.039962,9.395,84.0908,4.0
Low Fat,NCK07,Others,2016.0,OUT046,Tier 1,Small,Supermarket Type1,0.048687,10.65,164.1526,4.0
Low Fat,NCN19,Others,2016.0,OUT046,Tier 1,Small,Supermarket Type1,0.0,13.1,189.253,4.0
Low Fat,NCP50,Others,2016.0,OUT046,Tier 1,Small,Supermarket Type1,0.02056,17.35,78.7618,4.0
Low Fat,NCN14,Others,2016.0,OUT046,Tier 1,Small,Supermarket Type1,0.091918,19.1,182.7608,4.0
Low Fat,NCJ31,Others,2016.0,OUT046,Tier 1,Small,Supermarket Type1,0.182654,19.2,243.0196,4.0
Low Fat,FDL33,Snack Foods,2016.0,OUT046,Tier 1,Small,Supermarket Type1,0.099963,7.235,193.8452,4.0
Low Fat,FDR33,Snack Foods,2016.0,OUT046,Tier 1,Small,Supermarket Type1,0.026789,7.31,110.357,4.0
Low Fat,FDT21,Snack Foods,2016.0,OUT046,Tier 1,Small,Supermarket Type1,0.020392,7.42,248.9092,4.0
Low Fat,FDQ46,Snack Foods,2016.0,OUT046,Tier 1,Small,Supermarket Type1,0.103813,7.51,113.7544,4.0
Low Fat,FDQ34,Snack Foods,2016.0,OUT046,Tier 1,Small,Supermarket Type1,0.162243,10.85,107.8622,4.0
Low Fat,FDH58,Snack Foods,2016.0,OUT046,Tier 1,Small,Supermarket Type1,0.03694,12.3,113.1834,4.0
Low Fat,FDF58,Snack Foods,2016.0,OUT046,Tier 1,Small,Supermarket Type1,0.009581,13.3,64.951,4.0
Low Fat,FDJ09,Snack Foods,2016.0,OUT046,Tier 1,Small,Supermarket Type1,0.0,15.0,43.4744,4.0
Low Fat,FDS57,Snack Foods,2016.0,OUT046,Tier 1,Small,Supermarket Type1,0.103442,15.5,144.847,4.0
Low Fat,FDI33,Snack Foods,2016.0,OUT046,Tier 1,Small,Supermarket Type1,0.028419,16.5,92.8146,4.0
Low Fat,FDY10,Snack Foods,2016.0,OUT046,Tier 1,Small,Supermarket Type1,0.049068,17.6,115.6176,4.0
Low Fat,FDZ09,Snack Foods,2016.0,OUT046,Tier 1,Small,Supermarket Type1,0.104879,17.6,164.8868,4.0
Low Fat,DRC25,Soft Drinks,2016.0,OUT046,Tier 1,Small,Supermarket Type1,0.045372,5.73,86.0882,4.0
Low Fat,DRJ01,Soft Drinks,2016.0,OUT046,Tier 1,Small,Supermarket Type1,0.115032,6.135,161.0236,4.0
Low Fat,DRL60,Soft Drinks,2016.0,OUT046,Tier 1,Small,Supermarket Type1,0.027059,8.52,153.3682,4.0
Low Fat,DRH13,Soft Drinks,2016.0,OUT046,Tier 1,Small,Supermarket Type1,0.023886,8.575,106.628,4.0
Low Fat,DRF25,Soft Drinks,2016.0,OUT046,Tier 1,Small,Supermarket Type1,0.038925,9.0,34.919,4.0
Low Fat,DRD37,Soft Drinks,2016.0,OUT046,Tier 1,Small,Supermarket Type1,0.013842,9.8,45.206,4.0
Low Fat,DRJ37,Soft Drinks,2016.0,OUT046,Tier 1,Small,Supermarket Type1,0.061101,10.8,151.9024,4.0
Low Fat,DRE37,Soft Drinks,2016.0,OUT046,Tier 1,Small,Supermarket Type1,0.09422,13.5,189.9872,4.0
Low Fat,DRG36,Soft Drinks,2016.0,OUT046,Tier 1,Small,Supermarket Type1,0.095378,14.15,170.5106,4.0
Low Fat,DRN36,Soft Drinks,2016.0,OUT046,Tier 1,Small,Supermarket Type1,0.0,15.2,96.6752,4.0
Low Fat,DRI25,Soft Drinks,2016.0,OUT046,Tier 1,Small,Supermarket Type1,0.033901,19.6,56.2614,4.0
Low Fat,DRH49,Soft Drinks,2016.0,OUT046,Tier 1,Small,Supermarket Type1,0.024656,19.7,84.3592,4.0
Low Fat,FDC35,Starchy Foods,2016.0,OUT046,Tier 1,Small,Supermarket Type1,0.122838,7.435,208.7638,4.0
Regular,FDC60,Baking Goods,2016.0,OUT046,Tier 1,Small,Supermarket Type1,0.114472,5.425,88.3514,4.0
Regular,FDZ36,Baking Goods,2016.0,OUT046,Tier 1,Small,Supermarket Type1,0.065784,6.035,188.224,4.0
Regular,FDT12,Baking Goods,2016.0,OUT046,Tier 1,Small,Supermarket Type1,0.049622,6.215,226.1062,4.0
Regular,FDB49,Baking Goods,2016.0,OUT046,Tier 1,Small,Supermarket Type1,0.030151,8.3,98.7384,4.0
Regular,FDY12,Baking Goods,2016.0,OUT046,Tier 1,Small,Supermarket Type1,0.140611,9.8,49.8008,4.0
Regular,FDA47,Baking Goods,2016.0,OUT046,Tier 1,Small,Supermarket Type1,0.116674,10.5,161.721,4.0
Regular,FDB12,Baking Goods,2016.0,OUT046,Tier 1,Small,Supermarket Type1,0.105308,11.15,102.0648,4.0
Regular,FDO48,Baking Goods,2016.0,OUT046,Tier 1,Small,Supermarket Type1,0.026841,15.0,219.8456,4.0
Regular,FDX11,Baking Goods,2016.0,OUT046,Tier 1,Small,Supermarket Type1,0.106752,16.0,181.4634,4.0
Regular,FDZ47,Baking Goods,2016.0,OUT046,Tier 1,Small,Supermarket Type1,0.079296,20.7,97.2042,4.0
Regular,FDQ11,Breads,2016.0,OUT046,Tier 1,Small,Supermarket Type1,0.067701,5.695,256.5988,4.0
Regular,FDT11,Breads,2016.0,OUT046,Tier 1,Small,Supermarket Type1,0.029372,5.94,186.7556,4.0
Regular,FDT23,Breads,2016.0,OUT046,Tier 1,Small,Supermarket Type1,0.074731,7.72,77.5986,4.0
Regular,FDY47,Breads,2016.0,OUT046,Tier 1,Small,Supermarket Type1,0.054484,8.6,130.131,4.0
Regular,FDR37,Breakfast,2016.0,OUT046,Tier 1,Small,Supermarket Type1,0.06625,16.5,183.3292,4.0
Regular,FDQ49,Breakfast,2016.0,OUT046,Tier 1,Small,Supermarket Type1,0.039248,20.2,157.663,4.0
Regular,FDA37,Canned,2016.0,OUT046,Tier 1,Small,Supermarket Type1,0.055227,7.81,123.1046,4.0
Regular,FDD26,Canned,2016.0,OUT046,Tier 1,Small,Supermarket Type1,0.072155,8.71,183.3924,4.0
Regular,FDF38,Canned,2016.0,OUT046,Tier 1,Small,Supermarket Type1,0.026358,11.8,39.6138,4.0
Regular,FDM02,Canned,2016.0,OUT046,Tier 1,Small,Supermarket Type1,0.073735,12.5,87.1198,4.0
Regular,FDC14,Canned,2016.0,OUT046,Tier 1,Small,Supermarket Type1,0.041249,14.5,40.5454,4.0
Regular,FDH50,Canned,2016.0,OUT046,Tier 1,Small,Supermarket Type1,0.161435,15.0,185.1266,4.0
Regular,FDJ26,Canned,2016.0,OUT046,Tier 1,Small,Supermarket Type1,0.084765,15.3,215.0218,4.0
Regular,FDZ25,Canned,2016.0,OUT046,Tier 1,Small,Supermarket Type1,0.027617,15.7,168.279,4.0
Regular,FDW02,Dairy,2016.0,OUT046,Tier 1,Small,Supermarket Type1,0.037699,4.805,125.5704,4.0
Regular,FDW38,Dairy,2016.0,OUT046,Tier 1,Small,Supermarket Type1,0.13868,5.325,53.7298,4.0
Regular,FDX38,Dairy,2016.0,OUT046,Tier 1,Small,Supermarket Type1,0.048207,10.5,45.9376,4.0
Regular,FDQ26,Dairy,2016.0,OUT046,Tier 1,Small,Supermarket Type1,0.067872,13.5,57.8562,4.0
Regular,FDB03,Dairy,2016.0,OUT046,Tier 1,Small,Supermarket Type1,0.156832,17.75,241.0538,4.0
Regular,FDT26,Dairy,2016.0,OUT046,Tier 1,Small,Supermarket Type1,0.067954,18.85,119.044,4.0
Regular,FDV26,Dairy,2016.0,OUT046,Tier 1,Small,Supermarket Type1,0.07616,20.25,196.2794,4.0
Regular,FDP40,Frozen Foods,2016.0,OUT046,Tier 1,Small,Supermarket Type1,0.034357,4.555,112.6544,4.0
Regular,FDH04,Frozen Foods,2016.0,OUT046,Tier 1,Small,Supermarket Type1,0.011373,6.115,89.6488,4.0
Regular,FDD41,Frozen Foods,2016.0,OUT046,Tier 1,Small,Supermarket Type1,0.08726,6.765,105.0306,4.0
Regular,FDM16,Frozen Foods,2016.0,OUT046,Tier 1,Small,Supermarket Type1,0.033555,8.155,74.7354,4.0
Regular,FDI05,Frozen Foods,2016.0,OUT046,Tier 1,Small,Supermarket Type1,0.12687,8.35,74.4354,4.0
Regular,FDG05,Frozen Foods,2016.0,OUT046,Tier 1,Small,Supermarket Type1,0.087847,11.0,156.863,4.0
Regular,FDA04,Frozen Foods,2016.0,OUT046,Tier 1,Small,Supermarket Type1,0.06673,11.3,257.2962,4.0
Regular,FDI04,Frozen Foods,2016.0,OUT046,Tier 1,Small,Supermarket Type1,0.072912,13.65,198.4426,4.0
Regular,FDP28,Frozen Foods,2016.0,OUT046,Tier 1,Small,Supermarket Type1,0.08064,13.65,262.6936,4.0
Regular,FDF28,Frozen Foods,2016.0,OUT046,Tier 1,Small,Supermarket Type1,0.037865,15.7,124.1046,4.0
Regular,FDA40,Frozen Foods,2016.0,OUT046,Tier 1,Small,Supermarket Type1,0.099271,16.0,88.5856,4.0
Regular,FDY16,Frozen Foods,2016.0,OUT046,Tier 1,Small,Supermarket Type1,0.092227,18.35,184.4266,4.0
Regular,FDI41,Frozen Foods,2016.0,OUT046,Tier 1,Small,Supermarket Type1,0.062257,18.5,148.0418,4.0
Regular,FDE17,Frozen Foods,2016.0,OUT046,Tier 1,Small,Supermarket Type1,0.054455,20.1,149.5366,4.0
Regular,FDN56,Fruits and Vegetables,2016.0,OUT046,Tier 1,Small,Supermarket Type1,0.107057,5.46,144.9786,4.0
Regular,FDS56,Fruits and Vegetables,2016.0,OUT046,Tier 1,Small,Supermarket Type1,0.038757,5.785,260.7252,4.0
Regular,FDO31,Fruits and Vegetables,2016.0,OUT046,Tier 1,Small,Supermarket Type1,0.028983,6.76,79.596,4.0
Regular,FDD44,Fruits and Vegetables,2016.0,OUT046,Tier 1,Small,Supermarket Type1,0.0784,8.05,259.0646,4.0
Regular,FDV44,Fruits and Vegetables,2016.0,OUT046,Tier 1,Small,Supermarket Type1,0.039844,8.365,190.1188,4.0
Regular,FDU31,Fruits and Vegetables,2016.0,OUT046,Tier 1,Small,Supermarket Type1,0.024991,10.5,217.9508,4.0
Regular,FDR55,Fruits and Vegetables,2016.0,OUT046,Tier 1,Small,Supermarket Type1,0.132084,12.15,189.5872,4.0
Regular,FDW19,Fruits and Vegetables,2016.0,OUT046,Tier 1,Small,Supermarket Type1,0.0385,12.35,110.757,4.0
Regular,FDK20,Fruits and Vegetables,2016.0,OUT046,Tier 1,Small,Supermarket Type1,0.041558,12.6,124.5072,4.0
Regular,FDS44,Fruits and Vegetables,2016.0,OUT046,Tier 1,Small,Supermarket Type1,0.156044,12.65,239.6538,4.0
Regular,FDS31,Fruits and Vegetables,2016.0,OUT046,Tier 1,Small,Supermarket Type1,0.044192,13.1,180.3318,4.0
Regular,FDS19,Fruits and Vegetables,2016.0,OUT046,Tier 1,Small,Supermarket Type1,0.064207,13.8,76.0012,4.0
Regular,FDH45,Fruits and Vegetables,2016.0,OUT046,Tier 1,Small,Supermarket Type1,0.105667,15.1,41.6796,4.0
Regular,FDO19,Fruits and Vegetables,2016.0,OUT046,Tier 1,Small,Supermarket Type1,0.016597,17.7,48.3034,4.0
Regular,FDI08,Fruits and Vegetables,2016.0,OUT046,Tier 1,Small,Supermarket Type1,0.066297,18.2,247.1092,4.0
Regular,FDW32,Fruits and Vegetables,2016.0,OUT046,Tier 1,Small,Supermarket Type1,0.094297,18.35,84.3882,4.0
Regular,FDT32,Fruits and Vegetables,2016.0,OUT046,Tier 1,Small,Supermarket Type1,0.065634,19.0,186.5214,4.0
Regular,FDB57,Fruits and Vegetables,2016.0,OUT046,Tier 1,Small,Supermarket Type1,0.018805,20.25,220.6772,4.0
Regular,FDX31,Fruits and Vegetables,2016.0,OUT046,Tier 1,Small,Supermarket Type1,0.014826,20.35,233.2958,4.0
Regular,FDP03,Meat,2016.0,OUT046,Tier 1,Small,Supermarket Type1,0.061177,5.15,121.8388,4.0
Regular,FDO27,Meat,2016.0,OUT046,Tier 1,Small,Supermarket Type1,0.179077,6.175,94.3752,4.0
Regular,FDR15,Meat,2016.0,OUT046,Tier 1,Small,Supermarket Type1,0.033438,9.3,153.2314,4.0
Regular,FDN03,Meat,2016.0,OUT046,Tier 1,Small,Supermarket Type1,0.01509,9.8,249.6408,4.0
Regular,FDT27,Meat,2016.0,OUT046,Tier 1,Small,Supermarket Type1,0.069587,11.395,234.6616,4.0
Regular,FDT15,Meat,2016.0,OUT046,Tier 1,Small,Supermarket Type1,0.042682,12.15,184.295,4.0
Regular,FDG33,Seafood,2016.0,OUT046,Tier 1,Small,Supermarket Type1,0.14024,5.365,171.0764,4.0
Regular,FDX22,Snack Foods,2016.0,OUT046,Tier 1,Small,Supermarket Type1,0.022975,6.785,208.7928,4.0
Regular,FDC22,Snack Foods,2016.0,OUT046,Tier 1,Small,Supermarket Type1,0.136428,6.89,193.982,4.0
Regular,FDV10,Snack Foods,2016.0,OUT046,Tier 1,Small,Supermarket Type1,0.0,7.645,41.8112,4.0
Regular,FDX33,Snack Foods,2016.0,OUT046,Tier 1,Small,Supermarket Type1,0.117485,9.195,158.5578,4.0
Regular,FDI34,Snack Foods,2016.0,OUT046,Tier 1,Small,Supermarket Type1,0.085136,10.65,232.3668,4.0
Regular,FDM09,Snack Foods,2016.0,OUT046,Tier 1,Small,Supermarket Type1,0.085932,11.15,169.679,4.0
Regular,FDO45,Snack Foods,2016.0,OUT046,Tier 1,Small,Supermarket Type1,0.037953,13.15,89.5856,4.0
Regular,FDO09,Snack Foods,2016.0,OUT046,Tier 1,Small,Supermarket Type1,0.125275,13.5,262.191,4.0
Regular,FDY33,Snack Foods,2016.0,OUT046,Tier 1,Small,Supermarket Type1,0.097201,14.5,159.4262,4.0
Regular,FDP45,Snack Foods,2016.0,OUT046,Tier 1,Small,Supermarket Type1,0.030625,15.7,252.2724,4.0
Regular,FDC34,Snack Foods,2016.0,OUT046,Tier 1,Small,Supermarket Type1,0.172759,16.0,157.0972,4.0
Regular,FDY22,Snack Foods,2016.0,OUT046,Tier 1,Small,Supermarket Type1,0.159721,16.5,144.5128,4.0
Regular,FDR34,Snack Foods,2016.0,OUT046,Tier 1,Small,Supermarket Type1,0.015965,17.0,229.4352,4.0
Regular,FDX57,Snack Foods,2016.0,OUT046,Tier 1,Small,Supermarket Type1,0.047266,17.25,97.0068,4.0
Regular,DRY23,Soft Drinks,2016.0,OUT046,Tier 1,Small,Supermarket Type1,0.109096,9.395,44.6112,4.0
Regular,DRC36,Soft Drinks,2016.0,OUT046,Tier 1,Small,Supermarket Type1,0.044985,13.0,175.0054,4.0
Regular,FDD47,Starchy Foods,2016.0,OUT046,Tier 1,Small,Supermarket Type1,0.142411,7.6,171.9448,4.0
Regular,FDD59,Starchy Foods,2016.0,OUT046,Tier 1,Small,Supermarket Type1,0.0,10.5,78.296,4.0
Low Fat,FDS35,Breads,2016.0,OUT046,Tier 1,Small,Supermarket Type1,0.111221,9.3,65.7826,4.0
Low Fat,FDS52,Frozen Foods,2016.0,OUT046,Tier 1,Small,Supermarket Type1,0.005475,8.89,99.7016,4.0
Low Fat,NCY29,Health and Hygiene,2016.0,OUT046,Tier 1,Small,Supermarket Type1,0.077234,13.65,56.893,4.0
Low Fat,NCW54,Household,2016.0,OUT046,Tier 1,Small,Supermarket Type1,0.096413,7.5,55.3588,4.0
Regular,FDH60,Baking Goods,2016.0,OUT046,Tier 1,Small,Supermarket Type1,0.080737,19.7,197.011,4.0
Regular,FDB26,Canned,2016.0,OUT046,Tier 1,Small,Supermarket Type1,0.031267,14.0,51.464,4.0
Regular,FDX39,Meat,2016.0,OUT046,Tier 1,Small,Supermarket Type1,0.049676,14.3,212.4586,4.0
Regular,FDO10,Snack Foods,2016.0,OUT046,Tier 1,Small,Supermarket Type1,0.012752,13.65,55.5588,4.0
Low Fat,FDQ16,Frozen Foods,2015.0,OUT045,Tier 2,Medium,Supermarket Type1,0.041823,19.7,108.0912,4.0
Low Fat,DRH11,Hard Drinks,2015.0,OUT045,Tier 2,Medium,Supermarket Type1,0.075711,5.98,55.6614,4.0
Low Fat,FDX58,Snack Foods,2015.0,OUT045,Tier 2,Medium,Supermarket Type1,0.043852,13.15,182.695,4.0
Low Fat,FDO60,Baking Goods,2020.0,OUT017,Tier 2,Medium,Supermarket Type1,0.034564,20.0,45.3086,4.0
Low Fat,FDH57,Fruits and Vegetables,2020.0,OUT017,Tier 2,Medium,Supermarket Type1,0.03595,10.895,132.9284,4.0
Low Fat,DRO35,Hard Drinks,2020.0,OUT017,Tier 2,Medium,Supermarket Type1,0.034766,13.85,114.2492,4.0
Low Fat,NCB42,Health and Hygiene,2020.0,OUT017,Tier 2,Medium,Supermarket Type1,0.00861,11.8,114.8492,4.0
Low Fat,NCY05,Health and Hygiene,2020.0,OUT017,Tier 2,Medium,Supermarket Type1,0.055301,13.5,34.6874,4.0
Low Fat,NCK05,Health and Hygiene,2020.0,OUT017,Tier 2,Medium,Supermarket Type1,0.077892,20.1,59.3536,4.0
Low Fat,NCW42,Household,2020.0,OUT017,Tier 2,Medium,Supermarket Type1,0.0588,18.2,220.7456,4.0
Low Fat,FDE58,Snack Foods,2020.0,OUT017,Tier 2,Medium,Supermarket Type1,0.0,18.5,119.8124,4.0
Low Fat,DRI25,Soft Drinks,2020.0,OUT017,Tier 2,Medium,Supermarket Type1,0.034093,19.6,56.6614,4.0
Low Fat,FDW23,Baking Goods,2015.0,OUT045,Tier 2,Medium,Supermarket Type1,0.082179,5.765,37.0164,4.0
Low Fat,FDW24,Baking Goods,2015.0,OUT045,Tier 2,Medium,Supermarket Type1,0.037573,6.8,50.2034,4.0
Low Fat,FDY59,Baking Goods,2015.0,OUT045,Tier 2,Medium,Supermarket Type1,0.031467,8.195,91.8462,4.0
Low Fat,FDF12,Baking Goods,2015.0,OUT045,Tier 2,Medium,Supermarket Type1,0.082595,8.235,149.1076,4.0
Low Fat,FDK24,Baking Goods,2015.0,OUT045,Tier 2,Medium,Supermarket Type1,0.1015,9.195,45.2744,4.0
Low Fat,FDH12,Baking Goods,2015.0,OUT045,Tier 2,Medium,Supermarket Type1,0.085126,9.6,107.128,4.0
Low Fat,FDI24,Baking Goods,2015.0,OUT045,Tier 2,Medium,Supermarket Type1,0.078903,10.3,177.637,4.0
Low Fat,FDJ48,Baking Goods,2015.0,OUT045,Tier 2,Medium,Supermarket Type1,0.0,11.3,245.2118,4.0
Low Fat,FDN48,Baking Goods,2015.0,OUT045,Tier 2,Medium,Supermarket Type1,0.065082,13.35,93.0804,4.0
Low Fat,FDY48,Baking Goods,2015.0,OUT045,Tier 2,Medium,Supermarket Type1,0.023783,14.0,104.0332,4.0
Low Fat,FDN12,Baking Goods,2015.0,OUT045,Tier 2,Medium,Supermarket Type1,0.081268,15.6,110.2544,4.0
Low Fat,FDP60,Baking Goods,2015.0,OUT045,Tier 2,Medium,Supermarket Type1,0.056032,17.35,102.3016,4.0
Low Fat,FDV36,Baking Goods,2015.0,OUT045,Tier 2,Medium,Supermarket Type1,0.026355,18.7,127.102,4.0
Low Fat,FDP23,Breads,2015.0,OUT045,Tier 2,Medium,Supermarket Type1,0.035659,6.71,218.3166,4.0
Low Fat,FDV23,Breads,2015.0,OUT045,Tier 2,Medium,Supermarket Type1,0.106051,11.0,124.4046,4.0
Low Fat,FDU23,Breads,2015.0,OUT045,Tier 2,Medium,Supermarket Type1,0.021768,12.15,164.6184,4.0
Low Fat,FDR35,Breads,2015.0,OUT045,Tier 2,Medium,Supermarket Type1,0.02074,12.5,198.9742,4.0
Low Fat,FDW59,Breads,2015.0,OUT045,Tier 2,Medium,Supermarket Type1,0.020758,13.15,84.3566,4.0
Low Fat,FDP11,Breads,2015.0,OUT045,Tier 2,Medium,Supermarket Type1,0.069241,15.85,217.5166,4.0
Low Fat,FDS47,Breads,2015.0,OUT045,Tier 2,Medium,Supermarket Type1,0.0,16.75,88.7856,4.0
Low Fat,FDO13,Breakfast,2015.0,OUT045,Tier 2,Medium,Supermarket Type1,0.061184,7.865,164.5526,4.0
Low Fat,FDN13,Breakfast,2015.0,OUT045,Tier 2,Medium,Supermarket Type1,0.152367,18.6,98.5358,4.0
Low Fat,FDI26,Canned,2015.0,OUT045,Tier 2,Medium,Supermarket Type1,0.034957,5.94,177.1344,4.0
Low Fat,FDK38,Canned,2015.0,OUT045,Tier 2,Medium,Supermarket Type1,0.053398,6.65,149.3734,4.0
Low Fat,FDK14,Canned,2015.0,OUT045,Tier 2,Medium,Supermarket Type1,0.041189,6.98,82.8934,4.0
Low Fat,FDT49,Canned,2015.0,OUT045,Tier 2,Medium,Supermarket Type1,0.151713,7.0,104.828,4.0
Low Fat,FDS49,Canned,2015.0,OUT045,Tier 2,Medium,Supermarket Type1,0.079506,9.0,78.3644,4.0
Low Fat,FDS01,Canned,2015.0,OUT045,Tier 2,Medium,Supermarket Type1,0.017781,11.6,177.3686,4.0
Low Fat,FDB50,Canned,2015.0,OUT045,Tier 2,Medium,Supermarket Type1,0.15393,13.0,76.7986,4.0
Low Fat,FDP25,Canned,2015.0,OUT045,Tier 2,Medium,Supermarket Type1,0.021251,15.2,216.5824,4.0
Low Fat,FDC38,Canned,2015.0,OUT045,Tier 2,Medium,Supermarket Type1,0.122742,15.7,134.2942,4.0
Low Fat,FDC50,Canned,2015.0,OUT045,Tier 2,Medium,Supermarket Type1,0.136775,15.85,94.4094,4.0
Low Fat,FDN02,Canned,2015.0,OUT045,Tier 2,Medium,Supermarket Type1,0.073977,16.5,206.8638,4.0
Low Fat,FDD02,Canned,2015.0,OUT045,Tier 2,Medium,Supermarket Type1,0.050393,16.6,118.4124,4.0
Low Fat,FDY50,Dairy,2015.0,OUT045,Tier 2,Medium,Supermarket Type1,0.131221,5.8,87.8172,4.0
Low Fat,FDB27,Dairy,2015.0,OUT045,Tier 2,Medium,Supermarket Type1,0.055502,7.575,196.5768,4.0
Low Fat,FDB16,Dairy,2015.0,OUT045,Tier 2,Medium,Supermarket Type1,0.045017,8.21,87.6198,4.0
Low Fat,DRG27,Dairy,2015.0,OUT045,Tier 2,Medium,Supermarket Type1,0.105324,8.895,39.1138,4.0
Low Fat,FDC04,Dairy,2015.0,OUT045,Tier 2,Medium,Supermarket Type1,0.045077,15.6,241.3854,4.0
Low Fat,FDV02,Dairy,2015.0,OUT045,Tier 2,Medium,Supermarket Type1,0.060668,16.75,172.4106,4.0
Low Fat,FDT38,Dairy,2015.0,OUT045,Tier 2,Medium,Supermarket Type1,0.057654,18.7,83.1566,4.0
Low Fat,FDY52,Frozen Foods,2015.0,OUT045,Tier 2,Medium,Supermarket Type1,0.007363,6.365,63.2536,4.0
Low Fat,FDR04,Frozen Foods,2015.0,OUT045,Tier 2,Medium,Supermarket Type1,0.022613,7.075,97.0068,4.0
Low Fat,FDD17,Frozen Foods,2015.0,OUT045,Tier 2,Medium,Supermarket Type1,0.032693,7.5,238.7906,4.0
Low Fat,FDE16,Frozen Foods,2015.0,OUT045,Tier 2,Medium,Supermarket Type1,0.026397,8.895,207.8954,4.0
Low Fat,FDZ04,Frozen Foods,2015.0,OUT045,Tier 2,Medium,Supermarket Type1,0.038032,9.31,61.351,4.0
Low Fat,FDE53,Frozen Foods,2015.0,OUT045,Tier 2,Medium,Supermarket Type1,0.026935,10.895,106.128,4.0
Low Fat,FDF41,Frozen Foods,2015.0,OUT045,Tier 2,Medium,Supermarket Type1,0.131446,12.15,246.846,4.0
Low Fat,FDG04,Frozen Foods,2015.0,OUT045,Tier 2,Medium,Supermarket Type1,0.006075,13.1,187.5898,4.0
Low Fat,FDI28,Frozen Foods,2015.0,OUT045,Tier 2,Medium,Supermarket Type1,0.026375,14.3,79.6302,4.0
Low Fat,FDT04,Frozen Foods,2015.0,OUT045,Tier 2,Medium,Supermarket Type1,0.107259,17.25,40.1822,4.0
Low Fat,FDF04,Frozen Foods,2015.0,OUT045,Tier 2,Medium,Supermarket Type1,0.013665,17.5,257.7304,4.0
Low Fat,FDK52,Frozen Foods,2015.0,OUT045,Tier 2,Medium,Supermarket Type1,0.07938,18.25,226.1062,4.0
Low Fat,FDX43,Fruits and Vegetables,2015.0,OUT045,Tier 2,Medium,Supermarket Type1,0.085448,5.655,165.85,4.0
Low Fat,FDZ55,Fruits and Vegetables,2015.0,OUT045,Tier 2,Medium,Supermarket Type1,0.02546,6.055,160.892,4.0
Low Fat,FDA31,Fruits and Vegetables,2015.0,OUT045,Tier 2,Medium,Supermarket Type1,0.110235,7.1,171.708,4.0
Low Fat,FDX20,Fruits and Vegetables,2015.0,OUT045,Tier 2,Medium,Supermarket Type1,0.042647,7.365,225.172,4.0
Low Fat,FDJ56,Fruits and Vegetables,2015.0,OUT045,Tier 2,Medium,Supermarket Type1,0.183775,8.985,101.77,4.0
Low Fat,FDK56,Fruits and Vegetables,2015.0,OUT045,Tier 2,Medium,Supermarket Type1,0.130262,9.695,185.2898,4.0
Low Fat,FDV31,Fruits and Vegetables,2015.0,OUT045,Tier 2,Medium,Supermarket Type1,0.106934,9.8,175.337,4.0
Low Fat,FDJ32,Fruits and Vegetables,2015.0,OUT045,Tier 2,Medium,Supermarket Type1,0.05791,10.695,60.4536,4.0
Low Fat,FDU07,Fruits and Vegetables,2015.0,OUT045,Tier 2,Medium,Supermarket Type1,0.059968,11.1,152.8366,4.0
Low Fat,FDX08,Fruits and Vegetables,2015.0,OUT045,Tier 2,Medium,Supermarket Type1,0.02265,12.85,179.3318,4.0
Low Fat,FDX55,Fruits and Vegetables,2015.0,OUT045,Tier 2,Medium,Supermarket Type1,0.0,15.1,216.4166,4.0
Low Fat,FDF32,Fruits and Vegetables,2015.0,OUT045,Tier 2,Medium,Supermarket Type1,0.068219,16.35,198.9426,4.0
Low Fat,FDY19,Fruits and Vegetables,2015.0,OUT045,Tier 2,Medium,Supermarket Type1,0.041449,19.75,116.5466,4.0
Low Fat,FDB45,Fruits and Vegetables,2015.0,OUT045,Tier 2,Medium,Supermarket Type1,0.021373,20.85,103.3306,4.0
Low Fat,DRF23,Hard Drinks,2015.0,OUT045,Tier 2,Medium,Supermarket Type1,0.122901,4.61,174.4396,4.0
Low Fat,DRK11,Hard Drinks,2015.0,OUT045,Tier 2,Medium,Supermarket Type1,0.0,8.21,148.2392,4.0
Low Fat,DRG23,Hard Drinks,2015.0,OUT045,Tier 2,Medium,Supermarket Type1,0.086957,8.88,152.5682,4.0
Low Fat,DRK59,Hard Drinks,2015.0,OUT045,Tier 2,Medium,Supermarket Type1,0.0,8.895,232.9616,4.0
Low Fat,DRJ11,Hard Drinks,2015.0,OUT045,Tier 2,Medium,Supermarket Type1,0.0,9.5,190.9872,4.0
Low Fat,DRO59,Hard Drinks,2015.0,OUT045,Tier 2,Medium,Supermarket Type1,0.054264,11.8,75.0012,4.0
Low Fat,DRH23,Hard Drinks,2015.0,OUT045,Tier 2,Small,Supermarket Type1,0.170664,14.65,56.4614,4.0
Low Fat,DRN59,Hard Drinks,2015.0,OUT045,Tier 2,Small,Supermarket Type1,0.064272,15.0,45.506,4.0
Low Fat,DRJ23,Hard Drinks,2015.0,OUT045,Tier 2,Small,Supermarket Type1,0.041753,18.35,187.6872,4.0
Low Fat,NCO05,Health and Hygiene,2015.0,OUT045,Tier 2,Small,Supermarket Type1,0.046654,7.27,98.6384,4.0
Low Fat,NCJ17,Health and Hygiene,2015.0,OUT045,Tier 2,Small,Supermarket Type1,0.152866,7.68,84.9224,4.0
Low Fat,NCI17,Health and Hygiene,2015.0,OUT045,Tier 2,Small,Supermarket Type1,0.143714,8.645,96.641,4.0
Low Fat,NCL29,Health and Hygiene,2015.0,OUT045,Tier 2,Small,Supermarket Type1,0.114171,9.695,158.9604,4.0
Low Fat,NCX29,Health and Hygiene,2015.0,OUT045,Tier 2,Small,Supermarket Type1,0.089333,10.0,145.6102,4.0
Low Fat,NCR05,Health and Hygiene,2015.0,OUT045,Tier 2,Small,Supermarket Type1,0.054742,10.1,200.2084,4.0
Low Fat,NCV05,Health and Hygiene,2015.0,OUT045,Tier 2,Small,Supermarket Type1,0.03027,10.1,152.4656,4.0
Low Fat,NCK17,Health and Hygiene,2015.0,OUT045,Tier 2,Small,Supermarket Type1,0.037972,11.0,38.948,4.0
Low Fat,NCA53,Health and Hygiene,2015.0,OUT045,Tier 2,Small,Supermarket Type1,0.009898,11.395,48.8034,4.0
Low Fat,NCZ17,Health and Hygiene,2015.0,OUT045,Tier 2,Small,Supermarket Type1,0.079593,12.15,37.3506,4.0
Low Fat,NCT29,Health and Hygiene,2015.0,OUT045,Tier 2,Small,Supermarket Type1,0.064241,12.6,121.9414,4.0
Low Fat,NCY29,Health and Hygiene,2015.0,OUT045,Tier 2,Small,Supermarket Type1,0.077391,13.65,54.693,4.0
Low Fat,NCC42,Health and Hygiene,2015.0,OUT045,Tier 2,Small,Supermarket Type1,0.044999,15.0,140.4838,4.0
Low Fat,NCX05,Health and Hygiene,2015.0,OUT045,Tier 2,Small,Supermarket Type1,0.097259,15.2,114.8492,4.0
Low Fat,NCD42,Health and Hygiene,2015.0,OUT045,Tier 2,Small,Supermarket Type1,0.012663,16.5,39.3506,4.0
Low Fat,NCQ53,Health and Hygiene,2015.0,OUT045,Tier 2,Small,Supermarket Type1,0.018944,17.6,237.359,4.0
Low Fat,NCX41,Health and Hygiene,2015.0,OUT045,Tier 2,Small,Supermarket Type1,0.017755,19.0,211.7244,4.0
Low Fat,NCW05,Health and Hygiene,2015.0,OUT045,Tier 2,Small,Supermarket Type1,0.148373,20.25,108.8938,4.0
Low Fat,NCU30,Household,2015.0,OUT045,Tier 2,Small,Supermarket Type1,0.034945,5.11,161.121,4.0
Low Fat,NCY42,Household,2015.0,OUT045,Tier 2,Small,Supermarket Type1,0.015193,6.38,143.347,4.0
Low Fat,NCZ30,Household,2015.0,OUT045,Tier 2,Small,Supermarket Type1,0.026238,6.59,121.6098,4.0
Low Fat,NCY18,Household,2015.0,OUT045,Tier 2,Small,Supermarket Type1,0.031215,7.285,177.1054,4.0
Low Fat,NCQ30,Household,2015.0,OUT045,Tier 2,Small,Supermarket Type1,0.029131,7.725,123.8414,4.0
Low Fat,NCS06,Household,2015.0,OUT045,Tier 2,Small,Supermarket Type1,0.031801,7.935,261.591,4.0
Low Fat,NCE55,Household,2015.0,OUT045,Tier 2,Small,Supermarket Type1,0.130192,8.92,176.837,4.0
Low Fat,NCJ54,Household,2015.0,OUT045,Tier 2,Small,Supermarket Type1,0.060189,9.895,233.0642,4.0
Low Fat,NCA18,Household,2015.0,OUT045,Tier 2,Small,Supermarket Type1,0.056191,10.1,115.7492,4.0
Low Fat,NCI06,Household,2015.0,OUT045,Tier 2,Small,Supermarket Type1,0.047814,11.3,179.266,4.0
Low Fat,NCV06,Household,2015.0,OUT045,Tier 2,Small,Supermarket Type1,0.066817,11.3,192.2478,4.0
Low Fat,NCK54,Household,2015.0,OUT045,Tier 2,Small,Supermarket Type1,0.029583,12.15,114.715,4.0
Low Fat,NCP18,Household,2015.0,OUT045,Tier 2,Small,Supermarket Type1,0.028656,12.15,149.3708,4.0
Low Fat,NCS18,Household,2015.0,OUT045,Tier 2,Small,Supermarket Type1,0.042297,12.65,106.3938,4.0
Low Fat,NCS54,Household,2015.0,OUT045,Tier 2,Small,Supermarket Type1,0.010013,13.6,176.437,4.0
Low Fat,NCW06,Household,2015.0,OUT045,Tier 2,Small,Supermarket Type1,0.050443,16.2,190.8162,4.0
Low Fat,NCQ54,Household,2015.0,OUT045,Tier 2,Small,Supermarket Type1,0.012568,17.7,168.4474,4.0
Low Fat,NCI55,Household,2015.0,OUT045,Tier 2,Small,Supermarket Type1,0.012679,18.6,120.9414,4.0
Low Fat,NCG30,Household,2015.0,OUT045,Tier 2,Small,Supermarket Type1,0.112549,20.2,123.1046,4.0
Low Fat,NCG43,Household,2015.0,OUT045,Tier 2,Small,Supermarket Type1,0.07439,20.2,91.4462,4.0
Low Fat,NCI30,Household,2015.0,OUT045,Tier 2,Small,Supermarket Type1,0.059055,20.25,247.346,4.0
Low Fat,NCA06,Household,2015.0,OUT045,Tier 2,Small,Supermarket Type1,0.143574,20.5,37.219,4.0
Low Fat,NCR30,Household,2015.0,OUT045,Tier 2,Small,Supermarket Type1,0.071137,20.6,76.3696,4.0
Low Fat,FDK55,Meat,2015.0,OUT045,Tier 2,Small,Supermarket Type1,0.025814,18.5,89.1172,4.0
Low Fat,NCK19,Others,2015.0,OUT045,Tier 2,Small,Supermarket Type1,0.090649,9.8,194.3478,4.0
Low Fat,NCK07,Others,2015.0,OUT045,Tier 2,Small,Supermarket Type1,0.048785,10.65,163.9526,4.0
Low Fat,NCL07,Others,2015.0,OUT045,Tier 2,Small,Supermarket Type1,0.031402,13.85,40.248,4.0
Low Fat,NCI31,Others,2015.0,OUT045,Tier 2,Small,Supermarket Type1,0.081492,20.0,35.519,4.0
Low Fat,FDH21,Seafood,2015.0,OUT045,Tier 2,Small,Supermarket Type1,0.031288,10.395,159.5604,4.0
Low Fat,FDX34,Snack Foods,2015.0,OUT045,Tier 2,Small,Supermarket Type1,0.072132,6.195,120.1098,4.0
Low Fat,FDR58,Snack Foods,2015.0,OUT045,Tier 2,Small,Supermarket Type1,0.042006,6.675,92.6462,4.0
Low Fat,FDL33,Snack Foods,2015.0,OUT045,Tier 2,Small,Supermarket Type1,0.100165,7.235,193.9452,4.0
Low Fat,FDQ58,Snack Foods,2015.0,OUT045,Tier 2,Small,Supermarket Type1,0.015333,7.315,154.034,4.0
Low Fat,FDT21,Snack Foods,2015.0,OUT045,Tier 2,Small,Supermarket Type1,0.020433,7.42,248.9092,4.0
Low Fat,FDK21,Snack Foods,2015.0,OUT045,Tier 2,Small,Supermarket Type1,0.010033,7.905,248.3408,4.0
Low Fat,FDB22,Snack Foods,2015.0,OUT045,Tier 2,Small,Supermarket Type1,0.111667,8.02,155.2998,4.0
Low Fat,FDT34,Snack Foods,2015.0,OUT045,Tier 2,Small,Supermarket Type1,0.174704,9.3,104.0964,4.0
Low Fat,FDT22,Snack Foods,2015.0,OUT045,Tier 2,Small,Supermarket Type1,0.112325,10.395,60.622,4.0
Low Fat,FDR45,Snack Foods,2015.0,OUT045,Tier 2,Small,Supermarket Type1,0.029002,10.8,238.6222,4.0
Low Fat,FDP58,Snack Foods,2015.0,OUT045,Tier 2,Small,Supermarket Type1,0.135416,11.1,218.3482,4.0
Low Fat,FDT46,Snack Foods,2015.0,OUT045,Tier 2,Small,Supermarket Type1,0.03087,11.35,49.8008,4.0
Low Fat,FDZ45,Snack Foods,2015.0,OUT045,Tier 2,Small,Supermarket Type1,0.067012,14.1,197.1084,4.0
Low Fat,FDC47,Snack Foods,2015.0,OUT045,Tier 2,Small,Supermarket Type1,0.119132,15.0,226.9694,4.0
Low Fat,FDJ09,Snack Foods,2015.0,OUT045,Tier 2,Small,Supermarket Type1,0.058513,15.0,46.9744,4.0
Low Fat,FDX45,Snack Foods,2015.0,OUT045,Tier 2,Small,Supermarket Type1,0.105068,16.75,156.663,4.0
Low Fat,FDR46,Snack Foods,2015.0,OUT045,Tier 2,Small,Supermarket Type1,0.1397,16.85,147.776,4.0
Low Fat,FDP57,Snack Foods,2015.0,OUT045,Tier 2,Small,Supermarket Type1,0.05255,17.5,101.299,4.0
Low Fat,FDY10,Snack Foods,2015.0,OUT045,Tier 2,Small,Supermarket Type1,0.049167,17.6,114.9176,4.0
Low Fat,FDB59,Snack Foods,2015.0,OUT045,Tier 2,Small,Supermarket Type1,0.01531,18.25,197.6084,4.0
Low Fat,FDR09,Snack Foods,2015.0,OUT045,Tier 2,Small,Supermarket Type1,0.077882,18.25,258.0962,4.0
Low Fat,FDU34,Snack Foods,2015.0,OUT045,Tier 2,Small,Supermarket Type1,0.075347,18.25,126.3046,4.0
Low Fat,FDO57,Snack Foods,2015.0,OUT045,Tier 2,Small,Supermarket Type1,0.108931,20.75,160.9578,4.0
Low Fat,FDQ21,Snack Foods,2015.0,OUT045,Tier 2,Small,Supermarket Type1,0.019463,21.25,120.8756,4.0
Low Fat,DRG48,Soft Drinks,2015.0,OUT045,Tier 2,Small,Supermarket Type1,0.014585,5.78,146.3102,4.0
Low Fat,DRJ01,Soft Drinks,2015.0,OUT045,Tier 2,Small,Supermarket Type1,0.115266,6.135,160.5236,4.0
Low Fat,DRE13,Soft Drinks,2015.0,OUT045,Tier 2,Small,Supermarket Type1,0.027761,6.28,85.8198,4.0
Low Fat,DRJ49,Soft Drinks,2015.0,OUT045,Tier 2,Small,Supermarket Type1,0.014022,6.865,127.1652,4.0
Low Fat,DRD12,Soft Drinks,2015.0,OUT045,Tier 2,Small,Supermarket Type1,0.07735,6.96,91.4146,4.0
Low Fat,DRK01,Soft Drinks,2015.0,OUT045,Tier 2,Small,Supermarket Type1,0.061188,7.63,94.0436,4.0
Low Fat,DRH13,Soft Drinks,2015.0,OUT045,Tier 2,Small,Supermarket Type1,0.023934,8.575,105.828,4.0
Low Fat,DRD37,Soft Drinks,2015.0,OUT045,Tier 2,Small,Supermarket Type1,0.01387,9.8,47.406,4.0
Low Fat,DRD49,Soft Drinks,2015.0,OUT045,Tier 2,Small,Supermarket Type1,0.168171,9.895,237.7564,4.0
Low Fat,DRF13,Soft Drinks,2015.0,OUT045,Tier 2,Small,Supermarket Type1,0.029842,12.1,144.4444,4.0
Low Fat,DRL49,Soft Drinks,2015.0,OUT045,Tier 2,Small,Supermarket Type1,0.056543,13.15,140.5812,4.0
Low Fat,DRD13,Soft Drinks,2015.0,OUT045,Tier 2,Small,Supermarket Type1,0.049179,15.0,65.6168,4.0
Low Fat,FDD35,Starchy Foods,2015.0,OUT045,Tier 2,Small,Supermarket Type1,0.025917,12.15,120.244,4.0
Low Fat,FDD11,Starchy Foods,2015.0,OUT045,Tier 2,Small,Supermarket Type1,0.030679,12.85,251.704,4.0
Low Fat,FDF35,Starchy Foods,2015.0,OUT045,Tier 2,Small,Supermarket Type1,0.154302,15.0,105.9938,4.0
Low Fat,FDG59,Starchy Foods,2015.0,OUT045,Tier 2,Small,Supermarket Type1,0.043322,15.85,39.6164,4.0
Low Fat,FDX23,Baking Goods,2020.0,OUT017,Tier 2,Small,Supermarket Type1,0.02986,6.445,94.1436,4.0
Low Fat,FDF12,Baking Goods,2020.0,OUT017,Tier 2,Small,Supermarket Type1,0.082894,8.235,149.3076,4.0
Low Fat,FDC48,Baking Goods,2020.0,OUT017,Tier 2,Small,Supermarket Type1,0.015949,9.195,84.1592,4.0
Low Fat,FDB60,Baking Goods,2020.0,OUT017,Tier 2,Small,Supermarket Type1,0.028683,9.3,195.8136,4.0
Low Fat,FDE24,Baking Goods,2020.0,OUT017,Tier 2,Small,Supermarket Type1,0.093991,14.85,140.9812,4.0
Low Fat,FDL36,Baking Goods,2020.0,OUT017,Tier 2,Small,Supermarket Type1,0.076506,15.1,91.583,4.0
Low Fat,FDN12,Baking Goods,2020.0,OUT017,Tier 2,Small,Supermarket Type1,0.081563,15.6,112.7544,4.0
Low Fat,FDQ24,Baking Goods,2020.0,OUT017,Tier 2,Small,Supermarket Type1,0.074083,15.7,253.3724,4.0
Low Fat,FDW48,Baking Goods,2020.0,OUT017,Tier 2,Small,Supermarket Type1,0.008589,18.0,81.0618,4.0
Low Fat,FDP11,Breads,2020.0,OUT017,Tier 2,Small,Supermarket Type1,0.069491,15.85,218.2166,4.0
Low Fat,FDV47,Breads,2020.0,OUT017,Tier 2,Small,Supermarket Type1,0.054514,17.1,84.4566,4.0
Low Fat,FDH38,Canned,2020.0,OUT017,Tier 2,Small,Supermarket Type1,0.010497,6.425,118.3808,4.0
Low Fat,FDK14,Canned,2020.0,OUT017,Tier 2,Small,Supermarket Type1,0.041338,6.98,83.3934,4.0
Low Fat,FDY13,Canned,2020.0,OUT017,Tier 2,Small,Supermarket Type1,0.030298,12.1,74.767,4.0
Low Fat,FDT13,Canned,2020.0,OUT017,Tier 2,Small,Supermarket Type1,0.018677,14.85,188.7214,4.0
Low Fat,FDO38,Canned,2020.0,OUT017,Tier 2,Small,Supermarket Type1,0.073251,17.25,76.4986,4.0
Low Fat,FDD50,Canned,2020.0,OUT017,Tier 2,Small,Supermarket Type1,0.142443,18.85,170.4132,4.0
Low Fat,FDG26,Canned,2020.0,OUT017,Tier 2,Small,Supermarket Type1,0.042891,18.85,257.633,4.0
Low Fat,DRI03,Dairy,2020.0,OUT017,Tier 2,Small,Supermarket Type1,0.022832,6.03,176.7028,4.0
Low Fat,FDS14,Dairy,2020.0,OUT017,Tier 2,Small,Supermarket Type1,0.0,7.285,155.1288,4.0
Low Fat,FDC39,Dairy,2020.0,OUT017,Tier 2,Small,Supermarket Type1,0.0,7.405,205.7296,4.0
Low Fat,FDB39,Dairy,2020.0,OUT017,Tier 2,Small,Supermarket Type1,0.038737,11.6,55.8272,4.0
Low Fat,DRG51,Dairy,2020.0,OUT017,Tier 2,Small,Supermarket Type1,0.011605,12.1,166.0526,4.0
Low Fat,FDW50,Dairy,2020.0,OUT017,Tier 2,Small,Supermarket Type1,0.076006,13.1,166.1158,4.0
Low Fat,FDX14,Dairy,2020.0,OUT017,Tier 2,Small,Supermarket Type1,0.075364,13.1,73.8354,4.0
Low Fat,DRI39,Dairy,2020.0,OUT017,Tier 2,Small,Supermarket Type1,0.097611,13.8,54.893,4.0
Low Fat,DRJ51,Dairy,2020.0,OUT017,Tier 2,Small,Supermarket Type1,0.088492,14.1,231.1668,4.0
Low Fat,FDV50,Dairy,2020.0,OUT017,Tier 2,Small,Supermarket Type1,0.123265,14.3,123.273,4.0
Low Fat,FDD39,Dairy,2020.0,OUT017,Tier 2,Small,Supermarket Type1,0.070552,16.7,217.685,4.0
Low Fat,FDX26,Dairy,2020.0,OUT017,Tier 2,Small,Supermarket Type1,0.088305,17.7,182.3292,4.0
Low Fat,FDX50,Dairy,2020.0,OUT017,Tier 2,Small,Supermarket Type1,0.075049,20.1,110.4228,4.0
Low Fat,FDT40,Frozen Foods,2020.0,OUT017,Tier 2,Small,Supermarket Type1,0.096337,5.985,125.2678,4.0
Low Fat,FDY52,Frozen Foods,2020.0,OUT017,Tier 2,Small,Supermarket Type1,0.0,6.365,59.7536,4.0
Low Fat,FDJ41,Frozen Foods,2020.0,OUT017,Tier 2,Small,Supermarket Type1,0.023013,6.85,262.0594,4.0
Low Fat,FDR04,Frozen Foods,2020.0,OUT017,Tier 2,Small,Supermarket Type1,0.022695,7.075,98.8068,4.0
Low Fat,FDF16,Frozen Foods,2020.0,OUT017,Tier 2,Small,Supermarket Type1,0.08662,7.3,147.6076,4.0
Low Fat,FDE16,Frozen Foods,2020.0,OUT017,Tier 2,Small,Supermarket Type1,0.026493,8.895,208.4954,4.0
Low Fat,FDJ16,Frozen Foods,2020.0,OUT017,Tier 2,Small,Supermarket Type1,0.115535,9.195,59.5246,4.0
Low Fat,FDZ04,Frozen Foods,2020.0,OUT017,Tier 2,Small,Supermarket Type1,0.03817,9.31,64.551,4.0
Low Fat,FDG53,Frozen Foods,2020.0,OUT017,Tier 2,Small,Supermarket Type1,0.046116,10.0,141.818,4.0
Low Fat,FDJ53,Frozen Foods,2020.0,OUT017,Tier 2,Small,Supermarket Type1,0.071661,10.5,119.7098,4.0
Low Fat,FDD28,Frozen Foods,2020.0,OUT017,Tier 2,Small,Supermarket Type1,0.0,10.695,60.5904,4.0
Low Fat,FDC17,Frozen Foods,2020.0,OUT017,Tier 2,Small,Supermarket Type1,0.015548,12.15,211.2928,4.0
Low Fat,FDD29,Frozen Foods,2020.0,OUT017,Tier 2,Small,Supermarket Type1,0.018515,12.15,252.7698,4.0
Low Fat,FDB17,Frozen Foods,2020.0,OUT017,Tier 2,Small,Supermarket Type1,0.03688,13.15,181.3976,4.0
Low Fat,FDG40,Frozen Foods,2020.0,OUT017,Tier 2,Small,Supermarket Type1,0.04005,13.65,34.4558,4.0
Low Fat,FDK41,Frozen Foods,2020.0,OUT017,Tier 2,Small,Supermarket Type1,0.128263,14.3,83.4224,4.0
Low Fat,FDQ52,Frozen Foods,2020.0,OUT017,Tier 2,Small,Supermarket Type1,0.12006,17.0,246.5434,4.0
Low Fat,FDO40,Frozen Foods,2020.0,OUT017,Tier 2,Small,Supermarket Type1,0.032813,17.1,147.1392,4.0
Low Fat,FDT04,Frozen Foods,2020.0,OUT017,Tier 2,Small,Supermarket Type1,0.107647,17.25,39.3822,4.0
Low Fat,FDF04,Frozen Foods,2020.0,OUT017,Tier 2,Small,Supermarket Type1,0.013714,17.5,259.2304,4.0
Low Fat,FDI52,Frozen Foods,2020.0,OUT017,Tier 2,Small,Supermarket Type1,0.10527,18.7,122.9072,4.0
Low Fat,FDD05,Frozen Foods,2020.0,OUT017,Tier 2,Small,Supermarket Type1,0.016705,19.35,120.8098,4.0
Low Fat,FDZ55,Fruits and Vegetables,2020.0,OUT017,Tier 2,Small,Supermarket Type1,0.025552,6.055,158.492,4.0
Low Fat,FDP32,Fruits and Vegetables,2020.0,OUT017,Tier 2,Small,Supermarket Type1,0.088165,6.65,126.8678,4.0
Low Fat,FDA20,Fruits and Vegetables,2020.0,OUT017,Tier 2,Small,Supermarket Type1,0.066998,6.78,186.524,4.0
Low Fat,FDW56,Fruits and Vegetables,2020.0,OUT017,Tier 2,Small,Supermarket Type1,0.071301,7.68,190.8162,4.0
Low Fat,FDZ44,Fruits and Vegetables,2020.0,OUT017,Tier 2,Small,Supermarket Type1,0.038948,8.185,115.4808,4.0
Low Fat,FDM20,Fruits and Vegetables,2020.0,OUT017,Tier 2,Small,Supermarket Type1,0.038905,10.0,245.4144,4.0
Low Fat,FDC20,Fruits and Vegetables,2020.0,OUT017,Tier 2,Small,Supermarket Type1,0.024107,10.65,56.6272,4.0
Low Fat,FDL08,Fruits and Vegetables,2020.0,OUT017,Tier 2,Small,Supermarket Type1,0.05,10.8,243.9144,4.0
Low Fat,FDI45,Fruits and Vegetables,2020.0,OUT017,Tier 2,Small,Supermarket Type1,0.037794,13.1,173.8054,4.0
Low Fat,FDE44,Fruits and Vegetables,2020.0,OUT017,Tier 2,Small,Supermarket Type1,0.172357,14.65,50.8692,4.0
Low Fat,FDX55,Fruits and Vegetables,2020.0,OUT017,Tier 2,Small,Supermarket Type1,0.055518,15.1,217.3166,4.0
Low Fat,FDD57,Fruits and Vegetables,2020.0,OUT017,Tier 2,Small,Supermarket Type1,0.022526,18.1,95.0094,4.0
Low Fat,FDQ44,Fruits and Vegetables,2020.0,OUT017,Tier 2,Small,Supermarket Type1,0.036345,20.5,122.3756,4.0
Low Fat,DRM35,Hard Drinks,2020.0,OUT017,Tier 2,Small,Supermarket Type1,0.070843,9.695,177.7344,4.0
Low Fat,DRO59,Hard Drinks,2020.0,OUT017,Tier 2,Small,Supermarket Type1,0.054461,11.8,77.0012,4.0
Low Fat,NCH29,Health and Hygiene,2020.0,OUT017,Tier 2,Small,Supermarket Type1,0.034669,5.51,98.5726,4.0
Low Fat,NCJ17,Health and Hygiene,2020.0,OUT017,Tier 2,Small,Supermarket Type1,0.153419,7.68,86.4224,4.0
Low Fat,NCN05,Health and Hygiene,2020.0,OUT017,Tier 2,Small,Supermarket Type1,0.014541,8.235,184.495,4.0
Low Fat,NCV53,Health and Hygiene,2020.0,OUT017,Tier 2,Small,Supermarket Type1,0.01892,8.27,238.088,4.0
Low Fat,NCI29,Health and Hygiene,2020.0,OUT017,Tier 2,Small,Supermarket Type1,0.032806,8.6,143.6154,4.0
Low Fat,NCS29,Health and Hygiene,2020.0,OUT017,Tier 2,Small,Supermarket Type1,0.069939,9.0,264.8884,4.0
Low Fat,NCR05,Health and Hygiene,2020.0,OUT017,Tier 2,Small,Supermarket Type1,0.05494,10.1,199.5084,4.0
Low Fat,NCT17,Health and Hygiene,2020.0,OUT017,Tier 2,Small,Supermarket Type1,0.042103,10.8,189.7214,4.0
Low Fat,NCK17,Health and Hygiene,2020.0,OUT017,Tier 2,Small,Supermarket Type1,0.038109,11.0,40.948,4.0
Low Fat,NCO29,Health and Hygiene,2020.0,OUT017,Tier 2,Small,Supermarket Type1,0.032439,11.15,163.0526,4.0
Low Fat,NCM29,Health and Hygiene,2020.0,OUT017,Tier 2,Small,Supermarket Type1,0.017742,11.5,129.6626,4.0
Low Fat,NCQ29,Health and Hygiene,2020.0,OUT017,Tier 2,Small,Supermarket Type1,0.0,12.0,262.3278,4.0
Low Fat,NCL41,Health and Hygiene,2020.0,OUT017,Tier 2,Small,Supermarket Type1,0.041974,12.35,35.7216,4.0
Low Fat,NCY29,Health and Hygiene,2020.0,OUT017,Tier 2,Small,Supermarket Type1,0.077671,13.65,55.093,4.0
Low Fat,NCW29,Health and Hygiene,2020.0,OUT017,Tier 2,Small,Supermarket Type1,0.029026,14.0,131.331,4.0
Low Fat,NCS53,Health and Hygiene,2020.0,OUT017,Tier 2,Small,Supermarket Type1,0.090286,14.5,159.9604,4.0
Low Fat,NCX05,Health and Hygiene,2020.0,OUT017,Tier 2,Small,Supermarket Type1,0.097611,15.2,116.5492,4.0
Low Fat,NCA41,Health and Hygiene,2020.0,OUT017,Tier 2,Small,Supermarket Type1,0.032771,16.75,192.3162,4.0
Low Fat,NCB06,Health and Hygiene,2020.0,OUT017,Tier 2,Small,Supermarket Type1,0.082798,17.6,161.492,4.0
Low Fat,NCS17,Health and Hygiene,2020.0,OUT017,Tier 2,Small,Supermarket Type1,0.080957,18.6,95.2436,4.0
Low Fat,NCJ05,Health and Hygiene,2020.0,OUT017,Tier 2,Small,Supermarket Type1,0.046349,18.7,153.6682,4.0
Low Fat,NCY53,Health and Hygiene,2020.0,OUT017,Tier 2,Small,Supermarket Type1,0.058812,20.0,111.6544,4.0
Low Fat,NCA17,Health and Hygiene,2020.0,OUT017,Tier 2,Small,Supermarket Type1,0.045675,20.6,150.9392,4.0
Low Fat,NCS30,Household,2020.0,OUT017,Tier 2,Small,Supermarket Type1,0.0,5.945,128.9652,4.0
Low Fat,NCJ43,Household,2020.0,OUT017,Tier 2,Small,Supermarket Type1,0.027223,6.635,174.0396,4.0
Low Fat,NCA42,Household,2020.0,OUT017,Tier 2,Small,Supermarket Type1,0.02871,6.965,158.1604,4.0
Low Fat,NCY18,Household,2020.0,OUT017,Tier 2,Small,Supermarket Type1,0.031328,7.285,174.6054,4.0
Low Fat,NCK42,Household,2020.0,OUT017,Tier 2,Small,Supermarket Type1,0.013194,7.475,217.4192,4.0
Low Fat,NCM06,Household,2020.0,OUT017,Tier 2,Small,Supermarket Type1,0.076156,7.475,156.4656,4.0
Low Fat,NCN06,Household,2020.0,OUT017,Tier 2,Small,Supermarket Type1,0.121179,8.39,165.1868,4.0
Low Fat,NCH43,Household,2020.0,OUT017,Tier 2,Small,Supermarket Type1,0.070968,8.42,215.9192,4.0
Low Fat,NCT54,Household,2020.0,OUT017,Tier 2,Small,Supermarket Type1,0.120212,8.695,93.2094,4.0
Low Fat,NCE55,Household,2020.0,OUT017,Tier 2,Small,Supermarket Type1,0.130663,8.92,175.237,4.0
Low Fat,NCH06,Household,2020.0,OUT017,Tier 2,Small,Supermarket Type1,0.076987,12.3,247.946,4.0
Low Fat,NCY06,Household,2020.0,OUT017,Tier 2,High,Supermarket Type1,0.061531,15.25,132.2968,4.0
Low Fat,NCH55,Household,2020.0,OUT017,Tier 2,High,Supermarket Type1,0.0,16.35,127.902,4.0
Low Fat,NCX06,Household,2020.0,OUT017,Tier 2,High,Supermarket Type1,0.015776,17.6,179.1976,4.0
Low Fat,NCL42,Household,2020.0,OUT017,Tier 2,High,Supermarket Type1,0.0406,18.85,244.0144,4.0
Low Fat,NCO30,Household,2020.0,OUT017,Tier 2,High,Supermarket Type1,0.015814,19.5,183.2608,4.0
Low Fat,NCI43,Household,2020.0,OUT017,Tier 2,High,Supermarket Type1,0.026116,19.85,49.0376,4.0
Low Fat,NCJ06,Household,2020.0,OUT017,Tier 2,High,Supermarket Type1,0.034849,20.1,118.6782,4.0
Low Fat,NCB43,Household,2020.0,OUT017,Tier 2,High,Supermarket Type1,0.100477,20.2,187.7898,4.0
Low Fat,NCQ42,Household,2020.0,OUT017,Tier 2,High,Supermarket Type1,0.0,20.35,125.1678,4.0
Low Fat,NCA06,Household,2020.0,OUT017,Tier 2,High,Supermarket Type1,0.144094,20.5,34.819,4.0
Low Fat,FDA39,Meat,2020.0,OUT017,Tier 2,High,Supermarket Type1,0.01279,6.32,39.1822,4.0
Low Fat,FDV15,Meat,2020.0,OUT017,Tier 2,High,Supermarket Type1,0.146999,10.3,103.7648,4.0
Low Fat,FDM03,Meat,2020.0,OUT017,Tier 2,High,Supermarket Type1,0.123727,12.65,107.7938,4.0
Low Fat,FDU39,Meat,2020.0,OUT017,Tier 2,High,Supermarket Type1,0.036242,18.85,57.3562,4.0
Low Fat,FDR39,Meat,2020.0,OUT017,Tier 2,High,Supermarket Type1,0.084273,20.35,181.7292,4.0
Low Fat,NCL31,Others,2020.0,OUT017,Tier 2,High,Supermarket Type1,0.120961,7.39,143.847,4.0
Low Fat,NCK07,Others,2020.0,OUT017,Tier 2,High,Supermarket Type1,0.048962,10.65,165.8526,4.0
Low Fat,NCO02,Others,2020.0,OUT017,Tier 2,High,Supermarket Type1,0.073783,11.15,66.0142,4.0
Low Fat,FDH09,Seafood,2020.0,OUT017,Tier 2,High,Supermarket Type1,0.056395,12.6,51.3982,4.0
Low Fat,FDI57,Seafood,2020.0,OUT017,Tier 2,High,Supermarket Type1,0.054331,19.85,198.7768,4.0
Low Fat,FDA33,Snack Foods,2020.0,OUT017,Tier 2,High,Supermarket Type1,0.034092,6.48,146.2076,4.0
Low Fat,FDF22,Snack Foods,2020.0,OUT017,Tier 2,High,Supermarket Type1,0.057152,6.865,211.8218,4.0
Low Fat,FDZ46,Snack Foods,2020.0,OUT017,Tier 2,High,Supermarket Type1,0.069515,7.485,108.7228,4.0
Low Fat,FDH34,Snack Foods,2020.0,OUT017,Tier 2,High,Supermarket Type1,0.031271,8.63,186.0582,4.0
Low Fat,FDT58,Snack Foods,2020.0,OUT017,Tier 2,High,Supermarket Type1,0.086441,9.0,167.0816,4.0
Low Fat,FDE34,Snack Foods,2020.0,OUT017,Tier 2,High,Supermarket Type1,0.108502,9.195,183.6634,4.0
Low Fat,FDT34,Snack Foods,2020.0,OUT017,Tier 2,High,Supermarket Type1,0.175336,9.3,107.0964,4.0
Low Fat,FDZ22,Snack Foods,2020.0,OUT017,Tier 2,High,Supermarket Type1,0.045526,9.395,83.425,4.0
Low Fat,FDC58,Snack Foods,2020.0,OUT017,Tier 2,High,Supermarket Type1,0.04218,10.195,44.2428,4.0
Low Fat,FDZ33,Snack Foods,2020.0,OUT017,Tier 2,High,Supermarket Type1,0.108005,10.195,148.7076,4.0
Low Fat,FDV09,Snack Foods,2020.0,OUT017,Tier 2,High,Supermarket Type1,0.020685,12.1,148.5734,4.0
Low Fat,FDU22,Snack Foods,2020.0,OUT017,Tier 2,High,Supermarket Type1,0.093824,12.35,119.9124,4.0
Low Fat,FDI22,Snack Foods,2020.0,OUT017,Tier 2,High,Supermarket Type1,0.096757,12.6,208.7612,4.0
Low Fat,FDQ33,Snack Foods,2020.0,OUT017,Tier 2,High,Supermarket Type1,0.091723,13.35,148.8708,4.0
Low Fat,FDB34,Snack Foods,2020.0,OUT017,Tier 2,High,Supermarket Type1,0.02676,15.25,86.0198,4.0
Low Fat,FDX45,Snack Foods,2020.0,OUT017,Tier 2,High,Supermarket Type1,0.105449,16.75,156.163,4.0
Low Fat,FDP57,Snack Foods,2020.0,OUT017,Tier 2,High,Supermarket Type1,0.052741,17.5,103.799,4.0
Low Fat,FDY10,Snack Foods,2020.0,OUT017,Tier 2,High,Supermarket Type1,0.049345,17.6,115.4176,4.0
Low Fat,FDZ09,Snack Foods,2020.0,OUT017,Tier 2,High,Supermarket Type1,0.105472,17.6,165.6868,4.0
Low Fat,FDJ22,Snack Foods,2020.0,OUT017,Tier 2,High,Supermarket Type1,0.053109,18.75,193.6504,4.0
Low Fat,DRG49,Soft Drinks,2020.0,OUT017,Tier 2,High,Supermarket Type1,0.067837,7.81,246.1486,4.0
Low Fat,DRI01,Soft Drinks,2020.0,OUT017,Tier 2,High,Supermarket Type1,0.034648,7.97,171.2422,4.0
Low Fat,DRE48,Soft Drinks,2020.0,OUT017,Tier 2,High,Supermarket Type1,0.0,8.43,195.3768,4.0
Low Fat,DRB24,Soft Drinks,2020.0,OUT017,Tier 2,High,Supermarket Type1,0.020694,8.785,153.1656,4.0
Low Fat,DRE60,Soft Drinks,2020.0,OUT017,Tier 2,High,Supermarket Type1,0.160236,9.395,227.872,4.0
Low Fat,DRF60,Soft Drinks,2020.0,OUT017,Tier 2,High,Supermarket Type1,0.052363,10.8,236.5564,4.0
Low Fat,DRJ24,Soft Drinks,2020.0,OUT017,Tier 2,High,Supermarket Type1,0.11397,11.8,185.1924,4.0
Low Fat,DRI13,Soft Drinks,2020.0,OUT017,Tier 2,High,Supermarket Type1,0.020442,15.35,216.4508,4.0
Low Fat,DRH36,Soft Drinks,2020.0,OUT017,Tier 2,High,Supermarket Type1,0.033569,16.2,74.9696,4.0
Low Fat,DRH37,Soft Drinks,2020.0,OUT017,Tier 2,High,Supermarket Type1,0.041852,17.6,162.7526,4.0
Low Fat,DRH25,Soft Drinks,2020.0,OUT017,Tier 2,High,Supermarket Type1,0.014676,18.7,50.8324,4.0
Low Fat,FDD35,Starchy Foods,2020.0,OUT017,Tier 2,High,Supermarket Type1,0.026011,12.15,119.144,4.0
Low Fat,FDF47,Starchy Foods,2020.0,OUT017,Tier 2,High,Supermarket Type1,0.09817,20.85,224.0746,4.0
Regular,FDE36,Baking Goods,2015.0,OUT045,Tier 2,High,Supermarket Type1,0.041857,5.26,162.7868,4.0
Regular,FDQ36,Baking Goods,2015.0,OUT045,Tier 2,High,Supermarket Type1,0.161875,7.855,35.6848,4.0
Regular,FDW12,Baking Goods,2015.0,OUT045,Tier 2,High,Supermarket Type1,0.035644,8.315,147.1444,4.0
Regular,FDJ12,Baking Goods,2015.0,OUT045,Tier 2,High,Supermarket Type1,0.03912,8.895,206.8296,4.0
Regular,FDY60,Baking Goods,2015.0,OUT045,Tier 2,High,Supermarket Type1,0.026424,10.5,145.2128,4.0
Regular,FDR12,Baking Goods,2015.0,OUT045,Tier 2,High,Supermarket Type1,0.031599,12.6,172.9764,4.0
Regular,FDO48,Baking Goods,2015.0,OUT045,Tier 2,High,Supermarket Type1,0.026895,15.0,220.3456,4.0
Regular,FDU12,Baking Goods,2015.0,OUT045,Tier 2,High,Supermarket Type1,0.075905,15.5,263.9568,4.0
Regular,FDX11,Baking Goods,2015.0,OUT045,Tier 2,High,Supermarket Type1,0.106969,16.0,180.5634,4.0
Regular,FDU60,Baking Goods,2015.0,OUT045,Tier 2,High,Supermarket Type1,0.060023,20.0,168.7132,4.0
Regular,FDV60,Baking Goods,2015.0,OUT045,Tier 2,High,Supermarket Type1,0.117599,20.2,195.311,4.0
Regular,FDS24,Baking Goods,2015.0,OUT045,Tier 2,High,Supermarket Type1,0.062351,20.85,86.9514,4.0
Regular,FDQ59,Breads,2015.0,OUT045,Tier 2,High,Supermarket Type1,0.056501,9.8,85.8908,4.0
Regular,FDR11,Breads,2015.0,OUT045,Tier 2,High,Supermarket Type1,0.142827,10.5,159.4578,4.0
Regular,FDF26,Canned,2015.0,OUT045,Tier 2,High,Supermarket Type1,0.046729,6.825,153.4998,4.0
Regular,FDG38,Canned,2015.0,OUT045,Tier 2,High,Supermarket Type1,0.052836,8.975,86.6224,4.0
Regular,FDB02,Canned,2015.0,OUT045,Tier 2,High,Supermarket Type1,0.029223,9.695,175.437,4.0
Regular,FDZ49,Canned,2015.0,OUT045,Tier 2,High,Supermarket Type1,0.133416,11.0,218.7798,4.0
Regular,FDI38,Canned,2015.0,OUT045,Tier 2,High,Supermarket Type1,0.014657,13.35,208.5638,4.0
Regular,FDE14,Canned,2015.0,OUT045,Tier 2,High,Supermarket Type1,0.031509,13.65,98.77,4.0
Regular,FDL38,Canned,2015.0,OUT045,Tier 2,High,Supermarket Type1,0.014763,13.8,90.7172,4.0
Regular,FDJ26,Canned,2015.0,OUT045,Tier 2,High,Supermarket Type1,0.084937,15.3,214.0218,4.0
Regular,FDZ25,Canned,2015.0,OUT045,Tier 2,High,Supermarket Type1,0.027673,15.7,169.279,4.0
Regular,FDR25,Canned,2015.0,OUT045,Tier 2,High,Supermarket Type1,0.139805,17.0,265.7884,4.0
Regular,FDY37,Canned,2015.0,OUT045,Tier 2,High,Supermarket Type1,0.026623,17.0,144.247,4.0
Regular,FDH14,Canned,2015.0,OUT045,Tier 2,High,Supermarket Type1,0.046903,17.1,142.0838,4.0
Regular,FDV01,Canned,2015.0,OUT045,Tier 2,High,Supermarket Type1,0.085123,19.2,155.4314,4.0
Regular,FDH26,Canned,2015.0,OUT045,Tier 2,High,Supermarket Type1,0.03477,19.25,141.9496,4.0
Regular,FDU49,Canned,2015.0,OUT045,Tier 2,High,Supermarket Type1,0.030757,19.5,86.254,4.0
Regular,FDE50,Canned,2015.0,OUT045,Tier 2,High,Supermarket Type1,0.016239,19.7,186.4556,4.0
Regular,FDI27,Dairy,2015.0,OUT045,Tier 2,High,Supermarket Type1,0.04608,8.71,43.5744,4.0
Regular,FDY02,Dairy,2015.0,OUT045,Tier 2,High,Supermarket Type1,0.087824,8.945,261.091,4.0
Regular,FDQ26,Dairy,2015.0,OUT045,Tier 2,High,Supermarket Type1,0.06801,13.5,57.2562,4.0
Regular,FDB40,Dairy,2015.0,OUT045,Tier 2,High,Supermarket Type1,0.007555,17.5,145.9102,4.0
Regular,FDT26,Dairy,2015.0,OUT045,Tier 2,High,Supermarket Type1,0.068091,18.85,120.644,4.0
Regular,FDL51,Dairy,2015.0,OUT045,Tier 2,High,Supermarket Type1,0.047588,20.7,215.0876,4.0
Regular,FDD41,Frozen Foods,2015.0,OUT045,Tier 2,High,Supermarket Type1,0.087437,6.765,106.1306,4.0
Regular,FDY28,Frozen Foods,2015.0,OUT045,Tier 2,High,Supermarket Type1,0.0,7.47,211.8218,4.0
Regular,FDV04,Frozen Foods,2015.0,OUT045,Tier 2,High,Supermarket Type1,0.150319,7.825,156.9288,4.0
Regular,FDS28,Frozen Foods,2015.0,OUT045,Tier 2,High,Supermarket Type1,0.082569,8.18,56.1588,4.0
Regular,FDT16,Frozen Foods,2015.0,OUT045,Tier 2,High,Supermarket Type1,0.048761,9.895,260.5278,4.0
Regular,FDS04,Frozen Foods,2015.0,OUT045,Tier 2,High,Supermarket Type1,0.14696,10.195,142.2838,4.0
Regular,FDA04,Frozen Foods,2015.0,OUT045,Tier 2,High,Supermarket Type1,0.066865,11.3,260.1962,4.0
Regular,FDO52,Frozen Foods,2015.0,OUT045,Tier 2,High,Supermarket Type1,0.077321,11.6,169.3106,4.0
Regular,FDH05,Frozen Foods,2015.0,OUT045,Tier 2,High,Supermarket Type1,0.091098,14.35,233.5984,4.0
Regular,FDY16,Frozen Foods,2015.0,OUT045,Tier 2,High,Supermarket Type1,0.092414,18.35,183.6266,4.0
Regular,FDX04,Frozen Foods,2015.0,OUT045,Tier 2,High,Supermarket Type1,0.041656,19.6,48.5376,4.0
Regular,FDA07,Fruits and Vegetables,2015.0,OUT045,Tier 2,High,Supermarket Type1,0.031007,7.55,123.4072,4.0
Regular,FDB56,Fruits and Vegetables,2015.0,OUT045,Tier 2,High,Supermarket Type1,0.074779,8.75,186.3556,4.0
Regular,FDH56,Fruits and Vegetables,2015.0,OUT045,Tier 2,High,Supermarket Type1,0.063947,9.8,116.6492,4.0
Regular,FDO56,Fruits and Vegetables,2015.0,OUT045,Tier 2,High,Supermarket Type1,0.045074,10.195,119.1808,4.0
Regular,FDF21,Fruits and Vegetables,2015.0,OUT045,Tier 2,High,Supermarket Type1,0.0,10.3,189.053,4.0
Regular,FDU31,Fruits and Vegetables,2015.0,OUT045,Tier 2,High,Supermarket Type1,0.025042,10.5,218.7508,4.0
Regular,FDW19,Fruits and Vegetables,2015.0,OUT045,Tier 2,High,Supermarket Type1,0.038579,12.35,109.557,4.0
Regular,FDZ08,Fruits and Vegetables,2015.0,OUT045,Tier 2,High,Supermarket Type1,0.110215,12.5,81.8592,4.0
Regular,FDS31,Fruits and Vegetables,2015.0,OUT045,Tier 2,High,Supermarket Type1,0.044282,13.1,178.5318,4.0
Regular,FDD56,Fruits and Vegetables,2015.0,OUT045,Tier 2,High,Supermarket Type1,0.103989,15.2,177.0054,4.0
Regular,FDG20,Fruits and Vegetables,2015.0,OUT045,Tier 2,High,Supermarket Type1,0.125943,15.5,176.0028,4.0
Regular,FDP44,Fruits and Vegetables,2015.0,OUT045,Tier 2,High,Supermarket Type1,0.079875,16.5,102.7332,4.0
Regular,FDF56,Fruits and Vegetables,2015.0,OUT045,Tier 2,High,Supermarket Type1,0.119704,16.7,181.9976,4.0
Regular,FDW32,Fruits and Vegetables,2015.0,OUT045,Tier 2,High,Supermarket Type1,0.094488,18.35,87.1882,4.0
Regular,FDR20,Fruits and Vegetables,2015.0,OUT045,Tier 2,High,Supermarket Type1,0.028181,20.0,46.8744,4.0
Regular,FDX31,Fruits and Vegetables,2015.0,OUT045,Tier 2,High,Supermarket Type1,0.0,20.35,234.4958,4.0
Regular,FDG09,Fruits and Vegetables,2015.0,OUT045,Tier 2,High,Supermarket Type1,0.048034,20.6,188.2556,4.0
Regular,FDJ20,Fruits and Vegetables,2015.0,OUT045,Tier 2,High,Supermarket Type1,0.100378,20.7,122.4388,4.0
Regular,FDT39,Meat,2015.0,OUT045,Tier 2,High,Supermarket Type1,0.009888,6.26,150.7366,4.0
Regular,FDR51,Meat,2015.0,OUT045,Tier 2,High,Supermarket Type1,0.173822,9.035,151.4708,4.0
Regular,FDR15,Meat,2015.0,OUT045,Tier 2,High,Supermarket Type1,0.033506,9.3,153.4314,4.0
Regular,FDS27,Meat,2015.0,OUT045,Tier 2,High,Supermarket Type1,0.012483,10.195,195.411,4.0
Regular,FDM51,Meat,2015.0,OUT045,Tier 2,High,Supermarket Type1,0.025979,11.8,102.5674,4.0
Regular,FDQ03,Meat,2015.0,OUT045,Tier 2,High,Supermarket Type1,0.078172,15.0,238.8248,4.0
Regular,FDN51,Meat,2015.0,OUT045,Tier 2,High,Supermarket Type1,0.020989,17.85,260.7936,4.0
Regular,FDL03,Meat,2015.0,OUT045,Tier 2,High,Supermarket Type1,0.027136,19.25,196.311,4.0
Regular,FDG21,Seafood,2015.0,OUT045,Tier 2,High,Supermarket Type1,0.0,17.35,150.205,4.0
Regular,FDX22,Snack Foods,2015.0,OUT045,Tier 2,High,Supermarket Type1,0.023021,6.785,208.9928,4.0
Regular,FDI58,Snack Foods,2015.0,OUT045,Tier 2,High,Supermarket Type1,0.070848,7.64,91.712,4.0
Regular,FDV10,Snack Foods,2015.0,OUT045,Tier 2,High,Supermarket Type1,0.0,7.645,41.7112,4.0
Regular,FDW57,Snack Foods,2015.0,OUT045,Tier 2,High,Supermarket Type1,0.115912,8.31,177.3028,4.0
Regular,FDB46,Snack Foods,2015.0,OUT045,Tier 2,High,Supermarket Type1,0.093954,10.5,211.8244,4.0
Regular,FDI34,Snack Foods,2015.0,OUT045,Tier 2,High,Supermarket Type1,0.085309,10.65,230.2668,4.0
Regular,FDV34,Snack Foods,2015.0,OUT045,Tier 2,High,Supermarket Type1,0.011449,10.695,72.9038,4.0
Regular,FDK58,Snack Foods,2015.0,OUT045,Tier 2,High,Supermarket Type1,0.045074,11.35,101.9016,4.0
Regular,FDW46,Snack Foods,2015.0,OUT045,Tier 2,High,Supermarket Type1,0.070444,13.0,63.4484,4.0
Regular,FDW09,Snack Foods,2015.0,OUT045,Tier 2,High,Supermarket Type1,0.025973,13.65,79.6302,4.0
Regular,FDP22,Snack Foods,2015.0,OUT045,Tier 2,High,Supermarket Type1,0.099333,14.65,51.3666,4.0
Regular,FDL57,Snack Foods,2015.0,OUT045,Tier 2,High,Supermarket Type1,0.067213,15.1,260.2304,4.0
Regular,FDV57,Snack Foods,2015.0,OUT045,Tier 2,High,Supermarket Type1,0.0,15.25,178.166,4.0
Regular,FDC34,Snack Foods,2015.0,OUT045,Tier 2,High,Supermarket Type1,0.173109,16.0,155.2972,4.0
Regular,FDT10,Snack Foods,2015.0,OUT045,Tier 2,High,Supermarket Type1,0.06217,16.7,60.9562,4.0
Regular,FDL09,Snack Foods,2015.0,OUT045,Tier 2,High,Supermarket Type1,0.128296,19.6,167.2816,4.0
Regular,FDY57,Snack Foods,2015.0,OUT045,Tier 2,High,Supermarket Type1,0.1215,20.2,95.0752,4.0
Regular,DRC01,Soft Drinks,2015.0,OUT045,Tier 2,High,Supermarket Type1,0.019239,5.92,49.8692,4.0
Regular,DRD01,Soft Drinks,2015.0,OUT045,Tier 2,High,Supermarket Type1,0.0613,12.1,56.2614,4.0
Regular,FDF11,Starchy Foods,2015.0,OUT045,Tier 2,High,Supermarket Type1,0.017667,10.195,239.4538,4.0
Regular,FDC59,Starchy Foods,2015.0,OUT045,Tier 2,High,Supermarket Type1,0.05474,16.7,65.7168,4.0
Regular,FDB36,Baking Goods,2020.0,OUT017,Tier 2,High,Supermarket Type1,0.048802,5.465,132.1626,4.0
Regular,FDX36,Baking Goods,2020.0,OUT017,Tier 2,High,Supermarket Type1,0.129009,9.695,226.9404,4.0
Regular,FDP36,Baking Goods,2020.0,OUT017,Tier 2,High,Supermarket Type1,0.091688,10.395,49.0008,4.0
Regular,FDR12,Baking Goods,2020.0,OUT017,Tier 2,High,Supermarket Type1,0.031713,12.6,172.5764,4.0
Regular,FDA35,Baking Goods,2020.0,OUT017,Tier 2,High,Supermarket Type1,0.054142,14.85,124.1072,4.0
Regular,FDV12,Baking Goods,2020.0,OUT017,Tier 2,High,Supermarket Type1,0.061219,16.7,100.0384,4.0
Regular,FDH60,Baking Goods,2020.0,OUT017,Tier 2,High,Supermarket Type1,0.081194,19.7,198.411,4.0
Regular,FDZ47,Baking Goods,2020.0,OUT017,Tier 2,High,Supermarket Type1,0.0,20.7,98.7042,4.0
Regular,FDT11,Breads,2020.0,OUT017,Tier 2,High,Supermarket Type1,0.029539,5.94,189.4556,4.0
Regular,FDR59,Breads,2020.0,OUT017,Tier 2,High,Supermarket Type1,0.064225,14.5,262.7594,4.0
Regular,FDR01,Canned,2020.0,OUT017,Tier 2,High,Supermarket Type1,0.053925,5.405,198.2742,4.0
Regular,FDF26,Canned,2020.0,OUT017,Tier 2,High,Supermarket Type1,0.046899,6.825,153.7998,4.0
Regular,FDI38,Canned,2020.0,OUT017,Tier 2,High,Supermarket Type1,0.0,13.35,206.9638,4.0
Regular,FDR25,Canned,2020.0,OUT017,Tier 2,High,Supermarket Type1,0.140311,17.0,265.6884,4.0
Regular,FDQ01,Canned,2020.0,OUT017,Tier 2,High,Supermarket Type1,0.161611,19.7,255.2014,4.0
Regular,FDU01,Canned,2020.0,OUT017,Tier 2,High,Supermarket Type1,0.012063,20.25,183.5924,4.0
Regular,FDC16,Dairy,2020.0,OUT017,Tier 2,High,Supermarket Type1,0.020686,11.5,85.054,4.0
Regular,FDZ26,Dairy,2020.0,OUT017,Tier 2,High,Supermarket Type1,0.144832,11.6,239.8222,4.0
Regular,FDW26,Dairy,2020.0,OUT017,Tier 2,High,Supermarket Type1,0.107663,11.8,224.1772,4.0
Regular,FDZ50,Dairy,2020.0,OUT017,Tier 2,High,Supermarket Type1,0.079524,12.8,181.7608,4.0
Regular,FDE40,Dairy,2020.0,OUT017,Tier 2,High,Supermarket Type1,0.099705,15.6,63.1194,4.0
Regular,FDY15,Dairy,2020.0,OUT017,Tier 2,High,Supermarket Type1,0.171794,18.25,154.663,4.0
Regular,FDN28,Frozen Foods,2020.0,OUT017,Tier 2,High,Supermarket Type1,0.030419,5.88,103.099,4.0
Regular,FDH04,Frozen Foods,2020.0,OUT017,Tier 2,High,Supermarket Type1,0.011437,6.115,92.4488,4.0
Regular,FDI05,Frozen Foods,2020.0,OUT017,Tier 2,High,Supermarket Type1,0.127587,8.35,76.5354,4.0
Regular,FDI53,Frozen Foods,2020.0,OUT017,Tier 2,High,Supermarket Type1,0.138424,8.895,163.0236,4.0
Regular,FDE05,Frozen Foods,2020.0,OUT017,Tier 2,High,Supermarket Type1,0.032638,10.895,147.7102,4.0
Regular,FDC05,Frozen Foods,2020.0,OUT017,Tier 2,High,Supermarket Type1,0.099343,13.1,198.1768,4.0
Regular,FDQ28,Frozen Foods,2020.0,OUT017,Tier 2,High,Supermarket Type1,0.060769,14.0,154.8656,4.0
Regular,FDH28,Frozen Foods,2020.0,OUT017,Tier 2,High,Supermarket Type1,0.110653,15.85,36.9506,4.0
Regular,FDA28,Frozen Foods,2020.0,OUT017,Tier 2,High,Supermarket Type1,0.048072,16.1,126.5362,4.0
Regular,FDX04,Frozen Foods,2020.0,OUT017,Tier 2,High,Supermarket Type1,0.041807,19.6,48.8376,4.0
Regular,FDV52,Frozen Foods,2020.0,OUT017,Tier 2,High,Supermarket Type1,0.122208,20.7,119.7466,4.0
Regular,FDT07,Fruits and Vegetables,2020.0,OUT017,Tier 2,High,Supermarket Type1,0.077756,5.82,254.533,4.0
Regular,FDO31,Fruits and Vegetables,2020.0,OUT017,Tier 2,Medium,Supermarket Type1,0.029147,6.76,79.296,4.0
Regular,FDN08,Fruits and Vegetables,2020.0,OUT017,Tier 2,Medium,Supermarket Type1,0.088864,7.72,119.3466,4.0
Regular,FDY08,Fruits and Vegetables,2020.0,OUT017,Tier 2,Medium,Supermarket Type1,0.172043,9.395,139.9838,4.0
Regular,FDM08,Fruits and Vegetables,2020.0,OUT017,Tier 2,Medium,Supermarket Type1,0.053887,10.1,225.6088,4.0
Regular,FDO08,Fruits and Vegetables,2020.0,OUT017,Tier 2,Medium,Supermarket Type1,0.05408,11.1,165.9526,4.0
Regular,FDJ44,Fruits and Vegetables,2020.0,OUT017,Tier 2,Medium,Supermarket Type1,0.106929,12.3,173.7396,4.0
Regular,FDW19,Fruits and Vegetables,2020.0,OUT017,Tier 2,Medium,Supermarket Type1,0.038718,12.35,110.657,4.0
Regular,FDY20,Fruits and Vegetables,2020.0,OUT017,Tier 2,Medium,Supermarket Type1,0.082215,12.5,91.4488,4.0
Regular,FDZ08,Fruits and Vegetables,2020.0,OUT017,Tier 2,Medium,Supermarket Type1,0.110615,12.5,80.6592,4.0
Regular,FDO20,Fruits and Vegetables,2020.0,OUT017,Tier 2,Medium,Supermarket Type1,0.152988,12.85,253.7382,4.0
Regular,FDR19,Fruits and Vegetables,2020.0,OUT017,Tier 2,Medium,Supermarket Type1,0.160624,13.5,147.0102,4.0
Regular,FDX32,Fruits and Vegetables,2020.0,OUT017,Tier 2,Medium,Supermarket Type1,0.100423,15.1,144.7786,4.0
Regular,FDQ08,Fruits and Vegetables,2020.0,OUT017,Tier 2,Medium,Supermarket Type1,0.019037,15.7,60.5536,4.0
Regular,FDF56,Fruits and Vegetables,2020.0,OUT017,Tier 2,Medium,Supermarket Type1,0.120188,16.7,181.2976,4.0
Regular,FDW07,Fruits and Vegetables,2020.0,OUT017,Tier 2,Medium,Supermarket Type1,0.143496,18.0,88.7514,4.0
Regular,FDH44,Fruits and Vegetables,2020.0,OUT017,Tier 2,Medium,Supermarket Type1,0.026018,19.1,148.2418,4.0
Regular,FDU20,Fruits and Vegetables,2020.0,OUT017,Tier 2,Medium,Supermarket Type1,0.021579,19.35,120.5098,4.0
Regular,FDX31,Fruits and Vegetables,2020.0,OUT017,Tier 2,Medium,Supermarket Type1,0.014909,20.35,232.3958,4.0
Regular,FDG09,Fruits and Vegetables,2020.0,OUT017,Tier 2,Medium,Supermarket Type1,0.048207,20.6,188.0556,4.0
Regular,FDP31,Fruits and Vegetables,2020.0,OUT017,Tier 2,Medium,Supermarket Type1,0.162418,21.1,64.9168,4.0
Regular,FDT39,Meat,2020.0,OUT017,Tier 2,Medium,Supermarket Type1,0.009924,6.26,152.8366,4.0
Regular,FDW39,Meat,2020.0,OUT017,Tier 2,Medium,Supermarket Type1,0.0,6.69,176.937,4.0
Regular,FDS27,Meat,2020.0,OUT017,Tier 2,Medium,Supermarket Type1,0.012529,10.195,195.111,4.0
Regular,FDO15,Meat,2020.0,OUT017,Tier 2,Medium,Supermarket Type1,0.008615,16.75,72.4038,4.0
Regular,FDU51,Meat,2020.0,OUT017,Tier 2,Medium,Supermarket Type1,0.09706,20.2,178.6028,4.0
Regular,FDW21,Snack Foods,2020.0,OUT017,Tier 2,Medium,Supermarket Type1,0.005998,5.34,100.4358,4.0
Regular,FDW57,Snack Foods,2020.0,OUT017,Tier 2,Medium,Supermarket Type1,0.116332,8.31,176.9028,4.0
Regular,FDM45,Snack Foods,2020.0,OUT017,Tier 2,Medium,Supermarket Type1,0.088694,8.655,122.5756,4.0
Regular,FDS09,Snack Foods,2020.0,OUT017,Tier 2,Medium,Supermarket Type1,0.081547,8.895,49.8008,4.0
Regular,FDG58,Snack Foods,2020.0,OUT017,Tier 2,Medium,Supermarket Type1,0.087272,10.695,153.7972,4.0
Regular,FDP22,Snack Foods,2020.0,OUT017,Tier 2,Medium,Supermarket Type1,0.099693,14.65,50.9666,4.0
Regular,FDV57,Snack Foods,2020.0,OUT017,Tier 2,Medium,Supermarket Type1,0.066269,15.25,179.666,4.0
Regular,FDS46,Snack Foods,2020.0,OUT017,Tier 2,Medium,Supermarket Type1,0.047525,17.6,118.2782,4.0
Regular,FDZ21,Snack Foods,2020.0,OUT017,Tier 2,Medium,Supermarket Type1,0.039444,17.6,95.841,4.0
Regular,FDR22,Snack Foods,2020.0,OUT017,Tier 2,Medium,Supermarket Type1,0.018668,19.35,112.9544,4.0
Regular,FDS34,Snack Foods,2020.0,OUT017,Tier 2,Medium,Supermarket Type1,0.077193,19.35,112.7518,4.0
Regular,DRB13,Soft Drinks,2020.0,OUT017,Tier 2,Medium,Supermarket Type1,0.007084,6.115,191.153,4.0
Regular,DRC13,Soft Drinks,2020.0,OUT017,Tier 2,Medium,Supermarket Type1,0.032625,8.26,124.673,4.0
Regular,DRY23,Soft Drinks,2020.0,OUT017,Tier 2,Medium,Supermarket Type1,0.109713,9.395,41.3112,4.0
Regular,DRA24,Soft Drinks,2020.0,OUT017,Tier 2,Medium,Supermarket Type1,0.040154,19.35,164.6868,4.0
Regular,FDD59,Starchy Foods,2020.0,OUT017,Tier 2,Medium,Supermarket Type1,0.066555,10.5,80.896,4.0
Regular,FDB35,Starchy Foods,2020.0,OUT017,Tier 2,Medium,Supermarket Type1,0.064984,12.3,92.5804,4.0
Regular,FDC59,Starchy Foods,2020.0,OUT017,Tier 2,Medium,Supermarket Type1,0.054938,16.7,64.2168,4.0
Low Fat,FDB52,Dairy,2015.0,OUT045,Tier 2,Medium,Supermarket Type1,0.030497,17.75,256.9672,4.0
Low Fat,FDM44,Fruits and Vegetables,2015.0,OUT045,Tier 2,Medium,Supermarket Type1,0.031113,12.5,104.999,4.0
Low Fat,FDD09,Fruits and Vegetables,2020.0,OUT017,Tier 2,Medium,Supermarket Type1,0.021618,13.5,179.6976,4.0
Low Fat,NCR54,Household,2020.0,OUT017,Tier 2,Medium,Supermarket Type1,0.091074,16.35,196.811,4.0
Low Fat,FDA46,Snack Foods,2020.0,OUT017,Tier 2,Medium,Supermarket Type1,0.118301,13.6,196.2136,4.0
Low Fat,FDL22,Snack Foods,2020.0,OUT017,Tier 2,Medium,Supermarket Type1,0.036596,16.85,90.6488,4.0
Regular,FDI40,Frozen Foods,2015.0,OUT045,Tier 2,Medium,Supermarket Type1,0.125858,11.5,100.5358,4.0
Regular,FDI08,Fruits and Vegetables,2015.0,OUT045,Tier 2,Medium,Supermarket Type1,0.066432,18.2,250.1092,4.0
Regular,FDR36,Baking Goods,2020.0,OUT017,Tier 2,Medium,Supermarket Type1,0.122274,6.715,40.3454,4.0
Regular,FDF24,Baking Goods,2020.0,OUT017,Tier 2,Medium,Supermarket Type1,0.025514,15.5,83.7934,4.0
Regular,FDI41,Frozen Foods,2020.0,OUT017,Tier 2,Medium,Supermarket Type1,0.062609,18.5,148.6418,4.0
Regular,FDF57,Fruits and Vegetables,2020.0,OUT017,Tier 2,Medium,Supermarket Type1,0.05916,14.5,170.7448,4.0
Low Fat,FDQ14,Dairy,2017.0,OUT035,Tier 2,Small,Supermarket Type1,0.061776,9.27,150.105,4.0
Low Fat,FDD51,Dairy,2017.0,OUT035,Tier 2,Small,Supermarket Type1,0.11993,11.15,44.2744,4.0
Low Fat,FDJ16,Frozen Foods,2017.0,OUT035,Tier 2,Small,Supermarket Type1,0.114864,9.195,59.0246,4.0
Low Fat,FDP19,Fruits and Vegetables,2017.0,OUT035,Tier 2,Small,Supermarket Type1,0.173483,11.5,129.0652,4.0
Low Fat,NCN53,Health and Hygiene,2017.0,OUT035,Tier 2,Small,Supermarket Type1,0.03035,5.175,37.0874,4.0
Low Fat,DRE48,Soft Drinks,2017.0,OUT035,Tier 2,Small,Supermarket Type1,0.017322,8.43,196.8768,4.0
Low Fat,DRA12,Soft Drinks,2017.0,OUT035,Tier 2,Small,Supermarket Type1,0.0,11.6,141.9154,4.0
Low Fat,FDC48,Baking Goods,2017.0,OUT035,Tier 2,Small,Supermarket Type1,0.015856,9.195,81.6592,4.0
Low Fat,FDI24,Baking Goods,2017.0,OUT035,Tier 2,Small,Supermarket Type1,0.078729,10.3,178.437,4.0
Low Fat,FDO24,Baking Goods,2017.0,OUT035,Tier 2,Small,Supermarket Type1,0.176182,11.1,158.1604,4.0
Low Fat,FDW36,Baking Goods,2017.0,OUT035,Tier 2,Small,Supermarket Type1,0.056922,11.15,107.1622,4.0
Low Fat,FDZ60,Baking Goods,2017.0,OUT035,Tier 2,Small,Supermarket Type1,0.119339,20.5,106.0596,4.0
Low Fat,FDW35,Breads,2017.0,OUT035,Tier 2,Small,Supermarket Type1,0.011087,10.6,41.4454,4.0
Low Fat,FDR35,Breads,2017.0,OUT035,Tier 2,Small,Supermarket Type1,0.020694,12.5,199.1742,4.0
Low Fat,FDM13,Breakfast,2017.0,OUT035,Tier 2,Small,Supermarket Type1,0.063163,6.425,132.2626,4.0
Low Fat,FDQ37,Breakfast,2017.0,OUT035,Tier 2,Small,Supermarket Type1,0.089244,20.75,192.0478,4.0
Low Fat,FDF50,Canned,2017.0,OUT035,Tier 2,Small,Supermarket Type1,0.117308,4.905,195.7768,4.0
Low Fat,FDW25,Canned,2017.0,OUT035,Tier 2,Small,Supermarket Type1,0.037392,5.175,83.2224,4.0
Low Fat,FDO25,Canned,2017.0,OUT035,Tier 2,Small,Supermarket Type1,0.127425,6.3,208.127,4.0
Low Fat,FDK14,Canned,2017.0,OUT035,Tier 2,Small,Supermarket Type1,0.041098,6.98,81.6934,4.0
Low Fat,FDT25,Canned,2017.0,OUT035,Tier 2,Small,Supermarket Type1,0.050741,7.5,123.2072,4.0
Low Fat,FDU13,Canned,2017.0,OUT035,Tier 2,Small,Supermarket Type1,0.187523,8.355,146.2418,4.0
Low Fat,FDC26,Canned,2017.0,OUT035,Tier 2,Small,Supermarket Type1,0.126359,10.195,109.2886,4.0
Low Fat,FDM14,Canned,2017.0,OUT035,Tier 2,Small,Supermarket Type1,0.013261,13.8,108.0254,4.0
Low Fat,FDT13,Canned,2017.0,OUT035,Tier 2,Small,Supermarket Type1,0.018568,14.85,188.2214,4.0
Low Fat,FDC02,Canned,2017.0,OUT035,Tier 2,Small,Supermarket Type1,0.068809,21.35,258.5278,4.0
Low Fat,DRI03,Dairy,2017.0,OUT035,Tier 2,Small,Supermarket Type1,0.022699,6.03,176.4028,4.0
Low Fat,FDB51,Dairy,2017.0,OUT035,Tier 2,Small,Supermarket Type1,0.038447,6.92,63.5852,4.0
Low Fat,FDC39,Dairy,2017.0,OUT035,Tier 2,Small,Supermarket Type1,0.159165,7.405,207.1296,4.0
Low Fat,FDE39,Dairy,2017.0,OUT035,Tier 2,Small,Supermarket Type1,0.036128,7.89,117.4782,4.0
Low Fat,FDB16,Dairy,2017.0,OUT035,Tier 2,Small,Supermarket Type1,0.044917,8.21,88.5198,4.0
Low Fat,FDY14,Dairy,2017.0,OUT035,Tier 2,Small,Supermarket Type1,0.070027,10.3,263.6226,4.0
Low Fat,DRD15,Dairy,2017.0,OUT035,Tier 2,Small,Supermarket Type1,0.056785,10.6,231.9642,4.0
Low Fat,DRE27,Dairy,2017.0,OUT035,Tier 2,Small,Supermarket Type1,0.132645,11.85,96.9726,4.0
Low Fat,FDD03,Dairy,2017.0,OUT035,Tier 2,Small,Supermarket Type1,0.079791,13.3,232.73,4.0
Low Fat,FDI15,Dairy,2017.0,OUT035,Tier 2,Small,Supermarket Type1,0.141326,13.8,265.0884,4.0
Low Fat,DRI51,Dairy,2017.0,OUT035,Tier 2,Small,Supermarket Type1,0.042234,17.25,173.3764,4.0
Low Fat,DRH51,Dairy,2017.0,OUT035,Tier 2,Small,Supermarket Type1,0.097198,17.6,89.8856,4.0
Low Fat,FDJ41,Frozen Foods,2017.0,OUT035,Tier 2,Small,Supermarket Type1,0.022879,6.85,262.3594,4.0
Low Fat,FDD17,Frozen Foods,2017.0,OUT035,Tier 2,Small,Supermarket Type1,0.0,7.5,237.7906,4.0
Low Fat,FDH41,Frozen Foods,2017.0,OUT035,Tier 2,Small,Supermarket Type1,0.081996,9.0,216.2534,4.0
Low Fat,FDC17,Frozen Foods,2017.0,OUT035,Tier 2,Small,Supermarket Type1,0.015458,12.15,209.9928,4.0
Low Fat,FDG52,Frozen Foods,2017.0,OUT035,Tier 2,Small,Supermarket Type1,0.065618,13.65,47.6402,4.0
Low Fat,FDM52,Frozen Foods,2017.0,OUT035,Tier 2,Small,Supermarket Type1,0.025989,15.1,146.6076,4.0
Low Fat,FDQ52,Frozen Foods,2017.0,OUT035,Tier 2,Small,Supermarket Type1,0.119362,17.0,249.4434,4.0
Low Fat,FDV40,Frozen Foods,2017.0,OUT035,Tier 2,Small,Supermarket Type1,0.014689,17.35,74.5038,4.0
Low Fat,FDF05,Frozen Foods,2017.0,OUT035,Tier 2,Small,Supermarket Type1,0.026866,17.5,261.691,4.0
Low Fat,FDG29,Frozen Foods,2017.0,OUT035,Tier 2,Small,Supermarket Type1,0.056281,17.6,40.3454,4.0
Low Fat,FDX16,Frozen Foods,2017.0,OUT035,Tier 2,Small,Supermarket Type1,0.065798,17.85,147.805,4.0
Low Fat,FDL04,Frozen Foods,2017.0,OUT035,Tier 2,Small,Supermarket Type1,0.111902,19.0,105.4622,4.0
Low Fat,FDZ52,Frozen Foods,2017.0,OUT035,Tier 2,Small,Supermarket Type1,0.100056,19.2,112.4886,4.0
Low Fat,FDU40,Frozen Foods,2017.0,OUT035,Tier 2,Small,Supermarket Type1,0.037397,20.85,193.8478,4.0
Low Fat,FDS08,Fruits and Vegetables,2017.0,OUT035,Tier 2,Small,Supermarket Type1,0.05695,5.735,177.937,4.0
Low Fat,FDG44,Fruits and Vegetables,2017.0,OUT035,Tier 2,Small,Supermarket Type1,0.102172,6.13,53.8298,4.0
Low Fat,FDF09,Fruits and Vegetables,2017.0,OUT035,Tier 2,Small,Supermarket Type1,0.012147,6.215,37.9848,4.0
Low Fat,FDA20,Fruits and Vegetables,2017.0,OUT035,Tier 2,Small,Supermarket Type1,0.066608,6.78,184.624,4.0
Low Fat,FDG45,Fruits and Vegetables,2017.0,OUT035,Tier 2,Small,Supermarket Type1,0.128012,8.1,210.9902,4.0
Low Fat,FDX44,Fruits and Vegetables,2017.0,OUT035,Tier 2,Small,Supermarket Type1,0.042958,9.3,89.3172,4.0
Low Fat,FDH57,Fruits and Vegetables,2017.0,OUT035,Tier 2,Small,Supermarket Type1,0.035741,10.895,131.9284,4.0
Low Fat,FDU07,Fruits and Vegetables,2017.0,OUT035,Tier 2,Small,Supermarket Type1,0.059836,11.1,151.3366,4.0
Low Fat,FDE45,Fruits and Vegetables,2017.0,OUT035,Tier 2,Small,Supermarket Type1,0.0,12.1,177.3002,4.0
Low Fat,FDH32,Fruits and Vegetables,2017.0,OUT035,Tier 2,Small,Supermarket Type1,0.076046,12.8,96.541,4.0
Low Fat,FDG57,Fruits and Vegetables,2017.0,OUT035,Tier 2,Small,Supermarket Type1,0.072285,14.7,49.8034,4.0
Low Fat,FDZ20,Fruits and Vegetables,2017.0,OUT035,Tier 2,Small,Supermarket Type1,0.0343,16.1,253.2356,4.0
Low Fat,FDB09,Fruits and Vegetables,2017.0,OUT035,Tier 2,Small,Supermarket Type1,0.057385,16.25,126.2046,4.0
Low Fat,FDC45,Fruits and Vegetables,2017.0,OUT035,Tier 2,Small,Supermarket Type1,0.135708,17.0,172.5106,4.0
Low Fat,FDB33,Fruits and Vegetables,2017.0,OUT035,Tier 2,Small,Supermarket Type1,0.014577,17.75,160.7262,4.0
Low Fat,FDP07,Fruits and Vegetables,2017.0,OUT035,Tier 2,Small,Supermarket Type1,0.089885,18.2,195.111,4.0
Low Fat,FDR08,Fruits and Vegetables,2017.0,OUT035,Tier 2,Small,Supermarket Type1,0.037616,18.7,109.1886,4.0
Low Fat,FDG32,Fruits and Vegetables,2017.0,OUT035,Tier 2,Small,Supermarket Type1,0.175962,19.85,223.0772,4.0
Low Fat,FDQ44,Fruits and Vegetables,2017.0,OUT035,Tier 2,Small,Supermarket Type1,0.036133,20.5,120.1756,4.0
Low Fat,DRF23,Hard Drinks,2017.0,OUT035,Tier 2,Small,Supermarket Type1,0.122629,4.61,175.4396,4.0
Low Fat,DRM35,Hard Drinks,2017.0,OUT035,Tier 2,Small,Supermarket Type1,0.070431,9.695,177.5344,4.0
Low Fat,DRO47,Hard Drinks,2017.0,OUT035,Tier 2,Small,Supermarket Type1,0.112203,10.195,111.786,4.0
Low Fat,DRL59,Hard Drinks,2017.0,OUT035,Tier 2,Small,Supermarket Type1,0.02122,16.75,55.1298,4.0
Low Fat,DRI23,Hard Drinks,2017.0,OUT035,Tier 2,Small,Supermarket Type1,0.0,18.85,162.0578,4.0
Low Fat,NCK29,Health and Hygiene,2017.0,OUT035,Tier 2,Small,Supermarket Type1,0.125745,5.615,122.473,4.0
Low Fat,NCL17,Health and Hygiene,2017.0,OUT035,Tier 2,Small,Supermarket Type1,0.067767,7.39,140.6812,4.0
Low Fat,NCL53,Health and Hygiene,2017.0,OUT035,Tier 2,Small,Supermarket Type1,0.036228,7.5,175.2028,4.0
Low Fat,NCP29,Health and Hygiene,2017.0,OUT035,Tier 2,Small,Supermarket Type1,0.11225,8.42,64.3168,4.0
Low Fat,NCJ29,Health and Hygiene,2017.0,OUT035,Tier 2,Small,Supermarket Type1,0.035186,10.6,85.1224,4.0
Low Fat,NCM29,Health and Hygiene,2017.0,OUT035,Tier 2,Small,Supermarket Type1,0.017639,11.5,132.7626,4.0
Low Fat,NCB42,Health and Hygiene,2017.0,OUT035,Tier 2,Small,Supermarket Type1,0.00856,11.8,117.2492,4.0
Low Fat,NCY29,Health and Hygiene,2017.0,OUT035,Tier 2,Small,Supermarket Type1,0.07722,13.65,56.493,4.0
Low Fat,NCC54,Health and Hygiene,2017.0,OUT035,Tier 2,Small,Supermarket Type1,0.097692,17.75,242.4196,4.0
Low Fat,NCJ05,Health and Hygiene,2017.0,OUT035,Tier 2,Small,Supermarket Type1,0.04608,18.7,151.5682,4.0
Low Fat,NCA05,Health and Hygiene,2017.0,OUT035,Tier 2,Small,Supermarket Type1,0.025126,20.75,150.4734,4.0
Low Fat,NCW30,Household,2017.0,OUT035,Tier 2,Small,Supermarket Type1,0.011008,5.21,259.5962,4.0
Low Fat,NCB31,Household,2017.0,OUT035,Tier 2,Small,Supermarket Type1,0.118652,6.235,263.991,4.0
Low Fat,NCC19,Household,2017.0,OUT035,Tier 2,Small,Supermarket Type1,0.096862,6.57,193.982,4.0
Low Fat,NCZ30,Household,2017.0,OUT035,Tier 2,Small,Supermarket Type1,0.02618,6.59,120.7098,4.0
Low Fat,NCH42,Household,2017.0,OUT035,Tier 2,Small,Supermarket Type1,0.03653,6.86,227.801,4.0
Low Fat,NCN06,Household,2017.0,OUT035,Tier 2,Small,Supermarket Type1,0.120474,8.39,165.5868,4.0
Low Fat,NCY54,Household,2017.0,OUT035,Tier 2,Small,Supermarket Type1,0.177661,8.43,170.5422,4.0
Low Fat,NCE19,Household,2017.0,OUT035,Tier 2,Small,Supermarket Type1,0.092997,8.97,55.2956,4.0
Low Fat,NCX54,Household,2017.0,OUT035,Tier 2,Small,Supermarket Type1,0.048051,9.195,105.6622,4.0
Low Fat,NCK18,Household,2017.0,OUT035,Tier 2,Small,Supermarket Type1,0.0,9.6,163.9184,4.0
Low Fat,NCV54,Household,2017.0,OUT035,Tier 2,Small,Supermarket Type1,0.033103,11.1,116.6124,4.0
Low Fat,NCQ06,Household,2017.0,OUT035,Tier 2,Small,Supermarket Type1,0.041817,13.0,254.5014,4.0
Low Fat,NCH07,Household,2017.0,OUT035,Tier 2,Small,Supermarket Type1,0.09265,13.15,157.8604,4.0
Low Fat,NCS54,Household,2017.0,OUT035,Tier 2,Small,Supermarket Type1,0.009991,13.6,175.537,4.0
Low Fat,NCW18,Household,2017.0,OUT035,Tier 2,Small,Supermarket Type1,0.059314,15.1,238.1248,4.0
Low Fat,NCD18,Household,2017.0,OUT035,Tier 2,Small,Supermarket Type1,0.072655,16.0,229.8668,4.0
Low Fat,NCW06,Household,2017.0,OUT035,Tier 2,Small,Supermarket Type1,0.0,16.2,190.8162,4.0
Low Fat,NCT06,Household,2017.0,OUT035,Tier 2,Small,Supermarket Type1,0.03873,17.1,166.2842,4.0
Low Fat,NCR38,Household,2017.0,OUT035,Tier 2,Small,Supermarket Type1,0.113497,17.25,253.4724,4.0
Low Fat,NCI55,Household,2017.0,OUT035,Tier 2,Small,Supermarket Type1,0.012651,18.6,123.1414,4.0
Low Fat,NCA30,Household,2017.0,OUT035,Tier 2,Small,Supermarket Type1,0.129309,19.0,188.8872,4.0
Low Fat,NCG42,Household,2017.0,OUT035,Tier 2,Small,Supermarket Type1,0.04122,19.2,131.231,4.0
Low Fat,NCO30,Household,2017.0,OUT035,Tier 2,Small,Supermarket Type1,0.015722,19.5,185.6608,4.0
Low Fat,NCB18,Household,2017.0,OUT035,Tier 2,Small,Supermarket Type1,0.041283,19.6,87.0514,4.0
Low Fat,NCY30,Household,2017.0,OUT035,Tier 2,Small,Supermarket Type1,0.025948,20.25,180.0976,4.0
Low Fat,NCE54,Household,2017.0,OUT035,Tier 2,Small,Supermarket Type1,0.026895,20.7,76.7354,4.0
Low Fat,FDP27,Meat,2017.0,OUT035,Tier 2,Small,Supermarket Type1,0.119428,8.155,190.853,4.0
Low Fat,FDL43,Meat,2017.0,OUT035,Tier 2,Small,Supermarket Type1,0.027059,10.1,76.467,4.0
Low Fat,FDK15,Meat,2017.0,OUT035,Tier 2,Small,Supermarket Type1,0.098395,10.8,100.8042,4.0
Low Fat,FDI19,Meat,2017.0,OUT035,Tier 2,Small,Supermarket Type1,0.052329,15.1,243.1512,4.0
Low Fat,FDU39,Meat,2017.0,OUT035,Tier 2,Small,Supermarket Type1,0.036031,18.85,60.4562,4.0
Low Fat,NCL31,Others,2017.0,OUT035,Tier 2,Small,Supermarket Type1,0.120258,7.39,141.547,4.0
Low Fat,NCK19,Others,2017.0,OUT035,Tier 2,Small,Supermarket Type1,0.090449,9.8,194.5478,4.0
Low Fat,NCL55,Others,2017.0,OUT035,Tier 2,Small,Supermarket Type1,0.064648,12.15,253.404,4.0
Low Fat,NCP55,Others,2017.0,OUT035,Tier 2,Small,Supermarket Type1,0.0,14.65,53.8614,4.0
Low Fat,FDH21,Seafood,2017.0,OUT035,Tier 2,Small,Supermarket Type1,0.031219,10.395,156.9604,4.0
Low Fat,FDI57,Seafood,2017.0,OUT035,Tier 2,Small,Supermarket Type1,0.054015,19.85,196.3768,4.0
Low Fat,FDQ57,Snack Foods,2017.0,OUT035,Tier 2,Small,Supermarket Type1,0.027942,7.275,145.076,4.0
Low Fat,FDR33,Snack Foods,2017.0,OUT035,Tier 2,Small,Supermarket Type1,0.026784,7.31,108.157,4.0
Low Fat,FDQ58,Snack Foods,2017.0,OUT035,Tier 2,Small,Supermarket Type1,0.0,7.315,153.734,4.0
Low Fat,FDM46,Snack Foods,2017.0,OUT035,Tier 2,Small,Supermarket Type1,0.159938,7.365,93.912,4.0
Low Fat,FDW33,Snack Foods,2017.0,OUT035,Tier 2,Small,Supermarket Type1,0.099102,9.395,105.828,4.0
Low Fat,FDV09,Snack Foods,2017.0,OUT035,Tier 2,Small,Supermarket Type1,0.020565,12.1,148.2734,4.0
Low Fat,FDU22,Snack Foods,2017.0,OUT035,Tier 2,Small,Supermarket Type1,0.093279,12.35,118.7124,4.0
Low Fat,FDP34,Snack Foods,2017.0,OUT035,Tier 2,Small,Supermarket Type1,0.0,12.85,155.463,4.0
Low Fat,FDQ33,Snack Foods,2017.0,OUT035,Tier 2,Small,Supermarket Type1,0.09119,13.35,149.3708,4.0
Low Fat,FDA46,Snack Foods,2017.0,OUT035,Tier 2,Small,Supermarket Type1,0.117613,13.6,194.2136,4.0
Low Fat,FDN09,Snack Foods,2017.0,OUT035,Tier 2,Small,Supermarket Type1,0.034868,14.15,243.7828,4.0
Low Fat,FDC47,Snack Foods,2017.0,OUT035,Tier 2,Small,Supermarket Type1,0.118868,15.0,229.4694,4.0
Low Fat,FDK09,Snack Foods,2017.0,OUT035,Tier 2,Small,Supermarket Type1,0.091746,15.2,229.0352,4.0
Low Fat,FDT57,Snack Foods,2017.0,OUT035,Tier 2,Small,Supermarket Type1,0.019031,15.2,235.5248,4.0
Low Fat,FDT45,Snack Foods,2017.0,OUT035,Tier 2,Small,Supermarket Type1,0.057303,15.85,53.3956,4.0
Low Fat,FDY45,Snack Foods,2017.0,OUT035,Tier 2,Small,Supermarket Type1,0.0,17.5,253.0356,4.0
Low Fat,FDZ09,Snack Foods,2017.0,OUT035,Tier 2,Small,Supermarket Type1,0.104859,17.6,161.8868,4.0
Low Fat,FDO34,Snack Foods,2017.0,OUT035,Tier 2,Small,Supermarket Type1,0.029933,17.7,169.0816,4.0
Low Fat,FDZ58,Snack Foods,2017.0,OUT035,Tier 2,Small,Supermarket Type1,0.052167,17.85,121.7072,4.0
Low Fat,FDN57,Snack Foods,2017.0,OUT035,Tier 2,Small,Supermarket Type1,0.054224,18.25,142.0154,4.0
Low Fat,FDN45,Snack Foods,2017.0,OUT035,Tier 2,Small,Supermarket Type1,0.11808,19.35,222.6088,4.0
Low Fat,FDV58,Snack Foods,2017.0,OUT035,Tier 2,Small,Supermarket Type1,0.121227,20.85,197.5452,4.0
Low Fat,DRE12,Soft Drinks,2017.0,OUT035,Tier 2,Small,Supermarket Type1,0.070767,4.59,111.986,4.0
Low Fat,DRD25,Soft Drinks,2017.0,OUT035,Tier 2,Small,Supermarket Type1,0.078957,6.135,111.986,4.0
Low Fat,DRF25,Soft Drinks,2017.0,OUT035,Tier 2,Small,Supermarket Type1,0.038918,9.0,35.919,4.0
Low Fat,DRJ24,Soft Drinks,2017.0,OUT035,Tier 2,Small,Supermarket Type1,0.113308,11.8,187.0924,4.0
Low Fat,DRK49,Soft Drinks,2017.0,OUT035,Tier 2,Small,Supermarket Type1,0.035937,14.15,41.0138,4.0
Low Fat,DRM37,Soft Drinks,2017.0,OUT035,Tier 2,Small,Supermarket Type1,0.09638,15.35,196.5768,4.0
Low Fat,DRH37,Soft Drinks,2017.0,OUT035,Tier 2,Small,Supermarket Type1,0.041608,17.6,165.4526,4.0
Low Fat,DRC12,Soft Drinks,2017.0,OUT035,Tier 2,Small,Supermarket Type1,0.03782,17.85,191.6188,4.0
Low Fat,FDF59,Starchy Foods,2017.0,OUT035,Tier 2,Small,Supermarket Type1,0.071231,12.5,128.102,4.0
Regular,FDZ36,Baking Goods,2017.0,OUT035,Tier 2,Small,Supermarket Type1,0.065771,6.035,185.324,4.0
Regular,FDT24,Baking Goods,2017.0,OUT035,Tier 2,Small,Supermarket Type1,0.185824,12.35,78.5328,4.0
Regular,FDJ36,Baking Goods,2017.0,OUT035,Tier 2,Small,Supermarket Type1,0.128236,14.5,104.1332,4.0
Regular,FDU12,Baking Goods,2017.0,OUT035,Tier 2,Small,Supermarket Type1,0.075737,15.5,265.5568,4.0
Regular,FDX11,Baking Goods,2017.0,OUT035,Tier 2,Small,Supermarket Type1,0.106732,16.0,183.6634,4.0
Regular,FDK60,Baking Goods,2017.0,OUT035,Tier 2,Small,Supermarket Type1,0.093847,16.5,95.7068,4.0
Regular,FDX12,Baking Goods,2017.0,OUT035,Tier 2,Small,Supermarket Type1,0.02606,18.2,241.2196,4.0
Regular,FDJ60,Baking Goods,2017.0,OUT035,Tier 2,Small,Supermarket Type1,0.062517,19.35,163.9184,4.0
Regular,FDU60,Baking Goods,2017.0,OUT035,Tier 2,Small,Supermarket Type1,0.05989,20.0,168.5132,4.0
Regular,FDZ47,Baking Goods,2017.0,OUT035,Tier 2,Small,Supermarket Type1,0.079281,20.7,100.1042,4.0
Regular,FDS24,Baking Goods,2017.0,OUT035,Tier 2,Small,Supermarket Type1,0.062213,20.85,88.1514,4.0
Regular,FDQ11,Breads,2017.0,OUT035,Tier 2,Small,Supermarket Type1,0.067688,5.695,258.8988,4.0
Regular,FDZ35,Breads,2017.0,OUT035,Tier 2,Small,Supermarket Type1,0.022274,9.6,101.699,4.0
Regular,FDR11,Breads,2017.0,OUT035,Tier 2,Small,Supermarket Type1,0.142511,10.5,158.7578,4.0
Regular,FDR59,Breads,2017.0,OUT035,Tier 2,Small,Supermarket Type1,0.063851,14.5,260.4594,4.0
Regular,FDX49,Canned,2017.0,OUT035,Tier 2,Small,Supermarket Type1,0.101813,4.615,232.23,4.0
Regular,FDF26,Canned,2017.0,OUT035,Tier 2,Small,Supermarket Type1,0.046626,6.825,154.9998,4.0
Regular,FDA37,Canned,2017.0,OUT035,Tier 2,Small,Supermarket Type1,0.055216,7.81,125.5046,4.0
Regular,FDJ26,Canned,2017.0,OUT035,Tier 2,Small,Supermarket Type1,0.084749,15.3,215.5218,4.0
Regular,FDA25,Canned,2017.0,OUT035,Tier 2,Small,Supermarket Type1,0.068113,16.5,104.599,4.0
Regular,FDY49,Canned,2017.0,OUT035,Tier 2,Small,Supermarket Type1,0.01201,17.2,163.1184,4.0
Regular,FDU49,Canned,2017.0,OUT035,Tier 2,Small,Supermarket Type1,0.030689,19.5,85.754,4.0
Regular,FDE50,Canned,2017.0,OUT035,Tier 2,Small,Supermarket Type1,0.016203,19.7,188.2556,4.0
Regular,FDW14,Dairy,2017.0,OUT035,Tier 2,Small,Supermarket Type1,0.038204,8.3,87.7198,4.0
Regular,FDC03,Dairy,2017.0,OUT035,Tier 2,Small,Supermarket Type1,0.071833,8.575,194.1794,4.0
Regular,FDY02,Dairy,2017.0,OUT035,Tier 2,Small,Supermarket Type1,0.087629,8.945,263.491,4.0
Regular,FDC51,Dairy,2017.0,OUT035,Tier 2,Small,Supermarket Type1,0.00962,10.895,121.673,4.0
Regular,FDB04,Dairy,2017.0,OUT035,Tier 2,Small,Supermarket Type1,0.063214,11.35,88.3856,4.0
Regular,FDW26,Dairy,2017.0,OUT035,Tier 2,Small,Supermarket Type1,0.107037,11.8,220.3772,4.0
Regular,FDC40,Dairy,2017.0,OUT035,Tier 2,Small,Supermarket Type1,0.065052,16.0,76.1986,4.0
Regular,FDL39,Dairy,2017.0,OUT035,Tier 2,Small,Supermarket Type1,0.063319,16.1,180.9318,4.0
Regular,FDU26,Dairy,2017.0,OUT035,Tier 2,Small,Supermarket Type1,0.042611,16.7,117.2782,4.0
Regular,FDD52,Dairy,2017.0,OUT035,Tier 2,Small,Supermarket Type1,0.18326,18.25,108.557,4.0
Regular,FDF40,Dairy,2017.0,OUT035,Tier 2,Small,Supermarket Type1,0.022508,20.25,248.1092,4.0
Regular,FDV26,Dairy,2017.0,OUT035,Tier 2,Small,Supermarket Type1,0.076146,20.25,197.0794,4.0
Regular,FDY26,Dairy,2017.0,OUT035,Tier 2,Small,Supermarket Type1,0.030505,20.6,212.6244,4.0
Regular,FDL51,Dairy,2017.0,OUT035,Tier 2,Small,Supermarket Type1,0.047482,20.7,215.9876,4.0
Regular,FDP40,Frozen Foods,2017.0,OUT035,Tier 2,Small,Supermarket Type1,0.034351,4.555,112.7544,4.0
Regular,FDR16,Frozen Foods,2017.0,OUT035,Tier 2,Small,Supermarket Type1,0.104998,5.845,213.2218,4.0
Regular,FDV04,Frozen Foods,2017.0,OUT035,Tier 2,Small,Supermarket Type1,0.149987,7.825,158.8288,4.0
Regular,FDI53,Frozen Foods,2017.0,OUT035,Tier 2,Small,Supermarket Type1,0.137619,8.895,161.5236,4.0
Regular,FDX52,Frozen Foods,2017.0,OUT035,Tier 2,Small,Supermarket Type1,0.041995,11.5,194.782,4.0
Regular,FDC05,Frozen Foods,2017.0,OUT035,Tier 2,Small,Supermarket Type1,0.098766,13.1,196.3768,4.0
Regular,FDI04,Frozen Foods,2017.0,OUT035,Tier 2,Small,Supermarket Type1,0.072899,13.65,198.1426,4.0
Regular,FDP28,Frozen Foods,2017.0,OUT035,Tier 2,Small,Supermarket Type1,0.080625,13.65,259.6936,4.0
Regular,FDR28,Frozen Foods,2017.0,OUT035,Tier 2,Small,Supermarket Type1,0.025892,13.85,165.121,4.0
Regular,FDW40,Frozen Foods,2017.0,OUT035,Tier 2,Small,Supermarket Type1,0.105126,14.0,143.2812,4.0
Regular,FDH28,Frozen Foods,2017.0,OUT035,Tier 2,Small,Supermarket Type1,0.11001,15.85,38.8506,4.0
Regular,FDA28,Frozen Foods,2017.0,OUT035,Tier 2,Small,Supermarket Type1,0.047793,16.1,126.1362,4.0
Regular,FDV28,Frozen Foods,2017.0,OUT035,Tier 2,Small,Supermarket Type1,0.159698,16.1,32.0558,4.0
Regular,FDB41,Frozen Foods,2017.0,OUT035,Tier 2,Small,Supermarket Type1,0.097295,19.0,47.7718,4.0
Regular,FDS56,Fruits and Vegetables,2017.0,OUT035,Tier 2,Small,Supermarket Type1,0.03875,5.785,262.0252,4.0
Regular,FDT07,Fruits and Vegetables,2017.0,OUT035,Tier 2,Small,Supermarket Type1,0.077304,5.82,257.633,4.0
Regular,FDV44,Fruits and Vegetables,2017.0,OUT035,Tier 2,Small,Supermarket Type1,0.039837,8.365,191.6188,4.0
Regular,FDC33,Fruits and Vegetables,2017.0,OUT035,Tier 2,Small,Supermarket Type1,0.068925,8.96,196.9768,4.0
Regular,FDE20,Fruits and Vegetables,2017.0,OUT035,Tier 2,Small,Supermarket Type1,0.005529,11.35,169.279,4.0
Regular,FDF57,Fruits and Vegetables,2017.0,OUT035,Tier 2,Small,Supermarket Type1,0.0,14.5,169.6448,4.0
Regular,FDD56,Fruits and Vegetables,2017.0,OUT035,Tier 2,Small,Supermarket Type1,0.103759,15.2,177.0054,4.0
Regular,FDQ32,Fruits and Vegetables,2017.0,OUT035,Tier 2,Small,Supermarket Type1,0.0466,17.85,125.1388,4.0
Regular,FDW32,Fruits and Vegetables,2017.0,OUT035,Tier 2,Small,Supermarket Type1,0.094279,18.35,86.3882,4.0
Regular,FDX07,Fruits and Vegetables,2017.0,OUT035,Tier 2,Small,Supermarket Type1,0.022914,19.2,181.195,4.0
Regular,FDP31,Fruits and Vegetables,2017.0,OUT035,Tier 2,Small,Supermarket Type1,0.161474,21.1,62.9168,4.0
Regular,FDW39,Meat,2017.0,OUT035,Tier 2,Small,Supermarket Type1,0.036903,6.69,175.137,4.0
Regular,FDM15,Meat,2017.0,OUT035,Tier 2,Small,Supermarket Type1,0.057411,11.8,149.5366,4.0
Regular,FDM51,Meat,2017.0,OUT035,Tier 2,Small,Supermarket Type1,0.025921,11.8,101.9674,4.0
Regular,FDI07,Meat,2017.0,OUT035,Tier 2,Small,Supermarket Type1,0.033754,12.35,199.0426,4.0
Regular,FDQ03,Meat,2017.0,OUT035,Tier 2,Small,Supermarket Type1,0.078,15.0,238.0248,4.0
Regular,FDN51,Meat,2017.0,OUT035,Tier 2,Small,Supermarket Type1,0.020943,17.85,260.2936,4.0
Regular,FDQ15,Meat,2017.0,OUT035,Tier 2,Small,Supermarket Type1,0.151045,20.35,79.2276,4.0
Regular,FDJ10,Snack Foods,2017.0,OUT035,Tier 2,Small,Supermarket Type1,0.129479,5.095,139.7838,4.0
Regular,FDM45,Snack Foods,2017.0,OUT035,Tier 2,Small,Supermarket Type1,0.088178,8.655,122.6756,4.0
Regular,FDQ45,Snack Foods,2017.0,OUT035,Tier 2,Small,Supermarket Type1,0.010915,9.5,183.8608,4.0
Regular,FDB46,Snack Foods,2017.0,OUT035,Tier 2,Small,Supermarket Type1,0.093746,10.5,211.9244,4.0
Regular,FDG58,Snack Foods,2017.0,OUT035,Tier 2,Small,Supermarket Type1,0.086765,10.695,156.7972,4.0
Regular,FDO21,Snack Foods,2017.0,OUT035,Tier 2,Small,Supermarket Type1,0.009761,11.6,226.9404,4.0
Regular,FDO22,Snack Foods,2017.0,OUT035,Tier 2,Small,Supermarket Type1,0.0,13.5,78.396,4.0
Regular,FDO10,Snack Foods,2017.0,OUT035,Tier 2,Small,Supermarket Type1,0.012749,13.65,58.8588,4.0
Regular,FDM22,Snack Foods,2017.0,OUT035,Tier 2,Small,Supermarket Type1,0.04195,14.0,54.064,4.0
Regular,FDL57,Snack Foods,2017.0,OUT035,Tier 2,Small,Supermarket Type1,0.067064,15.1,257.9304,4.0
Regular,FDT09,Snack Foods,2017.0,OUT035,Tier 2,Small,Supermarket Type1,0.012261,15.15,131.7284,4.0
Regular,FDY22,Snack Foods,2017.0,OUT035,Tier 2,Small,Supermarket Type1,0.15969,16.5,142.4128,4.0
Regular,FDZ21,Snack Foods,2017.0,OUT035,Tier 2,Small,Supermarket Type1,0.039214,17.6,98.241,4.0
Regular,FDE23,Starchy Foods,2017.0,OUT035,Tier 2,Small,Supermarket Type1,0.053171,17.6,45.606,4.0
Regular,DRC36,Soft Drinks,2017.0,OUT035,Tier 2,Small,Supermarket Type1,0.044976,13.0,176.2054,4.0
Low Fat,FDA50,Dairy,2011.0,OUT010,Tier 3,Medium,Grocery Store,0.145913,16.25,95.441,4.0
Low Fat,FDW28,Frozen Foods,2011.0,OUT010,Tier 3,Medium,Grocery Store,0.148674,18.25,197.2452,4.0
Low Fat,FDX43,Fruits and Vegetables,2011.0,OUT010,Tier 3,Medium,Grocery Store,0.142733,5.655,167.95,4.0
Low Fat,FDP19,Fruits and Vegetables,2011.0,OUT010,Tier 3,Medium,Grocery Store,0.29043,11.5,130.6652,4.0
Low Fat,NCC54,Health and Hygiene,2011.0,OUT010,Tier 3,Medium,Grocery Store,0.163548,17.75,239.3196,4.0
Low Fat,NCX53,Health and Hygiene,2011.0,OUT010,Tier 3,Medium,Grocery Store,0.025003,20.1,140.4154,4.0
Low Fat,NCQ30,Household,2011.0,OUT010,Tier 3,Medium,Grocery Store,0.048661,7.725,123.7414,4.0
Low Fat,NCA29,Household,2011.0,OUT010,Tier 3,Medium,Grocery Store,0.045655,10.5,169.8106,4.0
Low Fat,NCN26,Household,2011.0,OUT010,Tier 3,Medium,Grocery Store,0.048004,10.85,117.5808,4.0
Low Fat,NCJ18,Household,2011.0,OUT010,Tier 3,Medium,Grocery Store,0.274405,12.35,117.1124,4.0
Low Fat,FDF58,Snack Foods,2011.0,OUT010,Tier 3,Medium,Grocery Store,0.0,13.3,62.151,4.0
Low Fat,FDV24,Baking Goods,2011.0,OUT010,Tier 3,Medium,Grocery Store,0.172857,5.635,148.205,4.0
Low Fat,FDX23,Baking Goods,2011.0,OUT010,Tier 3,Medium,Grocery Store,0.049698,6.445,95.0436,4.0
Low Fat,FDJ48,Baking Goods,2011.0,OUT010,Tier 3,Medium,Grocery Store,0.09446,11.3,245.3118,4.0
Low Fat,FDE24,Baking Goods,2011.0,OUT010,Tier 3,Medium,Grocery Store,0.156437,14.85,142.0812,4.0
Low Fat,FDL36,Baking Goods,2011.0,OUT010,Tier 3,Medium,Grocery Store,0.127335,15.1,88.283,4.0
Low Fat,FDS48,Baking Goods,2011.0,OUT010,Tier 3,Medium,Grocery Store,0.046497,15.15,149.6708,4.0
Low Fat,FDV36,Baking Goods,2011.0,OUT010,Tier 3,Medium,Grocery Store,0.044024,18.7,125.902,4.0
Low Fat,FDU48,Baking Goods,2011.0,OUT010,Tier 3,Medium,Grocery Store,0.092659,18.85,131.4284,4.0
Low Fat,FDM13,Breakfast,2011.0,OUT010,Tier 3,Medium,Grocery Store,0.105743,6.425,130.5626,4.0
Low Fat,FDO37,Breakfast,2011.0,OUT010,Tier 3,Medium,Grocery Store,0.03578,8.06,230.2326,4.0
Low Fat,DRE27,Dairy,2011.0,OUT010,Tier 3,Medium,Grocery Store,0.222063,11.85,99.6726,4.0
Low Fat,DRG03,Dairy,2011.0,OUT010,Tier 3,Medium,Grocery Store,0.103753,14.5,155.2018,4.0
Low Fat,DRH03,Dairy,2011.0,OUT010,Tier 3,Medium,Grocery Store,0.05869,17.25,91.612,4.0
Low Fat,FDX50,Dairy,2011.0,OUT010,Tier 3,Medium,Grocery Store,0.124911,20.1,109.6228,4.0
Low Fat,FDK28,Frozen Foods,2011.0,OUT010,Tier 3,Medium,Grocery Store,0.109784,5.695,256.0646,4.0
Low Fat,FDK40,Frozen Foods,2011.0,OUT010,Tier 3,Medium,Grocery Store,0.0,7.035,263.291,4.0
Low Fat,FDD17,Frozen Foods,2011.0,OUT010,Tier 3,Medium,Grocery Store,0.054611,7.5,237.1906,4.0
Low Fat,FDM28,Frozen Foods,2011.0,OUT010,Tier 3,Medium,Grocery Store,0.075662,15.7,181.366,4.0
Low Fat,FDO40,Frozen Foods,2011.0,OUT010,Tier 3,Medium,Grocery Store,0.054613,17.1,150.2392,4.0
Low Fat,FDX16,Frozen Foods,2011.0,OUT010,Tier 3,Medium,Grocery Store,0.110153,17.85,150.205,4.0
Low Fat,FDQ56,Fruits and Vegetables,2011.0,OUT010,Tier 3,Medium,Grocery Store,0.176748,6.59,82.7908,4.0
Low Fat,FDY32,Fruits and Vegetables,2011.0,OUT010,Tier 3,Medium,Grocery Store,0.216323,7.605,165.021,4.0
Low Fat,FDK56,Fruits and Vegetables,2011.0,OUT010,Tier 3,Medium,Grocery Store,0.0,9.695,186.7898,4.0
Low Fat,FDM44,Fruits and Vegetables,2011.0,OUT010,Tier 3,Medium,Grocery Store,0.051971,12.5,103.699,4.0
Low Fat,FDG57,Fruits and Vegetables,2011.0,OUT010,Tier 3,Medium,Grocery Store,0.121013,14.7,49.4034,4.0
Low Fat,FDZ20,Fruits and Vegetables,2011.0,OUT010,Tier 3,Medium,Grocery Store,0.057423,16.1,253.7356,4.0
Low Fat,FDR07,Fruits and Vegetables,2011.0,OUT010,Tier 3,Medium,Grocery Store,0.130127,21.35,96.2094,4.0
Low Fat,DRI11,Hard Drinks,2011.0,OUT010,Tier 3,Medium,Grocery Store,0.057586,8.26,113.7834,4.0
Low Fat,DRM47,Hard Drinks,2011.0,OUT010,Tier 3,Medium,Grocery Store,0.073288,9.3,189.1846,4.0
Low Fat,DRJ11,Hard Drinks,2011.0,OUT010,Tier 3,Medium,Grocery Store,0.142425,9.5,189.9872,4.0
Low Fat,DRJ59,Hard Drinks,2011.0,OUT010,Tier 3,Medium,Grocery Store,0.032425,11.65,38.8164,4.0
Low Fat,DRL35,Hard Drinks,2011.0,OUT010,Tier 3,Medium,Grocery Store,0.0,15.7,43.377,4.0
Low Fat,NCU53,Health and Hygiene,2011.0,OUT010,Tier 3,Medium,Grocery Store,0.071558,5.485,165.7842,4.0
Low Fat,NCK29,Health and Hygiene,2011.0,OUT010,Tier 3,Medium,Grocery Store,0.210512,5.615,121.373,4.0
Low Fat,NCJ17,Health and Hygiene,2011.0,OUT010,Tier 3,Medium,Grocery Store,0.255348,7.68,84.4224,4.0
Low Fat,NCV53,Health and Hygiene,2011.0,OUT010,Tier 3,Medium,Grocery Store,0.03149,8.27,239.088,4.0
Low Fat,NCL29,Health and Hygiene,2011.0,OUT010,Tier 3,Medium,Grocery Store,0.190711,9.695,159.1604,4.0
Low Fat,NCV05,Health and Hygiene,2011.0,OUT010,Tier 3,Medium,Grocery Store,0.050563,10.1,153.3656,4.0
Low Fat,NCM29,Health and Hygiene,2011.0,OUT010,Tier 3,Medium,Grocery Store,0.029529,11.5,132.6626,4.0
Low Fat,NCZ17,Health and Hygiene,2011.0,OUT010,Tier 3,Medium,Grocery Store,0.132952,12.15,37.6506,4.0
Low Fat,NCO41,Health and Hygiene,2011.0,OUT010,Tier 3,Medium,Grocery Store,0.031549,12.5,99.0384,4.0
Low Fat,NCP17,Health and Hygiene,2011.0,OUT010,Tier 3,Medium,Grocery Store,0.0,19.35,65.3168,4.0
Low Fat,NCP05,Health and Hygiene,2011.0,OUT010,Tier 3,Medium,Grocery Store,0.042325,19.6,150.9024,4.0
Low Fat,NCJ43,Household,2011.0,OUT010,Tier 3,Medium,Grocery Store,0.045309,6.635,173.1396,4.0
Low Fat,NCE31,Household,2011.0,OUT010,Tier 3,Medium,Grocery Store,0.30939,7.67,33.2216,4.0
Low Fat,NCD43,Household,2011.0,OUT010,Tier 3,Medium,Grocery Store,0.026814,8.85,103.7964,4.0
Low Fat,NCO14,Household,2011.0,OUT010,Tier 3,Medium,Grocery Store,0.049618,9.6,44.2086,4.0
Low Fat,NCH54,Household,2011.0,OUT010,Tier 3,Medium,Grocery Store,0.121633,13.5,161.692,4.0
Low Fat,NCX18,Household,2011.0,OUT010,Tier 3,Medium,Grocery Store,0.014719,14.15,196.911,4.0
Low Fat,NCL06,Household,2011.0,OUT010,Tier 3,Medium,Grocery Store,0.120625,14.65,261.7594,4.0
Low Fat,NCN30,Household,2011.0,OUT010,Tier 3,Medium,Grocery Store,0.028443,16.35,98.141,4.0
Low Fat,NCQ54,Household,2011.0,OUT010,Tier 3,Medium,Grocery Store,0.020993,17.7,166.8474,4.0
Low Fat,NCF54,Household,2011.0,OUT010,Tier 3,Medium,Grocery Store,0.079299,18.0,170.5422,4.0
Low Fat,NCW42,Household,2011.0,OUT010,Tier 3,Medium,Grocery Store,0.097865,18.2,221.8456,4.0
Low Fat,NCA30,Household,2011.0,OUT010,Tier 3,Medium,Grocery Store,0.216478,19.0,190.1872,4.0
Low Fat,NCG43,Household,2011.0,OUT010,Tier 3,High,Grocery Store,0.124262,20.2,93.6462,4.0
Low Fat,NCR30,Household,2011.0,OUT010,Tier 3,High,Grocery Store,0.118828,20.6,75.0696,4.0
Low Fat,FDJ07,Meat,2011.0,OUT010,Tier 3,High,Grocery Store,0.024142,7.26,117.415,4.0
Low Fat,FDK15,Meat,2011.0,OUT010,Tier 3,High,Grocery Store,0.164725,10.8,98.4042,4.0
Low Fat,FDP39,Meat,2011.0,OUT010,Tier 3,High,Grocery Store,0.116203,12.65,53.5324,4.0
Low Fat,FDI19,Meat,2011.0,OUT010,Tier 3,High,Grocery Store,0.087605,15.1,242.2512,4.0
Low Fat,NCP55,Others,2011.0,OUT010,Tier 3,High,Grocery Store,0.0,14.65,56.4614,4.0
Low Fat,NCN14,Others,2011.0,OUT010,Tier 3,High,Grocery Store,0.153852,19.1,185.1608,4.0
Low Fat,FDF33,Seafood,2011.0,OUT010,Tier 3,High,Grocery Store,0.036046,7.97,107.5596,4.0
Low Fat,FDF22,Snack Foods,2011.0,OUT010,Tier 3,High,Grocery Store,0.095123,6.865,212.3218,4.0
Low Fat,FDX21,Snack Foods,2011.0,OUT010,Tier 3,High,Grocery Store,0.142216,7.05,108.7912,4.0
Low Fat,FDE34,Snack Foods,2011.0,OUT010,Tier 3,High,Grocery Store,0.180588,9.195,182.2634,4.0
Low Fat,FDI22,Snack Foods,2011.0,OUT010,Tier 3,High,Grocery Store,0.16104,12.6,210.2612,4.0
Low Fat,FDR21,Snack Foods,2011.0,OUT010,Tier 3,High,Grocery Store,0.112036,19.7,174.937,4.0
Low Fat,FDH10,Snack Foods,2011.0,OUT010,Tier 3,High,Grocery Store,0.082526,21.0,191.8478,4.0
Low Fat,FDW10,Snack Foods,2011.0,OUT010,Tier 3,High,Grocery Store,0.118298,21.2,175.037,4.0
Low Fat,DRG49,Soft Drinks,2011.0,OUT010,Tier 3,High,Grocery Store,0.112906,7.81,243.5486,4.0
Low Fat,DRE01,Soft Drinks,2011.0,OUT010,Tier 3,High,Grocery Store,0.279784,10.1,241.8512,4.0
Low Fat,DRI37,Soft Drinks,2011.0,OUT010,Tier 3,High,Grocery Store,0.180097,15.85,57.3904,4.0
Regular,FDY24,Baking Goods,2011.0,OUT010,Tier 3,High,Grocery Store,0.22344,4.88,52.2298,4.0
Regular,FDT24,Baking Goods,2011.0,OUT010,Tier 3,High,Grocery Store,0.31109,12.35,79.2328,4.0
Regular,FDU12,Baking Goods,2011.0,OUT010,Tier 3,High,Grocery Store,0.126792,15.5,262.1568,4.0
Regular,FDU60,Baking Goods,2011.0,OUT010,Tier 3,High,Grocery Store,0.100262,20.0,169.6132,4.0
Regular,FDQ47,Breads,2011.0,OUT010,Tier 3,High,Grocery Store,0.28151,7.155,33.8874,4.0
Regular,FDO11,Breads,2011.0,OUT010,Tier 3,High,Grocery Store,0.050657,8.0,249.9092,4.0
Regular,FDM25,Breakfast,2011.0,OUT010,Tier 3,High,Grocery Store,0.101542,10.695,173.7712,4.0
Regular,FDN49,Breakfast,2011.0,OUT010,Tier 3,High,Grocery Store,0.2096,17.25,40.348,4.0
Regular,FDI38,Canned,2011.0,OUT010,Tier 3,High,Grocery Store,0.024482,13.35,205.7638,4.0
Regular,FDC14,Canned,2011.0,OUT010,Tier 3,High,Grocery Store,0.069042,14.5,41.4454,4.0
Regular,FDH14,Canned,2011.0,OUT010,Tier 3,High,Grocery Store,0.078348,17.1,141.8838,4.0
Regular,FDV01,Canned,2011.0,OUT010,Tier 3,High,Grocery Store,0.14219,19.2,153.8314,4.0
Regular,FDZ26,Dairy,2011.0,OUT010,Tier 3,High,Grocery Store,0.241056,11.6,238.5222,4.0
Regular,FDB40,Dairy,2011.0,OUT010,Tier 3,High,Grocery Store,0.01262,17.5,144.8102,4.0
Regular,FDY26,Dairy,2011.0,OUT010,Tier 3,High,Grocery Store,0.051068,20.6,213.0244,4.0
Regular,FDE28,Frozen Foods,2011.0,OUT010,Tier 3,High,Grocery Store,0.221856,9.5,231.8668,4.0
Regular,FDW40,Frozen Foods,2011.0,OUT010,Tier 3,High,Grocery Store,0.175992,14.0,140.7812,4.0
Regular,FDB41,Frozen Foods,2011.0,OUT010,Tier 3,High,Grocery Store,0.162882,19.0,46.8718,4.0
Regular,FDH53,Frozen Foods,2011.0,OUT010,Tier 3,High,Grocery Store,0.032136,20.5,83.9592,4.0
Regular,FDN08,Fruits and Vegetables,2011.0,OUT010,Tier 3,High,Grocery Store,0.147904,7.72,116.6466,4.0
Regular,FDW44,Fruits and Vegetables,2011.0,OUT010,Tier 3,High,Grocery Store,0.058836,9.5,170.2448,4.0
Regular,FDM08,Fruits and Vegetables,2011.0,OUT010,Tier 3,High,Grocery Store,0.089689,10.1,225.5088,4.0
Regular,FDZ08,Fruits and Vegetables,2011.0,OUT010,Tier 3,High,Grocery Store,0.0,12.5,80.8592,4.0
Regular,FDS19,Fruits and Vegetables,2011.0,OUT010,Tier 3,High,Grocery Store,0.10747,13.8,77.8012,4.0
Regular,FDC21,Fruits and Vegetables,2011.0,OUT010,Tier 3,High,Grocery Store,0.071904,14.6,106.8254,4.0
Regular,FDZ07,Fruits and Vegetables,2011.0,OUT010,Tier 3,High,Grocery Store,0.157155,15.1,62.2194,4.0
Regular,FDD56,Fruits and Vegetables,2011.0,OUT010,Tier 3,High,Grocery Store,0.173704,15.2,175.8054,4.0
Regular,FDL32,Fruits and Vegetables,2011.0,OUT010,Tier 3,High,Grocery Store,0.204985,15.7,111.0544,4.0
Regular,FDT56,Fruits and Vegetables,2011.0,OUT010,Tier 3,High,Grocery Store,0.193478,16.0,55.9246,4.0
Regular,FDY56,Fruits and Vegetables,2011.0,OUT010,Tier 3,High,Grocery Store,0.104464,16.35,227.1062,4.0
Regular,FDP44,Fruits and Vegetables,2011.0,OUT010,Tier 3,High,Grocery Store,0.133424,16.5,102.2332,4.0
Regular,FDW32,Fruits and Vegetables,2011.0,OUT010,Tier 3,High,Grocery Store,0.157834,18.35,87.5882,4.0
Regular,FDR20,Fruits and Vegetables,2011.0,OUT010,Tier 3,High,Grocery Store,0.0,20.0,46.4744,4.0
Regular,FDX31,Fruits and Vegetables,2011.0,OUT010,Tier 3,High,Grocery Store,0.024815,20.35,234.0958,4.0
Regular,FDJ20,Fruits and Vegetables,2011.0,OUT010,Tier 3,High,Grocery Store,0.167672,20.7,124.2388,4.0
Regular,FDP03,Meat,2011.0,OUT010,Tier 3,High,Grocery Store,0.102398,5.15,122.1388,4.0
Regular,FDY39,Meat,2011.0,OUT010,Tier 3,High,Grocery Store,0.078716,5.305,183.5608,4.0
Regular,FDT51,Meat,2011.0,OUT010,Tier 3,High,Grocery Store,0.018276,11.65,110.8544,4.0
Regular,FDX39,Meat,2011.0,OUT010,Tier 3,High,Grocery Store,0.083148,14.3,210.1586,4.0
Regular,FDQ51,Meat,2011.0,OUT010,Tier 3,High,Grocery Store,0.029377,16.0,46.1718,4.0
Regular,FDU27,Meat,2011.0,OUT010,Tier 3,High,Grocery Store,0.287017,18.6,48.8376,4.0
Regular,FDJ57,Seafood,2011.0,OUT010,Tier 3,High,Grocery Store,0.03611,7.42,186.5582,4.0
Regular,FDS45,Snack Foods,2011.0,OUT010,Tier 3,High,Grocery Store,0.04937,5.175,106.7622,4.0
Regular,FDF34,Snack Foods,2011.0,OUT010,Tier 3,High,Grocery Store,0.023466,9.3,197.6084,4.0
Regular,FDG58,Snack Foods,2011.0,OUT010,Tier 3,High,Grocery Store,0.145254,10.695,156.8972,4.0
Regular,FDG34,Snack Foods,2011.0,OUT010,Tier 3,High,Grocery Store,0.062885,11.5,106.7254,4.0
Regular,FDW09,Snack Foods,2011.0,OUT010,Tier 3,High,Grocery Store,0.043386,13.65,80.2302,4.0
Regular,FDT10,Snack Foods,2011.0,OUT010,Tier 3,Small,Grocery Store,0.10385,16.7,58.8562,4.0
Regular,DRA59,Soft Drinks,2011.0,OUT010,Tier 3,Small,Grocery Store,0.214125,8.27,183.9924,4.0
Regular,DRA24,Soft Drinks,2011.0,OUT010,Tier 3,Small,Grocery Store,0.066832,19.35,163.8868,4.0
Regular,DRL01,Soft Drinks,2011.0,OUT010,Tier 3,Small,Grocery Store,0.129171,19.5,233.9958,4.0
Regular,FDD47,Starchy Foods,2011.0,OUT010,Tier 3,Small,Grocery Store,0.238366,7.6,171.8448,4.0
Regular,FDH47,Starchy Foods,2011.0,OUT010,Tier 3,Small,Grocery Store,0.215612,13.5,98.6068,4.0
Low Fat,DRK59,Hard Drinks,2011.0,OUT010,Tier 3,Small,Grocery Store,0.126288,8.895,235.5616,4.0
Low Fat,NCX54,Household,2011.0,OUT010,Tier 3,Small,Grocery Store,0.080442,9.195,107.7622,4.0
Low Fat,NCI31,Others,2011.0,OUT010,Tier 3,Small,Grocery Store,0.136125,20.0,38.319,4.0
Regular,FDM12,Baking Goods,2011.0,OUT010,Tier 3,Small,Grocery Store,0.117027,16.7,189.2214,4.0
Regular,FDL14,Canned,2011.0,OUT010,Tier 3,Small,Grocery Store,0.053827,8.115,155.2972,4.0
Regular,FDL52,Frozen Foods,2011.0,OUT010,Tier 3,Small,Grocery Store,0.077146,6.635,39.8506,4.0
Regular,FDF56,Fruits and Vegetables,2011.0,OUT010,Tier 3,Small,Grocery Store,0.199955,16.7,182.3976,4.0
Regular,FDT39,Meat,2011.0,OUT010,Tier 3,Small,Grocery Store,0.016517,6.26,151.1366,4.0
Regular,FDC59,Starchy Foods,2011.0,OUT010,Tier 3,Small,Grocery Store,0.091438,16.7,64.3168,4.0
Low Fat,FDK14,Canned,2014.0,OUT013,Tier 3,High,Supermarket Type1,0.041072,6.98,82.5934,4.0
Low Fat,FDD02,Canned,2014.0,OUT013,Tier 3,High,Supermarket Type1,0.0,16.6,117.3124,4.0
Low Fat,FDC17,Frozen Foods,2014.0,OUT013,Tier 3,High,Supermarket Type1,0.015448,12.15,211.2928,4.0
Low Fat,FDQ16,Frozen Foods,2014.0,OUT013,Tier 3,High,Supermarket Type1,0.041704,19.7,109.1912,4.0
Low Fat,FDA19,Fruits and Vegetables,2014.0,OUT013,Tier 3,High,Supermarket Type1,0.055082,7.52,128.8994,4.0
Low Fat,NCT41,Health and Hygiene,2014.0,OUT013,Tier 3,High,Supermarket Type1,0.055944,15.7,150.6024,4.0
Low Fat,NCM30,Household,2014.0,OUT013,Tier 3,High,Supermarket Type1,0.067239,19.1,39.6796,4.0
Low Fat,NCQ43,Others,2014.0,OUT013,Tier 3,High,Supermarket Type1,0.111209,17.75,107.7912,4.0
Low Fat,NCM26,Others,2014.0,OUT013,Tier 3,High,Supermarket Type1,0.023124,20.5,154.634,4.0
Low Fat,FDW24,Baking Goods,2014.0,OUT013,Tier 3,High,Supermarket Type1,0.037466,6.8,47.5034,4.0
Low Fat,FDY59,Baking Goods,2014.0,OUT013,Tier 3,High,Supermarket Type1,0.031377,8.195,93.6462,4.0
Low Fat,FDS12,Baking Goods,2014.0,OUT013,Tier 3,High,Supermarket Type1,0.173974,9.1,126.5362,4.0
Low Fat,FDZ12,Baking Goods,2014.0,OUT013,Tier 3,High,Supermarket Type1,0.102893,9.17,141.947,4.0
Low Fat,FDA23,Baking Goods,2014.0,OUT013,Tier 3,High,Supermarket Type1,0.047148,9.8,102.4016,4.0
Low Fat,FDI24,Baking Goods,2014.0,OUT013,Tier 3,High,Supermarket Type1,0.078678,10.3,177.037,4.0
Low Fat,FDT36,Baking Goods,2014.0,OUT013,Tier 3,High,Supermarket Type1,0.0,12.3,37.2874,4.0
Low Fat,FDC37,Baking Goods,2014.0,OUT013,Tier 3,High,Supermarket Type1,0.032846,15.5,106.7938,4.0
Low Fat,FDO12,Baking Goods,2014.0,OUT013,Tier 3,High,Supermarket Type1,0.054885,15.75,195.3452,4.0
Low Fat,FDP60,Baking Goods,2014.0,OUT013,Tier 3,High,Supermarket Type1,0.0,17.35,101.9016,4.0
Low Fat,FDW48,Baking Goods,2014.0,OUT013,Tier 3,High,Supermarket Type1,0.008534,18.0,78.5618,4.0
Low Fat,FDO60,Baking Goods,2014.0,OUT013,Tier 3,High,Supermarket Type1,0.034341,20.0,45.4086,4.0
Low Fat,FDS60,Baking Goods,2014.0,OUT013,Tier 3,High,Supermarket Type1,0.032422,20.85,181.666,4.0
Low Fat,FDQ23,Breads,2014.0,OUT013,Tier 3,High,Supermarket Type1,0.024505,6.55,102.9332,4.0
Low Fat,FDX59,Breads,2014.0,OUT013,Tier 3,High,Supermarket Type1,0.051618,10.195,31.9558,4.0
Low Fat,FDR35,Breads,2014.0,OUT013,Tier 3,High,Supermarket Type1,0.02068,12.5,197.2742,4.0
Low Fat,FDR23,Breads,2014.0,OUT013,Tier 3,High,Supermarket Type1,0.081719,15.85,178.037,4.0
Low Fat,FDO23,Breads,2014.0,OUT013,Tier 3,High,Supermarket Type1,0.146305,17.85,94.1436,4.0
Low Fat,FDM13,Breakfast,2014.0,OUT013,Tier 3,High,Supermarket Type1,0.063123,6.425,131.3626,4.0
Low Fat,FDQ37,Breakfast,2014.0,OUT013,Tier 3,High,Supermarket Type1,0.089186,20.75,193.3478,4.0
Low Fat,FDK50,Canned,2014.0,OUT013,Tier 3,High,Supermarket Type1,0.02834,7.96,162.4894,4.0
Low Fat,FDS49,Canned,2014.0,OUT013,Tier 3,High,Supermarket Type1,0.079279,9.0,77.2644,4.0
Low Fat,FDE26,Canned,2014.0,OUT013,Tier 3,High,Supermarket Type1,0.088932,9.3,143.3786,4.0
Low Fat,FDQ13,Canned,2014.0,OUT013,Tier 3,High,Supermarket Type1,0.010633,11.1,82.5908,4.0
Low Fat,FDY13,Canned,2014.0,OUT013,Tier 3,High,Supermarket Type1,0.030102,12.1,74.767,4.0
Low Fat,FDC38,Canned,2014.0,OUT013,Tier 3,High,Supermarket Type1,0.122392,15.7,133.1942,4.0
Low Fat,FDX37,Canned,2014.0,OUT013,Tier 3,High,Supermarket Type1,0.0,16.2,100.57,4.0
Low Fat,FDO50,Canned,2014.0,OUT013,Tier 3,High,Supermarket Type1,0.078104,16.25,91.1804,4.0
Low Fat,FDG26,Canned,2014.0,OUT013,Tier 3,High,Supermarket Type1,0.042614,18.85,255.333,4.0
Low Fat,DRI03,Dairy,2014.0,OUT013,Tier 3,High,Supermarket Type1,0.022685,6.03,178.1028,4.0
Low Fat,DRG15,Dairy,2014.0,OUT013,Tier 3,High,Supermarket Type1,0.0,6.13,60.1536,4.0
Low Fat,FDS14,Dairy,2014.0,OUT013,Tier 3,High,Supermarket Type1,0.049922,7.285,156.9288,4.0
Low Fat,FDB16,Dairy,2014.0,OUT013,Tier 3,High,Supermarket Type1,0.044888,8.21,87.3198,4.0
Low Fat,FDA15,Dairy,2014.0,OUT013,Tier 3,High,Supermarket Type1,0.016009,9.3,250.6092,4.0
Low Fat,FDY14,Dairy,2014.0,OUT013,Tier 3,High,Supermarket Type1,0.069982,10.3,263.0226,4.0
Low Fat,FDR14,Dairy,2014.0,OUT013,Tier 3,High,Supermarket Type1,0.173904,11.65,52.3298,4.0
Low Fat,FDW50,Dairy,2014.0,OUT013,Tier 3,High,Supermarket Type1,0.075515,13.1,167.2158,4.0
Low Fat,FDX02,Dairy,2014.0,OUT013,Tier 3,High,Supermarket Type1,0.057013,16.0,225.0404,4.0
Low Fat,FDX26,Dairy,2014.0,OUT013,Tier 3,High,Supermarket Type1,0.0,17.7,182.5292,4.0
Low Fat,FDK51,Dairy,2014.0,OUT013,Tier 3,High,Supermarket Type1,0.005231,19.85,265.1884,4.0
Low Fat,FDV14,Dairy,2014.0,OUT013,Tier 3,High,Supermarket Type1,0.04446,19.85,88.7856,4.0
Low Fat,FDR26,Dairy,2014.0,OUT013,Tier 3,High,Supermarket Type1,0.042801,20.7,178.3028,4.0
Low Fat,FDO28,Frozen Foods,2014.0,OUT013,Tier 3,High,Supermarket Type1,0.072238,5.765,120.0098,4.0
Low Fat,FDN40,Frozen Foods,2014.0,OUT013,Tier 3,High,Supermarket Type1,0.086385,5.88,153.2998,4.0
Low Fat,FDR04,Frozen Foods,2014.0,OUT013,Tier 3,High,Supermarket Type1,0.022548,7.075,95.7068,4.0
Low Fat,FDF16,Frozen Foods,2014.0,OUT013,Tier 3,High,Supermarket Type1,0.086061,7.3,149.8076,4.0
Low Fat,FDD17,Frozen Foods,2014.0,OUT013,Tier 3,High,Supermarket Type1,0.0326,7.5,238.1906,4.0
Low Fat,FDC53,Frozen Foods,2014.0,OUT013,Tier 3,High,Supermarket Type1,0.008828,8.68,99.9384,4.0
Low Fat,FDK16,Frozen Foods,2014.0,OUT013,Tier 3,High,Supermarket Type1,0.115234,9.065,94.4094,4.0
Low Fat,FDL16,Frozen Foods,2014.0,OUT013,Tier 3,High,Supermarket Type1,0.168313,12.85,45.906,4.0
Low Fat,FDX40,Frozen Foods,2014.0,OUT013,Tier 3,High,Supermarket Type1,0.098911,12.85,37.6164,4.0
Low Fat,FDS40,Frozen Foods,2014.0,OUT013,Tier 3,High,Supermarket Type1,0.014008,15.35,38.319,4.0
Low Fat,FDF04,Frozen Foods,2014.0,OUT013,Tier 3,High,Supermarket Type1,0.0,17.5,258.3304,4.0
Low Fat,FDX16,Frozen Foods,2014.0,OUT013,Tier 3,High,Supermarket Type1,0.065755,17.85,151.505,4.0
Low Fat,FDF09,Fruits and Vegetables,2014.0,OUT013,Tier 3,High,Supermarket Type1,0.012139,6.215,39.2848,4.0
Low Fat,FDU32,Fruits and Vegetables,2014.0,OUT013,Tier 3,High,Supermarket Type1,0.0,8.785,120.5414,4.0
Low Fat,FDK56,Fruits and Vegetables,2014.0,OUT013,Tier 3,High,Supermarket Type1,0.12989,9.695,185.3898,4.0
Low Fat,FDP19,Fruits and Vegetables,2014.0,OUT013,Tier 3,High,Supermarket Type1,0.0,11.5,129.3652,4.0
Low Fat,FDY07,Fruits and Vegetables,2014.0,OUT013,Tier 3,High,Supermarket Type1,0.121501,11.8,46.8402,4.0
Low Fat,FDM44,Fruits and Vegetables,2014.0,OUT013,Tier 3,High,Supermarket Type1,0.031024,12.5,104.099,4.0
Low Fat,FDH32,Fruits and Vegetables,2014.0,OUT013,Tier 3,High,Supermarket Type1,0.075997,12.8,97.141,4.0
Low Fat,FDF20,Fruits and Vegetables,2014.0,OUT013,Tier 3,High,Supermarket Type1,0.033193,12.85,199.0768,4.0
Low Fat,FDD09,Fruits and Vegetables,2014.0,OUT013,Tier 3,High,Supermarket Type1,0.0,13.5,179.9976,4.0
Low Fat,FDC44,Fruits and Vegetables,2014.0,OUT013,Tier 3,High,Supermarket Type1,0.172453,15.6,115.1518,4.0
Low Fat,FDP07,Fruits and Vegetables,2014.0,OUT013,Tier 3,High,Supermarket Type1,0.089827,18.2,197.111,4.0
Low Fat,FDY19,Fruits and Vegetables,2014.0,OUT013,Tier 3,High,Supermarket Type1,0.041331,19.75,115.8466,4.0
Low Fat,FDM32,Fruits and Vegetables,2014.0,OUT013,Tier 3,High,Supermarket Type1,0.020588,20.5,89.583,4.0
Low Fat,DRN35,Hard Drinks,2014.0,OUT013,Tier 3,High,Supermarket Type1,0.070189,8.01,37.9532,4.0
Low Fat,DRQ35,Hard Drinks,2014.0,OUT013,Tier 3,High,Supermarket Type1,0.042256,9.3,124.4388,4.0
Low Fat,DRN47,Hard Drinks,2014.0,OUT013,Tier 3,High,Supermarket Type1,0.016813,12.1,180.666,4.0
Low Fat,DRP47,Hard Drinks,2014.0,OUT013,Tier 3,High,Supermarket Type1,0.140486,15.75,252.7382,4.0
Low Fat,DRM23,Hard Drinks,2014.0,OUT013,Tier 3,High,Supermarket Type1,0.13562,16.6,172.9422,4.0
Low Fat,NCO05,Health and Hygiene,2014.0,OUT013,Tier 3,High,Supermarket Type1,0.046521,7.27,97.7384,4.0
Low Fat,NCX29,Health and Hygiene,2014.0,OUT013,Tier 3,High,Supermarket Type1,0.089078,10.0,147.1102,4.0
Low Fat,NCO29,Health and Hygiene,2014.0,OUT013,Tier 3,High,Supermarket Type1,0.032229,11.15,163.2526,4.0
Low Fat,NCS05,Health and Hygiene,2014.0,OUT013,Tier 3,High,Supermarket Type1,0.020961,11.5,133.2942,4.0
Low Fat,NCW29,Health and Hygiene,2014.0,OUT013,Tier 3,High,Supermarket Type1,0.028839,14.0,129.331,4.0
Low Fat,NCV41,Health and Hygiene,2014.0,OUT013,Tier 3,High,Supermarket Type1,0.017025,14.35,109.8228,4.0
Low Fat,NCP53,Health and Hygiene,2014.0,OUT013,Tier 3,High,Supermarket Type1,0.032863,14.75,238.6906,4.0
Low Fat,NCD42,Health and Hygiene,2014.0,OUT013,Tier 3,High,Supermarket Type1,0.012627,16.5,38.7506,4.0
Low Fat,NCJ05,Health and Hygiene,2014.0,OUT013,Tier 3,High,Supermarket Type1,0.04605,18.7,151.9682,4.0
Low Fat,NCU41,Health and Hygiene,2014.0,OUT013,Tier 3,High,Supermarket Type1,0.052012,18.85,190.3846,4.0
Low Fat,NCL05,Health and Hygiene,2014.0,OUT013,Tier 3,High,Supermarket Type1,0.047858,19.6,45.077,4.0
Low Fat,NCX53,Health and Hygiene,2014.0,OUT013,Tier 3,High,Supermarket Type1,0.014925,20.1,143.4154,4.0
Low Fat,NCF55,Household,2014.0,OUT013,Tier 3,High,Supermarket Type1,0.021648,6.675,35.6874,4.0
Low Fat,NCS06,Household,2014.0,OUT013,Tier 3,High,Supermarket Type1,0.03171,7.935,263.091,4.0
Low Fat,NCP14,Household,2014.0,OUT013,Tier 3,High,Supermarket Type1,0.110198,8.275,104.2306,4.0
Low Fat,NCH43,Household,2014.0,OUT013,Tier 3,High,Supermarket Type1,0.07051,8.42,214.4192,4.0
Low Fat,NCT54,Household,2014.0,OUT013,Tier 3,High,Supermarket Type1,0.119436,8.695,94.7094,4.0
Low Fat,NCD43,Household,2014.0,OUT013,Tier 3,High,Supermarket Type1,0.016007,8.85,105.6964,4.0
Low Fat,NCE19,Household,2014.0,OUT013,Tier 3,High,Supermarket Type1,0.092937,8.97,54.6956,4.0
Low Fat,NCK18,Household,2014.0,OUT013,Tier 3,High,Supermarket Type1,0.006693,9.6,164.9184,4.0
Low Fat,NCJ54,Household,2014.0,OUT013,Tier 3,High,Supermarket Type1,0.060017,9.895,230.8642,4.0
Low Fat,NCE18,Household,2014.0,OUT013,Tier 3,High,Supermarket Type1,0.021408,10.0,248.175,4.0
Low Fat,NCZ42,Household,2014.0,OUT013,Tier 3,High,Supermarket Type1,0.011279,10.5,237.0248,4.0
Low Fat,NCQ06,Household,2014.0,OUT013,Tier 3,High,Supermarket Type1,0.04179,13.0,256.1014,4.0
Low Fat,NCW18,Household,2014.0,OUT013,Tier 3,High,Supermarket Type1,0.059275,15.1,238.9248,4.0
Low Fat,NCD18,Household,2014.0,OUT013,Tier 3,High,Supermarket Type1,0.072609,16.0,228.3668,4.0
Low Fat,NCG55,Household,2014.0,OUT013,Tier 3,High,Supermarket Type1,0.039114,16.25,116.0176,4.0
Low Fat,NCC30,Household,2014.0,OUT013,Tier 3,High,Supermarket Type1,0.027556,16.6,176.6344,4.0
Low Fat,NCI55,Household,2014.0,OUT013,Tier 3,High,Supermarket Type1,0.012643,18.6,119.8414,4.0
Low Fat,NCI42,Household,2014.0,OUT013,Tier 3,High,Supermarket Type1,0.010357,18.75,208.3954,4.0
Low Fat,NCA30,Household,2014.0,OUT013,Tier 3,High,Supermarket Type1,0.129226,19.0,190.5872,4.0
Low Fat,NCD30,Household,2014.0,OUT013,Tier 3,High,Supermarket Type1,0.026827,19.7,98.7726,4.0
Low Fat,NCG30,Household,2014.0,OUT013,Tier 3,High,Supermarket Type1,0.112228,20.2,123.5046,4.0
Low Fat,NCG43,Household,2014.0,OUT013,Tier 3,High,Supermarket Type1,0.074178,20.2,93.2462,4.0
Low Fat,NCI30,Household,2014.0,OUT013,Tier 3,High,Supermarket Type1,0.058886,20.25,245.546,4.0
Low Fat,NCN42,Household,2014.0,OUT013,Tier 3,High,Supermarket Type1,0.0,20.25,145.6418,4.0
Low Fat,NCY30,Household,2014.0,OUT013,Tier 3,High,Supermarket Type1,0.025932,20.25,182.5976,4.0
Low Fat,NCQ42,Household,2014.0,OUT013,Tier 3,High,Supermarket Type1,0.039236,20.35,127.2678,4.0
Low Fat,NCE54,Household,2014.0,OUT013,Tier 3,High,Supermarket Type1,0.026877,20.7,74.6354,4.0
Low Fat,NCD54,Household,2014.0,OUT013,Tier 3,High,Supermarket Type1,0.028985,21.1,146.1786,4.0
Low Fat,FDA39,Meat,2014.0,OUT013,Tier 3,High,Supermarket Type1,0.012707,6.32,41.0822,4.0
Low Fat,FDL43,Meat,2014.0,OUT013,Tier 3,High,Supermarket Type1,0.027042,10.1,77.567,4.0
Low Fat,FDV39,Meat,2014.0,OUT013,Tier 3,High,Supermarket Type1,0.007274,11.3,196.6426,4.0
Low Fat,FDI19,Meat,2014.0,OUT013,Tier 3,High,Supermarket Type1,0.052296,15.1,242.9512,4.0
Low Fat,FDH19,Meat,2014.0,OUT013,Tier 3,High,Supermarket Type1,0.033061,19.35,172.4738,4.0
Low Fat,NCM07,Others,2014.0,OUT013,Tier 3,High,Supermarket Type1,0.039929,9.395,83.2908,4.0
Low Fat,NCM43,Others,2014.0,OUT013,Tier 3,High,Supermarket Type1,0.019459,14.5,161.621,4.0
Low Fat,FDH21,Seafood,2014.0,OUT013,Tier 3,High,Supermarket Type1,0.031199,10.395,159.4604,4.0
Low Fat,FDL33,Snack Foods,2014.0,OUT013,Tier 3,High,Supermarket Type1,0.099879,7.235,195.1452,4.0
Low Fat,FDQ09,Snack Foods,2014.0,OUT013,Tier 3,High,Supermarket Type1,0.058084,7.235,113.6834,4.0
Low Fat,FDD58,Snack Foods,2014.0,OUT013,Tier 3,High,Supermarket Type1,0.059303,7.76,98.77,4.0
Low Fat,FDK21,Snack Foods,2014.0,OUT013,Tier 3,High,Supermarket Type1,0.010004,7.905,250.7408,4.0
Low Fat,FDA58,Snack Foods,2014.0,OUT013,Tier 3,High,Supermarket Type1,0.103665,9.395,233.6932,4.0
Low Fat,FDW34,Snack Foods,2014.0,OUT013,Tier 3,High,Supermarket Type1,0.03555,9.6,244.117,4.0
Low Fat,FDV09,Snack Foods,2014.0,OUT013,Tier 3,High,Supermarket Type1,0.020551,12.1,146.6734,4.0
Low Fat,FDU22,Snack Foods,2014.0,OUT013,Tier 3,High,Supermarket Type1,0.0,12.35,118.9124,4.0
Low Fat,FDA21,Snack Foods,2014.0,OUT013,Tier 3,High,Supermarket Type1,0.035931,13.65,184.4924,4.0
Low Fat,FDZ45,Snack Foods,2014.0,OUT013,Tier 3,High,Supermarket Type1,0.06682,14.1,198.9084,4.0
Low Fat,FDN09,Snack Foods,2014.0,OUT013,Tier 3,High,Supermarket Type1,0.034846,14.15,242.7828,4.0
Low Fat,FDY21,Snack Foods,2014.0,OUT013,Tier 3,High,Supermarket Type1,0.0,15.1,195.211,4.0
Low Fat,FDM33,Snack Foods,2014.0,OUT013,Tier 3,High,Supermarket Type1,0.087647,15.6,221.5798,4.0
Low Fat,FDL34,Snack Foods,2014.0,OUT013,Tier 3,High,Supermarket Type1,0.040912,16.0,141.2496,4.0
Low Fat,FDV45,Snack Foods,2014.0,OUT013,Tier 3,High,Supermarket Type1,0.04501,16.75,186.8556,4.0
Low Fat,FDX45,Snack Foods,2014.0,OUT013,Tier 3,High,Supermarket Type1,0.104769,16.75,155.163,4.0
Low Fat,FDZ10,Snack Foods,2014.0,OUT013,Tier 3,High,Supermarket Type1,0.044426,17.85,124.902,4.0
Low Fat,DRC25,Soft Drinks,2014.0,OUT013,Tier 3,High,Supermarket Type1,0.045334,5.73,87.0882,4.0
Low Fat,DRD12,Soft Drinks,2014.0,OUT013,Tier 3,High,Supermarket Type1,0.077129,6.96,92.7146,4.0
Low Fat,DRE48,Soft Drinks,2014.0,OUT013,Tier 3,High,Supermarket Type1,0.017311,8.43,197.8768,4.0
Low Fat,DRH13,Soft Drinks,2014.0,OUT013,Tier 3,High,Supermarket Type1,0.023866,8.575,107.128,4.0
Low Fat,DRK12,Soft Drinks,2014.0,OUT013,Tier 3,High,Supermarket Type1,0.041851,9.5,31.49,4.0
Low Fat,DRN37,Soft Drinks,2014.0,OUT013,Tier 3,High,Supermarket Type1,0.096217,9.6,168.5158,4.0
Low Fat,DRA12,Soft Drinks,2014.0,OUT013,Tier 3,High,Supermarket Type1,0.040912,11.6,142.3154,4.0
Low Fat,DRB25,Soft Drinks,2014.0,OUT013,Tier 3,High,Supermarket Type1,0.069402,12.3,107.9938,4.0
Low Fat,DRD13,Soft Drinks,2014.0,OUT013,Tier 3,High,Supermarket Type1,0.049039,15.0,65.4168,4.0
Low Fat,DRM37,Soft Drinks,2014.0,OUT013,Tier 3,High,Supermarket Type1,0.096318,15.35,197.3768,4.0
Low Fat,DRD60,Soft Drinks,2014.0,OUT013,Tier 3,High,Supermarket Type1,0.037201,15.7,181.7634,4.0
Low Fat,DRI25,Soft Drinks,2014.0,OUT013,Tier 3,High,Supermarket Type1,0.033873,19.6,56.1614,4.0
Low Fat,DRE49,Soft Drinks,2014.0,OUT013,Tier 3,High,Supermarket Type1,0.021232,20.75,151.1024,4.0
Low Fat,FDC35,Starchy Foods,2014.0,OUT013,Tier 3,High,Supermarket Type1,0.122735,7.435,205.2638,4.0
Low Fat,FDA34,Starchy Foods,2014.0,OUT013,Tier 3,High,Supermarket Type1,0.014848,11.5,172.108,4.0
Low Fat,FDG47,Starchy Foods,2014.0,OUT013,Tier 3,High,Supermarket Type1,0.069561,12.8,263.0252,4.0
Low Fat,FDD11,Starchy Foods,2014.0,OUT013,Tier 3,High,Supermarket Type1,0.030591,12.85,251.404,4.0
Low Fat,FDH35,Starchy Foods,2014.0,OUT013,Tier 3,High,Supermarket Type1,0.060198,18.25,162.9526,4.0
Low Fat,FDC11,Starchy Foods,2014.0,OUT013,Tier 3,High,Supermarket Type1,0.141675,20.5,90.7172,4.0
Low Fat,FDF47,Starchy Foods,2014.0,OUT013,Tier 3,High,Supermarket Type1,0.097537,20.85,225.3746,4.0
Regular,FDI60,Baking Goods,2014.0,OUT013,Tier 3,High,Supermarket Type1,0.038289,7.22,64.751,4.0
Regular,FDM60,Baking Goods,2014.0,OUT013,Tier 3,High,Supermarket Type1,0.0,10.8,39.3138,4.0
Regular,FDO48,Baking Goods,2014.0,OUT013,Tier 3,High,Supermarket Type1,0.026818,15.0,219.7456,4.0
Regular,FDV12,Baking Goods,2014.0,OUT013,Tier 3,High,Supermarket Type1,0.060824,16.7,98.7384,4.0
Regular,FDZ23,Baking Goods,2014.0,OUT013,Tier 3,High,Supermarket Type1,0.067447,17.75,184.724,4.0
Regular,FDJ60,Baking Goods,2014.0,OUT013,Tier 3,High,Supermarket Type1,0.062476,19.35,164.5184,4.0
Regular,FDQ59,Breads,2014.0,OUT013,Tier 3,High,Supermarket Type1,0.05634,9.8,84.2908,4.0
Regular,FDP49,Breakfast,2014.0,OUT013,Tier 3,High,Supermarket Type1,0.069031,9.0,55.0614,4.0
Regular,FDR37,Breakfast,2014.0,OUT013,Tier 3,High,Supermarket Type1,0.066194,16.5,184.4292,4.0
Regular,FDR01,Canned,2014.0,OUT013,Tier 3,High,Supermarket Type1,0.053577,5.405,200.5742,4.0
Regular,FDM38,Canned,2014.0,OUT013,Tier 3,High,Supermarket Type1,0.092694,5.885,53.6982,4.0
Regular,FDN38,Canned,2014.0,OUT013,Tier 3,High,Supermarket Type1,0.091895,6.615,248.6408,4.0
Regular,FDZ01,Canned,2014.0,OUT013,Tier 3,High,Supermarket Type1,0.009051,8.975,103.099,4.0
Regular,FDU37,Canned,2014.0,OUT013,Tier 3,High,Supermarket Type1,0.104421,9.5,80.196,4.0
Regular,FDB02,Canned,2014.0,OUT013,Tier 3,High,Supermarket Type1,0.02914,9.695,176.337,4.0
Regular,FDF38,Canned,2014.0,OUT013,Tier 3,High,Supermarket Type1,0.026336,11.8,40.6138,4.0
Regular,FDM50,Canned,2014.0,OUT013,Tier 3,High,Supermarket Type1,0.030064,13.0,58.022,4.0
Regular,FDE14,Canned,2014.0,OUT013,Tier 3,High,Supermarket Type1,0.031419,13.65,99.27,4.0
Regular,FDC14,Canned,2014.0,OUT013,Tier 3,High,Supermarket Type1,0.041215,14.5,42.0454,4.0
Regular,FDY37,Canned,2014.0,OUT013,Tier 3,High,Supermarket Type1,0.026547,17.0,142.147,4.0
Regular,FDH26,Canned,2014.0,OUT013,Tier 3,High,Supermarket Type1,0.034671,19.25,141.8496,4.0
Regular,FDW02,Dairy,2014.0,OUT013,Tier 3,High,Supermarket Type1,0.037668,4.805,126.7704,4.0
Regular,FDA26,Dairy,2014.0,OUT013,Tier 3,High,Supermarket Type1,0.073859,7.855,218.6482,4.0
Regular,FDC03,Dairy,2014.0,OUT013,Tier 3,High,Supermarket Type1,0.071787,8.575,193.3794,4.0
Regular,FDT14,Dairy,2014.0,OUT013,Tier 3,High,Supermarket Type1,0.127621,10.695,119.244,4.0
Regular,FDB04,Dairy,2014.0,OUT013,Tier 3,High,Supermarket Type1,0.063174,11.35,86.1856,4.0
Regular,FDW26,Dairy,2014.0,OUT013,Tier 3,High,Supermarket Type1,0.106968,11.8,221.6772,4.0
Regular,FDD52,Dairy,2014.0,OUT013,Tier 3,High,Supermarket Type1,0.183142,18.25,110.357,4.0
Regular,FDV26,Dairy,2014.0,OUT013,Tier 3,High,Supermarket Type1,0.076097,20.25,193.5794,4.0
Regular,FDD41,Frozen Foods,2014.0,OUT013,Tier 3,High,Supermarket Type1,0.087187,6.765,105.5306,4.0
Regular,FDY28,Frozen Foods,2014.0,OUT013,Tier 3,High,Supermarket Type1,0.152024,7.47,211.8218,4.0
Regular,FDR40,Frozen Foods,2014.0,OUT013,Tier 3,High,Supermarket Type1,0.008028,9.1,81.1618,4.0
Regular,FDL28,Frozen Foods,2014.0,OUT013,Tier 3,High,Supermarket Type1,0.063122,10.0,231.7668,4.0
Regular,FDO52,Frozen Foods,2014.0,OUT013,Tier 3,High,Supermarket Type1,0.0771,11.6,172.4106,4.0
Regular,FDJ40,Frozen Foods,2014.0,OUT013,Tier 3,High,Supermarket Type1,0.049548,13.6,108.6912,4.0
Regular,FDI16,Frozen Foods,2014.0,OUT013,Tier 3,High,Supermarket Type1,0.135663,14.0,52.064,4.0
Regular,FDF29,Frozen Foods,2014.0,OUT013,Tier 3,High,Supermarket Type1,0.019918,15.1,129.431,4.0
Regular,FDY40,Frozen Foods,2014.0,OUT013,Tier 3,High,Supermarket Type1,0.085764,15.5,49.0692,4.0
Regular,FDV28,Frozen Foods,2014.0,OUT013,Tier 3,High,Supermarket Type1,0.159595,16.1,32.8558,4.0
Regular,FDW16,Frozen Foods,2014.0,OUT013,Tier 3,High,Supermarket Type1,0.04144,17.35,93.7804,4.0
Regular,FDR31,Fruits and Vegetables,2014.0,OUT013,Tier 3,High,Supermarket Type1,0.049122,6.46,144.6102,4.0
Regular,FDQ19,Fruits and Vegetables,2014.0,OUT013,Tier 3,High,Supermarket Type1,0.014353,7.35,242.6512,4.0
Regular,FDT19,Fruits and Vegetables,2014.0,OUT013,Tier 3,High,Supermarket Type1,0.14492,7.59,174.708,4.0
Regular,FDV44,Fruits and Vegetables,2014.0,OUT013,Tier 3,High,Supermarket Type1,0.039811,8.365,191.3188,4.0
Regular,FDW44,Fruits and Vegetables,2014.0,OUT013,Tier 3,High,Supermarket Type1,0.035122,9.5,168.6448,4.0
Regular,FDH56,Fruits and Vegetables,2014.0,OUT013,Tier 3,High,Supermarket Type1,0.063764,9.8,113.8492,4.0
Regular,FDM08,Fruits and Vegetables,2014.0,OUT013,Tier 3,High,Supermarket Type1,0.0,10.1,225.1088,4.0
Regular,FDR55,Fruits and Vegetables,2014.0,OUT013,Tier 3,High,Supermarket Type1,0.131974,12.15,187.9872,4.0
Regular,FDT55,Fruits and Vegetables,2014.0,OUT013,Tier 3,High,Supermarket Type1,0.043619,13.6,156.7946,4.0
Regular,FDC09,Fruits and Vegetables,2014.0,OUT013,Tier 3,High,Supermarket Type1,0.02628,15.5,102.3332,4.0
Regular,FDY56,Fruits and Vegetables,2014.0,OUT013,Tier 3,High,Supermarket Type1,0.062359,16.35,224.0062,4.0
Regular,FDU20,Fruits and Vegetables,2014.0,OUT013,Tier 3,High,Supermarket Type1,0.02144,19.35,119.7098,4.0
Regular,FDC57,Fruits and Vegetables,2014.0,OUT013,Tier 3,High,Supermarket Type1,0.054549,20.1,193.782,4.0
Regular,FDP08,Fruits and Vegetables,2014.0,OUT013,Tier 3,High,Supermarket Type1,0.112317,20.5,193.9478,4.0
Regular,FDW03,Meat,2014.0,OUT013,Tier 3,High,Supermarket Type1,0.024521,5.63,102.8306,4.0
Regular,FDS15,Meat,2014.0,OUT013,Tier 3,High,Supermarket Type1,0.077996,9.195,107.1596,4.0
Regular,FDQ03,Meat,2014.0,OUT013,Tier 3,High,Supermarket Type1,0.077949,15.0,238.7248,4.0
Regular,FDX03,Meat,2014.0,OUT013,Tier 3,High,Supermarket Type1,0.061045,15.85,44.7744,4.0
Regular,FDL03,Meat,2014.0,OUT013,Tier 3,High,Supermarket Type1,0.027058,19.25,194.811,4.0
Regular,FDN33,Snack Foods,2014.0,OUT013,Tier 3,High,Supermarket Type1,0.123013,6.305,93.2436,4.0
Regular,FDU57,Snack Foods,2014.0,OUT013,Tier 3,High,Supermarket Type1,0.08948,8.27,148.6708,4.0
Regular,FDG46,Snack Foods,2014.0,OUT013,Tier 3,High,Supermarket Type1,0.032882,8.63,113.5518,4.0
Regular,FDM45,Snack Foods,2014.0,OUT013,Tier 3,High,Supermarket Type1,0.088121,8.655,119.7756,4.0
Regular,FDZ57,Snack Foods,2014.0,OUT013,Tier 3,High,Supermarket Type1,0.037733,10.0,128.2994,4.0
Regular,FDO21,Snack Foods,2014.0,OUT013,Tier 3,High,Supermarket Type1,0.009755,11.6,223.0404,4.0
Regular,FDW46,Snack Foods,2014.0,OUT013,Tier 3,High,Supermarket Type1,0.070243,13.0,65.7484,4.0
Regular,FDN58,Snack Foods,2014.0,OUT013,Tier 3,High,Supermarket Type1,0.056825,13.8,230.9984,4.0
Regular,FDL21,Snack Foods,2014.0,OUT013,Tier 3,High,Supermarket Type1,0.00714,15.85,40.848,4.0
Regular,FDS22,Snack Foods,2014.0,OUT013,Tier 3,High,Supermarket Type1,0.023135,16.85,44.8428,4.0
Regular,FDL09,Snack Foods,2014.0,OUT013,Tier 3,High,Supermarket Type1,0.12793,19.6,167.4816,4.0
Regular,FDS21,Snack Foods,2014.0,OUT013,Tier 3,High,Supermarket Type1,0.020859,19.85,62.8194,4.0
Low Fat,FDM39,Dairy,2014.0,OUT013,Tier 3,High,Supermarket Type1,0.053426,6.42,178.7002,4.0
Low Fat,FDD51,Dairy,2014.0,OUT013,Tier 3,High,Supermarket Type1,0.119853,11.15,44.9744,4.0
Low Fat,FDD39,Dairy,2014.0,OUT013,Tier 3,High,Supermarket Type1,0.070097,16.7,217.885,4.0
Low Fat,NCC43,Household,2014.0,OUT013,Tier 3,High,Supermarket Type1,0.092706,7.39,251.9066,4.0
Low Fat,FDD46,Snack Foods,2014.0,OUT013,Tier 3,High,Supermarket Type1,0.141138,6.035,155.0998,4.0
Low Fat,FDE47,Starchy Foods,2014.0,OUT013,Tier 3,High,Supermarket Type1,0.037877,14.15,124.0046,4.0
Regular,FDF10,Snack Foods,2014.0,OUT013,Tier 3,High,Supermarket Type1,0.156798,15.5,148.6418,4.0
Low Fat,FDO50,Canned,2022.0,OUT018,Tier 3,Medium,Supermarket Type2,0.0,16.25,90.2804,4.0
Low Fat,FDY50,Dairy,2022.0,OUT018,Tier 3,Medium,Supermarket Type2,0.131489,5.8,89.7172,4.0
Low Fat,DRI39,Dairy,2022.0,OUT018,Tier 3,Medium,Supermarket Type2,0.097457,13.8,55.393,4.0
Low Fat,FDR02,Dairy,2022.0,OUT018,Tier 3,Medium,Supermarket Type2,0.022156,16.7,109.5886,4.0
Low Fat,FDT40,Frozen Foods,2022.0,OUT018,Tier 3,Medium,Supermarket Type2,0.096186,5.985,127.1678,4.0
Low Fat,NCT05,Health and Hygiene,2022.0,OUT018,Tier 3,Medium,Supermarket Type2,0.021037,10.895,255.9672,4.0
Low Fat,NCQ06,Household,2022.0,OUT018,Tier 3,Medium,Supermarket Type2,0.041995,13.0,254.7014,4.0
Low Fat,NCF18,Household,2022.0,OUT018,Tier 3,Medium,Supermarket Type2,0.089345,18.35,191.9504,4.0
Low Fat,NCO55,Others,2022.0,OUT018,Tier 3,Medium,Supermarket Type2,0.091408,12.8,108.9938,4.0
Low Fat,FDJ45,Seafood,2022.0,OUT018,Tier 3,Medium,Supermarket Type2,0.07371,17.75,35.1216,4.0
Low Fat,FDP34,Snack Foods,2022.0,OUT018,Tier 3,Medium,Supermarket Type2,0.137787,12.85,157.763,4.0
Low Fat,DRD12,Soft Drinks,2022.0,OUT018,Tier 3,Medium,Supermarket Type2,0.077508,6.96,92.3146,4.0
Low Fat,DRN37,Soft Drinks,2022.0,OUT018,Tier 3,Medium,Supermarket Type2,0.09669,9.6,168.0158,4.0
Low Fat,FDV24,Baking Goods,2022.0,OUT018,Tier 3,Medium,Supermarket Type2,0.103693,5.635,149.905,4.0
Low Fat,FDU36,Baking Goods,2022.0,OUT018,Tier 3,Medium,Supermarket Type2,0.046459,6.15,100.5384,4.0
Low Fat,FDX23,Baking Goods,2022.0,OUT018,Tier 3,Medium,Supermarket Type2,0.029813,6.445,95.4436,4.0
Low Fat,FDA11,Baking Goods,2022.0,OUT018,Tier 3,Medium,Supermarket Type2,0.043415,7.75,93.1436,4.0
Low Fat,FDG24,Baking Goods,2022.0,OUT018,Tier 3,Medium,Supermarket Type2,0.014691,7.975,84.725,4.0
Low Fat,FDD48,Baking Goods,2022.0,OUT018,Tier 3,Medium,Supermarket Type2,0.030282,10.395,116.3176,4.0
Low Fat,FDT60,Baking Goods,2022.0,OUT018,Tier 3,Medium,Supermarket Type2,0.075856,12.0,124.5388,4.0
Low Fat,FDD36,Baking Goods,2022.0,OUT018,Tier 3,Medium,Supermarket Type2,0.02136,13.3,120.4124,4.0
Low Fat,FDY48,Baking Goods,2022.0,OUT018,Tier 3,Medium,Supermarket Type2,0.023832,14.0,103.1332,4.0
Low Fat,FDR60,Baking Goods,2022.0,OUT018,Tier 3,Medium,Supermarket Type2,0.130946,14.3,76.7328,4.0
Low Fat,FDX60,Baking Goods,2022.0,OUT018,Tier 3,Medium,Supermarket Type2,0.080922,14.35,80.096,4.0
Low Fat,FDQ24,Baking Goods,2022.0,OUT018,Tier 3,Medium,Supermarket Type2,0.073967,15.7,250.5724,4.0
Low Fat,FDX59,Breads,2022.0,OUT018,Tier 3,Medium,Supermarket Type2,0.051872,10.195,35.3558,4.0
Low Fat,FDV47,Breads,2022.0,OUT018,Tier 3,Medium,Supermarket Type2,0.054428,17.1,84.9566,4.0
Low Fat,FDH38,Canned,2022.0,OUT018,Tier 3,Medium,Supermarket Type2,0.010481,6.425,116.5808,4.0
Low Fat,FDS13,Canned,2022.0,OUT018,Tier 3,Medium,Supermarket Type2,0.0,6.465,263.1884,4.0
Low Fat,FDT49,Canned,2022.0,OUT018,Tier 3,Medium,Supermarket Type2,0.152022,7.0,106.628,4.0
Low Fat,FDG50,Canned,2022.0,OUT018,Tier 3,Medium,Supermarket Type2,0.015334,7.405,92.7146,4.0
Low Fat,FDT25,Canned,2022.0,OUT018,Tier 3,Medium,Supermarket Type2,0.050958,7.5,122.4072,4.0
Low Fat,FDX13,Canned,2022.0,OUT018,Tier 3,Medium,Supermarket Type2,0.047978,7.725,249.5092,4.0
Low Fat,FDK50,Canned,2022.0,OUT018,Tier 3,Medium,Supermarket Type2,0.028479,7.96,161.8894,4.0
Low Fat,FDR49,Canned,2022.0,OUT018,Tier 3,Medium,Supermarket Type2,0.139796,8.71,47.2376,4.0
Low Fat,FDS49,Canned,2022.0,OUT018,Tier 3,Medium,Supermarket Type2,0.079669,9.0,79.6644,4.0
Low Fat,FDI14,Canned,2022.0,OUT018,Tier 3,Medium,Supermarket Type2,0.090043,14.1,140.1496,4.0
Low Fat,FDP25,Canned,2022.0,OUT018,Tier 3,Medium,Supermarket Type2,0.021294,15.2,218.4824,4.0
Low Fat,FDA13,Canned,2022.0,OUT018,Tier 3,Medium,Supermarket Type2,0.078875,15.85,37.4506,4.0
Low Fat,FDL26,Canned,2022.0,OUT018,Tier 3,Medium,Supermarket Type2,0.073491,18.0,157.3972,4.0
Low Fat,FDD50,Canned,2022.0,OUT018,Tier 3,Medium,Supermarket Type2,0.142219,18.85,167.6132,4.0
Low Fat,DRI03,Dairy,2022.0,OUT018,Tier 3,Medium,Supermarket Type2,0.022796,6.03,178.1028,4.0
Low Fat,FDM39,Dairy,2022.0,OUT018,Tier 3,Medium,Supermarket Type2,0.053688,6.42,178.3002,4.0
Low Fat,FDC39,Dairy,2022.0,OUT018,Tier 3,Medium,Supermarket Type2,0.159844,7.405,206.6296,4.0
Low Fat,DRH15,Dairy,2022.0,OUT018,Tier 3,Medium,Supermarket Type2,0.110359,8.775,42.7428,4.0
Low Fat,DRE15,Dairy,2022.0,OUT018,Tier 3,Medium,Supermarket Type2,0.017858,13.35,77.5012,4.0
Low Fat,DRG03,Dairy,2022.0,OUT018,Tier 3,Medium,Supermarket Type2,0.062239,14.5,154.2998,4.0
Low Fat,FDD39,Dairy,2022.0,OUT018,Tier 3,Medium,Supermarket Type2,0.070441,16.7,216.885,4.0
Low Fat,FDC15,Dairy,2022.0,OUT018,Tier 3,Medium,Supermarket Type2,0.178694,18.1,158.9288,4.0
Low Fat,FDO16,Frozen Foods,2022.0,OUT018,Tier 3,Medium,Supermarket Type2,0.01517,5.48,82.225,4.0
Low Fat,FDU52,Frozen Foods,2022.0,OUT018,Tier 3,Medium,Supermarket Type2,0.064031,7.56,154.463,4.0
Low Fat,FDE16,Frozen Foods,2022.0,OUT018,Tier 3,Medium,Supermarket Type2,0.026451,8.895,210.3954,4.0
Low Fat,FDO04,Frozen Foods,2022.0,OUT018,Tier 3,Medium,Supermarket Type2,0.026645,16.6,53.5614,4.0
Low Fat,FDL40,Frozen Foods,2022.0,OUT018,Tier 3,Medium,Supermarket Type2,0.01166,17.7,96.541,4.0
Low Fat,FDJ04,Frozen Foods,2022.0,OUT018,Tier 3,Medium,Supermarket Type2,0.124959,18.0,116.5124,4.0
Low Fat,FDW28,Frozen Foods,2022.0,OUT018,Tier 3,Medium,Supermarket Type2,0.089186,18.25,194.3452,4.0
Low Fat,FDO32,Fruits and Vegetables,2022.0,OUT018,Tier 3,Medium,Supermarket Type2,0.121035,6.36,47.506,4.0
Low Fat,FDQ56,Fruits and Vegetables,2022.0,OUT018,Tier 3,Medium,Supermarket Type2,0.106027,6.59,83.9908,4.0
Low Fat,FDA20,Fruits and Vegetables,2022.0,OUT018,Tier 3,Medium,Supermarket Type2,0.066892,6.78,186.424,4.0
Low Fat,FDV08,Fruits and Vegetables,2022.0,OUT018,Tier 3,Medium,Supermarket Type2,0.028711,7.35,39.9454,4.0
Low Fat,FDP56,Fruits and Vegetables,2022.0,OUT018,Tier 3,Medium,Supermarket Type2,0.046673,8.185,48.4692,4.0
Low Fat,FDD08,Fruits and Vegetables,2022.0,OUT018,Tier 3,Medium,Supermarket Type2,0.035498,8.3,36.6506,4.0
Low Fat,FDX44,Fruits and Vegetables,2022.0,OUT018,Tier 3,Medium,Supermarket Type2,0.043142,9.3,90.4172,4.0
Low Fat,FDA43,Fruits and Vegetables,2022.0,OUT018,Tier 3,Medium,Supermarket Type2,0.064939,10.895,194.1794,4.0
Low Fat,FDY07,Fruits and Vegetables,2022.0,OUT018,Tier 3,Medium,Supermarket Type2,0.0,11.8,45.2402,4.0
Low Fat,FDW08,Fruits and Vegetables,2022.0,OUT018,Tier 3,Medium,Supermarket Type2,0.148986,12.1,106.528,4.0
Low Fat,FDM44,Fruits and Vegetables,2022.0,OUT018,Tier 3,Medium,Supermarket Type2,0.031176,12.5,103.099,4.0
Low Fat,FDH32,Fruits and Vegetables,2022.0,OUT018,Tier 3,Medium,Supermarket Type2,0.07637,12.8,97.241,4.0
Low Fat,FDD33,Fruits and Vegetables,2022.0,OUT018,Tier 3,Medium,Supermarket Type2,0.108633,12.85,233.8642,4.0
Low Fat,FDL56,Fruits and Vegetables,2022.0,OUT018,Tier 3,Medium,Supermarket Type2,0.126293,14.1,88.6198,4.0
Low Fat,FDB09,Fruits and Vegetables,2022.0,OUT018,Tier 3,Medium,Supermarket Type2,0.05763,16.25,123.9046,4.0
Low Fat,FDT44,Fruits and Vegetables,2022.0,OUT018,Tier 3,Medium,Supermarket Type2,0.103406,16.6,116.4466,4.0
Low Fat,FDY55,Fruits and Vegetables,2022.0,OUT018,Tier 3,Medium,Supermarket Type2,0.081651,16.75,258.3988,4.0
Low Fat,FDR43,Fruits and Vegetables,2022.0,OUT018,Tier 3,Medium,Supermarket Type2,0.162147,18.2,37.719,4.0
Low Fat,FDB32,Fruits and Vegetables,2022.0,OUT018,Tier 3,Medium,Supermarket Type2,0.023548,20.6,93.3778,4.0
Low Fat,DRG11,Hard Drinks,2022.0,OUT018,Tier 3,Medium,Supermarket Type2,0.08418,6.385,109.0596,4.0
Low Fat,DRI11,Hard Drinks,2022.0,OUT018,Tier 3,Medium,Supermarket Type2,0.034544,8.26,116.0834,4.0
Low Fat,DRM47,Hard Drinks,2022.0,OUT018,Tier 3,Medium,Supermarket Type2,0.043964,9.3,192.3846,4.0
Low Fat,DRJ11,Hard Drinks,2022.0,OUT018,Tier 3,Medium,Supermarket Type2,0.085438,9.5,188.4872,4.0
Low Fat,DRO47,Hard Drinks,2022.0,OUT018,Tier 3,Medium,Supermarket Type2,0.112682,10.195,113.986,4.0
Low Fat,DRI23,Hard Drinks,2022.0,OUT018,Tier 3,Medium,Supermarket Type2,0.137756,18.85,161.8578,4.0
Low Fat,NCN53,Health and Hygiene,2022.0,OUT018,Tier 3,Medium,Supermarket Type2,0.030479,5.175,33.2874,4.0
Low Fat,NCU17,Health and Hygiene,2022.0,OUT018,Tier 3,Medium,Supermarket Type2,0.093262,5.32,100.9674,4.0
Low Fat,NCH29,Health and Hygiene,2022.0,OUT018,Tier 3,Medium,Supermarket Type2,0.0,5.51,98.9726,4.0
Low Fat,NCL17,Health and Hygiene,2022.0,OUT018,Tier 3,Medium,Supermarket Type2,0.068056,7.39,140.7812,4.0
Low Fat,NCR29,Health and Hygiene,2022.0,OUT018,Tier 3,Medium,Supermarket Type2,0.054863,7.565,58.393,4.0
Low Fat,NCJ17,Health and Hygiene,2022.0,OUT018,Tier 3,Medium,Supermarket Type2,0.153178,7.68,85.2224,4.0
Low Fat,NCM17,Health and Hygiene,2022.0,OUT018,Tier 3,Medium,Supermarket Type2,0.071426,7.93,45.9086,4.0
Low Fat,NCN05,Health and Hygiene,2022.0,OUT018,Tier 3,Medium,Supermarket Type2,0.014519,8.235,182.195,4.0
Low Fat,NCR05,Health and Hygiene,2022.0,OUT018,Tier 3,Medium,Supermarket Type2,0.054853,10.1,198.6084,4.0
Low Fat,NCA53,Health and Hygiene,2022.0,OUT018,Tier 3,Medium,Supermarket Type2,0.009919,11.395,49.4034,4.0
Low Fat,NCZ17,Health and Hygiene,2022.0,OUT018,Tier 3,Medium,Supermarket Type2,0.079755,12.15,36.6506,4.0
Low Fat,NCY29,Health and Hygiene,2022.0,OUT018,Tier 3,Medium,Supermarket Type2,0.077549,13.65,55.093,4.0
Low Fat,NCW29,Health and Hygiene,2022.0,OUT018,Tier 3,Medium,Supermarket Type2,0.028981,14.0,129.531,4.0
Low Fat,NCM53,Health and Hygiene,2022.0,OUT018,Tier 3,Medium,Supermarket Type2,0.052253,18.75,105.728,4.0
Low Fat,NCX41,Health and Hygiene,2022.0,OUT018,Tier 3,Medium,Supermarket Type2,0.017791,19.0,211.9244,4.0
Low Fat,NCL05,Health and Hygiene,2022.0,OUT018,Tier 3,Medium,Supermarket Type2,0.048093,19.6,44.477,4.0
Low Fat,NCP05,Health and Hygiene,2022.0,OUT018,Tier 3,Medium,Supermarket Type2,0.0,19.6,150.3024,4.0
Low Fat,NCY53,Health and Hygiene,2022.0,OUT018,Tier 3,Medium,Supermarket Type2,0.05872,20.0,111.0544,4.0
Low Fat,NCK05,Health and Hygiene,2022.0,OUT018,Tier 3,Medium,Supermarket Type2,0.07777,20.1,63.0536,4.0
Low Fat,NCU30,Household,2022.0,OUT018,Tier 3,Medium,Supermarket Type2,0.0,5.11,164.721,4.0
Low Fat,NCB31,Household,2022.0,OUT018,Tier 3,Medium,Supermarket Type2,0.119158,6.235,263.791,4.0
Low Fat,NCY18,Household,2022.0,OUT018,Tier 3,Medium,Supermarket Type2,0.031279,7.285,176.0054,4.0
Low Fat,NCC43,Household,2022.0,OUT018,Tier 3,Medium,Supermarket Type2,0.093161,7.39,251.3066,4.0
Low Fat,NCE31,Household,2022.0,OUT018,Tier 3,Medium,Supermarket Type2,0.185597,7.67,35.7216,4.0
Low Fat,NCE07,Household,2022.0,OUT018,Tier 3,Medium,Supermarket Type2,0.013184,8.18,143.1154,4.0
Low Fat,NCH43,Household,2022.0,OUT018,Tier 3,Medium,Supermarket Type2,0.070856,8.42,217.4192,4.0
Low Fat,NCT54,Household,2022.0,OUT018,Tier 3,Medium,Supermarket Type2,0.120023,8.695,94.8094,4.0
Low Fat,NCU54,Household,2022.0,OUT018,Tier 3,Medium,Supermarket Type2,0.099024,8.88,208.527,4.0
Low Fat,NCH18,Household,2022.0,OUT018,Tier 3,Medium,Supermarket Type2,0.044843,9.3,246.1802,4.0
Low Fat,NCV06,Household,2022.0,OUT018,Tier 3,Medium,Supermarket Type2,0.066953,11.3,192.0478,4.0
Low Fat,NCG54,Household,2022.0,OUT018,Tier 3,Medium,Supermarket Type2,0.080131,12.1,170.9106,4.0
Low Fat,NCS18,Household,2022.0,OUT018,Tier 3,Medium,Supermarket Type2,0.042383,12.65,108.0938,4.0
Low Fat,NCX18,Household,2022.0,OUT018,Tier 3,Medium,Supermarket Type2,0.00883,14.15,196.811,4.0
Low Fat,NCZ54,Household,2022.0,OUT018,Tier 3,Medium,Supermarket Type2,0.083699,14.65,163.4552,4.0
Low Fat,NCG18,Household,2022.0,OUT018,Tier 3,Medium,Supermarket Type2,0.023072,15.3,101.8332,4.0
Low Fat,NCP54,Household,2022.0,OUT018,Tier 3,Medium,Supermarket Type2,0.035293,15.35,124.573,4.0
Low Fat,NCR18,Household,2022.0,OUT018,Tier 3,Medium,Supermarket Type2,0.020571,15.85,41.6112,4.0
Low Fat,NCD18,Household,2022.0,OUT018,Tier 3,Medium,Supermarket Type2,0.072965,16.0,231.3668,4.0
Low Fat,NCG06,Household,2022.0,OUT018,Tier 3,Medium,Supermarket Type2,0.029565,16.35,256.4646,4.0
Low Fat,NCX30,Household,2022.0,OUT018,Tier 3,Medium,Supermarket Type2,0.026729,16.7,248.4776,4.0
Low Fat,NCH30,Household,2022.0,OUT018,Tier 3,Medium,Supermarket Type2,0.0,17.1,114.686,4.0
Low Fat,NCW42,Household,2022.0,OUT018,Tier 3,Medium,Supermarket Type2,0.058707,18.2,220.5456,4.0
Low Fat,NCL18,Household,2022.0,OUT018,Tier 3,Medium,Supermarket Type2,0.168267,18.85,195.5136,4.0
Low Fat,NCC18,Household,2022.0,OUT018,Tier 3,Medium,Supermarket Type2,0.177992,19.1,173.1422,4.0
Low Fat,NCG42,Household,2022.0,OUT018,Tier 3,Medium,Supermarket Type2,0.041396,19.2,129.731,4.0
Low Fat,NCZ06,Household,2022.0,OUT018,Tier 3,Medium,Supermarket Type2,0.094545,19.6,254.7698,4.0
Low Fat,NCI43,Household,2022.0,OUT018,Tier 3,Medium,Supermarket Type2,0.026074,19.85,48.6376,4.0
Low Fat,NCI30,Household,2022.0,OUT018,Tier 3,Medium,Supermarket Type2,0.059176,20.25,245.046,4.0
Low Fat,NCN54,Household,2022.0,OUT018,Tier 3,Medium,Supermarket Type2,0.021413,20.35,76.2328,4.0
Low Fat,NCE54,Household,2022.0,OUT018,Tier 3,Medium,Supermarket Type2,0.0,20.7,74.3354,4.0
Low Fat,FDA39,Meat,2022.0,OUT018,Tier 3,Medium,Supermarket Type2,0.01277,6.32,39.9822,4.0
Low Fat,FDQ39,Meat,2022.0,OUT018,Tier 3,Medium,Supermarket Type2,0.081372,14.8,191.4846,4.0
Low Fat,FDX15,Meat,2022.0,OUT018,Tier 3,Medium,Supermarket Type2,0.156936,17.2,160.6578,4.0
Low Fat,FDH19,Meat,2022.0,OUT018,Tier 3,Medium,Supermarket Type2,0.033223,19.35,172.0738,4.0
Low Fat,FDT03,Meat,2022.0,OUT018,Tier 3,Medium,Supermarket Type2,0.010039,21.25,181.7608,4.0
Low Fat,NCM31,Others,2022.0,OUT018,Tier 3,Medium,Supermarket Type2,0.081527,6.095,140.3154,4.0
Low Fat,NCK07,Others,2022.0,OUT018,Tier 3,Medium,Supermarket Type2,0.048885,10.65,166.1526,4.0
Low Fat,NCM43,Others,2022.0,OUT018,Tier 3,Medium,Supermarket Type2,0.019555,14.5,162.421,4.0
Low Fat,NCP43,Others,2022.0,OUT018,Tier 3,Medium,Supermarket Type2,0.030631,17.75,178.566,4.0
Low Fat,NCQ43,Others,2022.0,OUT018,Tier 3,Medium,Supermarket Type2,0.0,17.75,108.6912,4.0
Low Fat,NCN07,Others,2022.0,OUT018,Tier 3,Medium,Supermarket Type2,0.034083,18.5,130.9284,4.0
Low Fat,FDR58,Snack Foods,2022.0,OUT018,Tier 3,Medium,Supermarket Type2,0.0,6.675,92.9462,4.0
Low Fat,FDZ46,Snack Foods,2022.0,OUT018,Tier 3,Medium,Supermarket Type2,0.069405,7.485,112.1228,4.0
Low Fat,FDD58,Snack Foods,2022.0,OUT018,Tier 3,Medium,Supermarket Type2,0.059594,7.76,99.67,4.0
Low Fat,FDT46,Snack Foods,2022.0,OUT018,Tier 3,Medium,Supermarket Type2,0.030933,11.35,51.5008,4.0
Low Fat,FDV09,Snack Foods,2022.0,OUT018,Tier 3,Medium,Supermarket Type2,0.020652,12.1,149.5734,4.0
Low Fat,FDH33,Snack Foods,2022.0,OUT018,Tier 3,Medium,Supermarket Type2,0.122221,12.85,45.9428,4.0
Low Fat,FDQ10,Snack Foods,2022.0,OUT018,Tier 3,Medium,Supermarket Type2,0.033314,12.85,171.6422,4.0
Low Fat,FDK34,Snack Foods,2022.0,OUT018,Tier 3,Medium,Supermarket Type2,0.0,13.35,238.7564,4.0
Low Fat,FDC47,Snack Foods,2022.0,OUT018,Tier 3,Medium,Supermarket Type2,0.119375,15.0,229.3694,4.0
Low Fat,FDJ09,Snack Foods,2022.0,OUT018,Tier 3,Medium,Supermarket Type2,0.058633,15.0,46.4744,4.0
Low Fat,FDP57,Snack Foods,2022.0,OUT018,Tier 3,Medium,Supermarket Type2,0.052658,17.5,103.699,4.0
Low Fat,FDO34,Snack Foods,2022.0,OUT018,Tier 3,Medium,Supermarket Type2,0.030061,17.7,166.4816,4.0
Low Fat,FDZ58,Snack Foods,2022.0,OUT018,Tier 3,Medium,Supermarket Type2,0.052389,17.85,120.9072,4.0
Low Fat,FDR09,Snack Foods,2022.0,OUT018,Tier 3,Medium,Supermarket Type2,0.078041,18.25,258.4962,4.0
Low Fat,FDJ22,Snack Foods,2022.0,OUT018,Tier 3,Medium,Supermarket Type2,0.053025,18.75,192.5504,4.0
Low Fat,FDM34,Snack Foods,2022.0,OUT018,Tier 3,Medium,Supermarket Type2,0.067722,19.0,130.8626,4.0
Low Fat,FDO57,Snack Foods,2022.0,OUT018,Tier 3,Medium,Supermarket Type2,0.109153,20.75,161.3578,4.0
Low Fat,FDH10,Snack Foods,2022.0,OUT018,Tier 3,Medium,Supermarket Type2,0.049506,21.0,195.3478,4.0
Low Fat,DRJ49,Soft Drinks,2022.0,OUT018,Tier 3,Medium,Supermarket Type2,0.01405,6.865,128.9652,4.0
Low Fat,DRF49,Soft Drinks,2022.0,OUT018,Tier 3,Medium,Supermarket Type2,0.071367,7.27,111.8518,4.0
Low Fat,DRK12,Soft Drinks,2022.0,OUT018,Tier 3,Medium,Supermarket Type2,0.042057,9.5,31.89,4.0
Low Fat,DRB25,Soft Drinks,2022.0,OUT018,Tier 3,Medium,Supermarket Type2,0.069743,12.3,106.2938,4.0
Low Fat,DRG37,Soft Drinks,2022.0,OUT018,Tier 3,Medium,Supermarket Type2,0.019457,16.2,153.9972,4.0
Low Fat,DRC24,Soft Drinks,2022.0,OUT018,Tier 3,Medium,Supermarket Type2,0.024922,17.85,153.4998,4.0
Low Fat,DRE49,Soft Drinks,2022.0,OUT018,Tier 3,Medium,Supermarket Type2,0.021337,20.75,153.6024,4.0
Low Fat,FDE59,Starchy Foods,2022.0,OUT018,Tier 3,Medium,Supermarket Type2,0.062542,12.15,34.3532,4.0
Low Fat,FDG59,Starchy Foods,2022.0,OUT018,Tier 3,Medium,Supermarket Type2,0.043411,15.85,39.4164,4.0
Regular,FDT12,Baking Goods,2022.0,OUT018,Tier 3,Medium,Supermarket Type2,0.049824,6.215,226.6062,4.0
Regular,FDG12,Baking Goods,2022.0,OUT018,Tier 3,Medium,Supermarket Type2,0.006352,6.635,120.3098,4.0
Regular,FDP48,Baking Goods,2022.0,OUT018,Tier 3,Medium,Supermarket Type2,0.044203,7.52,182.995,4.0
Regular,FDX36,Baking Goods,2022.0,OUT018,Tier 3,Medium,Supermarket Type2,0.128806,9.695,224.0404,4.0
Regular,FDL24,Baking Goods,2022.0,OUT018,Tier 3,Medium,Supermarket Type2,0.024998,10.3,174.4422,4.0
Regular,FDA47,Baking Goods,2022.0,OUT018,Tier 3,Medium,Supermarket Type2,0.117149,10.5,164.121,4.0
Regular,FDB12,Baking Goods,2022.0,OUT018,Tier 3,Medium,Supermarket Type2,0.105737,11.15,104.4648,4.0
Regular,FDT24,Baking Goods,2022.0,OUT018,Tier 3,Medium,Supermarket Type2,0.186616,12.35,78.6328,4.0
Regular,FDR12,Baking Goods,2022.0,OUT018,Tier 3,Medium,Supermarket Type2,0.031663,12.6,173.2764,4.0
Regular,FDX11,Baking Goods,2022.0,OUT018,Tier 3,Medium,Supermarket Type2,0.107187,16.0,181.9634,4.0
Regular,FDZ23,Baking Goods,2022.0,OUT018,Tier 3,Medium,Supermarket Type2,0.067778,17.75,186.924,4.0
Regular,FDP49,Breakfast,2022.0,OUT018,Tier 3,Medium,Supermarket Type2,0.0,9.0,55.2614,4.0
Regular,FDN49,Breakfast,2022.0,OUT018,Tier 3,Medium,Supermarket Type2,0.125735,17.25,41.748,4.0
Regular,FDO01,Breakfast,2022.0,OUT018,Tier 3,Medium,Supermarket Type2,0.020803,21.1,129.7994,4.0
Regular,FDR01,Canned,2022.0,OUT018,Tier 3,Medium,Supermarket Type2,0.05384,5.405,198.6742,4.0
Regular,FDS25,Canned,2022.0,OUT018,Tier 3,Medium,Supermarket Type2,0.140579,6.885,112.1228,4.0
Regular,FDH02,Canned,2022.0,OUT018,Tier 3,Medium,Supermarket Type2,0.020866,7.27,90.2488,4.0
Regular,FDI50,Canned,2022.0,OUT018,Tier 3,Medium,Supermarket Type2,0.030968,8.42,227.8352,4.0
Regular,FDR13,Canned,2022.0,OUT018,Tier 3,Medium,Supermarket Type2,0.028838,9.895,117.8492,4.0
Regular,FDL38,Canned,2022.0,OUT018,Tier 3,Medium,Supermarket Type2,0.014793,13.8,88.5172,4.0
Regular,FDA25,Canned,2022.0,OUT018,Tier 3,Medium,Supermarket Type2,0.068403,16.5,101.999,4.0
Regular,FDR25,Canned,2022.0,OUT018,Tier 3,Medium,Supermarket Type2,0.14009,17.0,265.1884,4.0
Regular,FDQ01,Canned,2022.0,OUT018,Tier 3,Medium,Supermarket Type2,0.161356,19.7,253.1014,4.0
Regular,FDT50,Dairy,2022.0,OUT018,Tier 3,Medium,Supermarket Type2,0.10868,6.75,95.6752,4.0
Regular,FDY02,Dairy,2022.0,OUT018,Tier 3,Medium,Supermarket Type2,0.088003,8.945,261.391,4.0
Regular,FDC16,Dairy,2022.0,OUT018,Tier 3,Medium,Supermarket Type2,0.020654,11.5,84.954,4.0
Regular,FDZ26,Dairy,2022.0,OUT018,Tier 3,Medium,Supermarket Type2,0.144604,11.6,240.8222,4.0
Regular,FDZ03,Dairy,2022.0,OUT018,Tier 3,Medium,Supermarket Type2,0.0,13.65,186.024,4.0
Regular,FDA02,Dairy,2022.0,OUT018,Tier 3,Medium,Supermarket Type2,0.029844,14.0,143.9786,4.0
Regular,FDL39,Dairy,2022.0,OUT018,Tier 3,Medium,Supermarket Type2,0.063589,16.1,179.4318,4.0
Regular,FDU26,Dairy,2022.0,OUT018,Tier 3,Medium,Supermarket Type2,0.042793,16.7,118.6782,4.0
Regular,FDY15,Dairy,2022.0,OUT018,Tier 3,Medium,Supermarket Type2,0.171524,18.25,155.863,4.0
Regular,FDV26,Dairy,2022.0,OUT018,Tier 3,Medium,Supermarket Type2,0.076471,20.25,196.1794,4.0
Regular,FDN28,Frozen Foods,2022.0,OUT018,Tier 3,Medium,Supermarket Type2,0.030371,5.88,101.799,4.0
Regular,FDS28,Frozen Foods,2022.0,OUT018,Tier 3,Medium,Supermarket Type2,0.082737,8.18,57.3588,4.0
Regular,FDS04,Frozen Foods,2022.0,OUT018,Tier 3,Medium,Supermarket Type2,0.0,10.195,139.5838,4.0
Regular,FDI40,Frozen Foods,2022.0,OUT018,Tier 3,Medium,Supermarket Type2,0.126115,11.5,99.3358,4.0
Regular,FDX52,Frozen Foods,2022.0,OUT018,Tier 3,Medium,Supermarket Type2,0.042174,11.5,194.682,4.0
Regular,FDH40,Frozen Foods,2022.0,OUT018,Tier 3,Medium,Supermarket Type2,0.079251,11.6,79.2276,4.0
Regular,FDO52,Frozen Foods,2022.0,OUT018,Tier 3,Medium,Supermarket Type2,0.077479,11.6,170.3106,4.0
Regular,FDN04,Frozen Foods,2022.0,OUT018,Tier 3,Medium,Supermarket Type2,0.014144,11.8,180.4344,4.0
Regular,FDC05,Frozen Foods,2022.0,OUT018,Tier 3,Medium,Supermarket Type2,0.099187,13.1,198.7768,4.0
Regular,FDP28,Frozen Foods,2022.0,OUT018,Tier 3,Medium,Supermarket Type2,0.080969,13.65,259.7936,4.0
Regular,FDW40,Frozen Foods,2022.0,OUT018,Tier 3,Medium,Supermarket Type2,0.105574,14.0,143.9812,4.0
Regular,FDS16,Frozen Foods,2022.0,OUT018,Tier 3,Medium,Supermarket Type2,0.066447,15.15,147.976,4.0
Regular,FDY40,Frozen Foods,2022.0,OUT018,Tier 3,Medium,Supermarket Type2,0.086185,15.5,50.9692,4.0
Regular,FDH28,Frozen Foods,2022.0,OUT018,Tier 3,Medium,Supermarket Type2,0.110479,15.85,36.7506,4.0
Regular,FDA28,Frozen Foods,2022.0,OUT018,Tier 3,Medium,Supermarket Type2,0.047997,16.1,127.0362,4.0
Regular,FDV28,Frozen Foods,2022.0,OUT018,Tier 3,Medium,Supermarket Type2,0.160379,16.1,33.6558,4.0
Regular,FDY04,Frozen Foods,2022.0,OUT018,Tier 3,Medium,Supermarket Type2,0.042649,17.7,162.721,4.0
Regular,FDI41,Frozen Foods,2022.0,OUT018,Tier 3,Medium,Supermarket Type2,0.062511,18.5,146.8418,4.0
Regular,FDX04,Frozen Foods,2022.0,OUT018,Tier 3,Medium,Supermarket Type2,0.041741,19.6,49.2376,4.0
Regular,FDE04,Frozen Foods,2022.0,OUT018,Tier 3,Medium,Supermarket Type2,0.018096,19.75,179.566,4.0
Regular,FDV52,Frozen Foods,2022.0,OUT018,Tier 3,Medium,Supermarket Type2,0.122016,20.7,117.7466,4.0
Regular,FDT07,Fruits and Vegetables,2022.0,OUT018,Tier 3,Medium,Supermarket Type2,0.077634,5.82,256.433,4.0
Regular,FDA07,Fruits and Vegetables,2022.0,OUT018,Tier 3,Medium,Supermarket Type2,0.031071,7.55,122.4072,4.0
Regular,FDD44,Fruits and Vegetables,2022.0,OUT018,Tier 3,Medium,Supermarket Type2,0.07872,8.05,258.5646,4.0
Regular,FDK08,Fruits and Vegetables,2022.0,OUT018,Tier 3,Medium,Supermarket Type2,0.122803,9.195,100.1016,4.0
Regular,FDZ43,Fruits and Vegetables,2022.0,OUT018,Tier 3,Medium,Supermarket Type2,0.057291,11.0,242.7512,4.0
Regular,FDO20,Fruits and Vegetables,2022.0,OUT018,Tier 3,Medium,Supermarket Type2,0.152748,12.85,252.0382,4.0
Regular,FDC21,Fruits and Vegetables,2022.0,OUT018,Tier 3,Medium,Supermarket Type2,0.043134,14.6,109.7254,4.0
Regular,FDZ31,Fruits and Vegetables,2022.0,OUT018,Tier 3,Medium,Supermarket Type2,0.113678,15.35,189.7504,4.0
Regular,FDT56,Fruits and Vegetables,2022.0,OUT018,Tier 3,Medium,Supermarket Type2,0.116063,16.0,59.1246,4.0
Regular,FDH20,Fruits and Vegetables,2022.0,OUT018,Tier 3,Medium,Supermarket Type2,0.025051,16.1,97.141,4.0
Regular,FDW32,Fruits and Vegetables,2022.0,OUT018,Tier 3,Medium,Supermarket Type2,0.094681,18.35,86.2882,4.0
Regular,FDX07,Fruits and Vegetables,2022.0,OUT018,Tier 3,Medium,Supermarket Type2,0.0,19.2,184.595,4.0
Regular,FDJ20,Fruits and Vegetables,2022.0,OUT018,Tier 3,Medium,Supermarket Type2,0.100583,20.7,123.5388,4.0
Regular,FDP31,Fruits and Vegetables,2022.0,OUT018,Tier 3,Medium,Supermarket Type2,0.162163,21.1,62.2168,4.0
Regular,FDR51,Meat,2022.0,OUT018,Tier 3,Medium,Supermarket Type2,0.174176,9.035,148.9708,4.0
Regular,FDT51,Meat,2022.0,OUT018,Tier 3,Medium,Supermarket Type2,0.010963,11.65,110.9544,4.0
Regular,FDJ55,Meat,2022.0,OUT018,Tier 3,Medium,Supermarket Type2,0.023627,12.8,223.2404,4.0
Regular,FDO15,Meat,2022.0,OUT018,Tier 3,Medium,Supermarket Type2,0.008601,16.75,73.7038,4.0
Regular,FDJ27,Meat,2022.0,OUT018,Tier 3,Medium,Supermarket Type2,0.122373,17.7,101.5674,4.0
Regular,FDU03,Meat,2022.0,OUT018,Tier 3,Medium,Supermarket Type2,0.091951,18.7,184.2292,4.0
Regular,FDZ39,Meat,2022.0,OUT018,Tier 3,Medium,Supermarket Type2,0.018098,19.7,104.599,4.0
Regular,FDG33,Seafood,2022.0,OUT018,Tier 3,Medium,Supermarket Type2,0.140812,5.365,173.5764,4.0
Regular,FDI09,Seafood,2022.0,OUT018,Tier 3,Medium,Supermarket Type2,0.129864,20.75,240.188,4.0
Regular,FDG10,Snack Foods,2022.0,OUT018,Tier 3,Medium,Supermarket Type2,0.010984,6.63,55.4588,4.0
Regular,FDC22,Snack Foods,2022.0,OUT018,Tier 3,Medium,Supermarket Type2,0.136984,6.89,192.682,4.0
Regular,FDU33,Snack Foods,2022.0,OUT018,Tier 3,Medium,Supermarket Type2,0.135259,7.63,47.2402,4.0
Regular,FDT33,Snack Foods,2022.0,OUT018,Tier 3,Medium,Supermarket Type2,0.034129,7.81,165.1158,4.0
Regular,FDJ33,Snack Foods,2022.0,OUT018,Tier 3,Medium,Supermarket Type2,0.088682,8.895,121.973,4.0
Regular,FDV33,Snack Foods,2022.0,OUT018,Tier 3,Medium,Supermarket Type2,0.027455,9.6,258.1304,4.0
Regular,FDB46,Snack Foods,2022.0,OUT018,Tier 3,Medium,Supermarket Type2,0.094146,10.5,210.8244,4.0
Regular,FDB58,Snack Foods,2022.0,OUT018,Tier 3,Medium,Supermarket Type2,0.013551,10.5,142.0154,4.0
Regular,FDV34,Snack Foods,2022.0,OUT018,Tier 3,Medium,Supermarket Type2,0.011472,10.695,75.2038,4.0
Regular,FDM09,Snack Foods,2022.0,OUT018,Tier 3,Medium,Supermarket Type2,0.086282,11.15,170.579,4.0
Regular,FDG34,Snack Foods,2022.0,OUT018,Tier 3,Medium,Supermarket Type2,0.037723,11.5,109.5254,4.0
Regular,FDJ34,Snack Foods,2022.0,OUT018,Tier 3,Medium,Supermarket Type2,0.094037,11.8,124.5704,4.0
Regular,FDO22,Snack Foods,2022.0,OUT018,Tier 3,Medium,Supermarket Type2,0.017932,13.5,78.796,4.0
Regular,FDN58,Snack Foods,2022.0,OUT018,Tier 3,Medium,Supermarket Type2,0.057104,13.8,232.6984,4.0
Regular,FDP22,Snack Foods,2022.0,OUT018,Tier 3,Medium,Supermarket Type2,0.099536,14.65,52.2666,4.0
Regular,FDN22,Snack Foods,2022.0,OUT018,Tier 3,Medium,Supermarket Type2,0.138869,18.85,251.8724,4.0
Regular,FDR22,Snack Foods,2022.0,OUT018,Tier 3,Medium,Supermarket Type2,0.018638,19.35,110.2544,4.0
Regular,DRA59,Soft Drinks,2022.0,OUT018,Tier 3,Medium,Supermarket Type2,0.128449,8.27,186.5924,4.0
Regular,FDE11,Starchy Foods,2022.0,OUT018,Tier 3,Medium,Supermarket Type2,0.135646,17.7,186.0924,4.0
Regular,FDG35,Starchy Foods,2022.0,OUT018,Tier 3,Medium,Supermarket Type2,0.00707,21.2,175.7738,4.0
Regular,FDN50,Canned,2022.0,OUT018,Tier 3,Medium,Supermarket Type2,0.026628,16.85,93.712,4.0
Regular,FDH26,Canned,2022.0,OUT018,Tier 3,Medium,Supermarket Type2,0.034841,19.25,141.1496,4.0
Regular,FDG56,Fruits and Vegetables,2022.0,OUT018,Tier 3,Medium,Supermarket Type2,0.071744,13.3,59.7536,4.0
Regular,FDM15,Meat,2022.0,OUT018,Tier 3,Medium,Supermarket Type2,0.057655,11.8,152.6366,4.0
Regular,FDX57,Snack Foods,2022.0,OUT018,Tier 3,Medium,Supermarket Type2,0.047459,17.25,95.8068,4.0
Regular,FDD10,Snack Foods,2022.0,OUT018,Tier 3,Medium,Supermarket Type2,0.046208,20.6,178.0344,4.0
Low Fat,FDW36,Baking Goods,2018.0,OUT027,Tier 3,Medium,Supermarket Type3,0.056657,12.6,106.2622,4.0
Low Fat,FDS47,Breads,2018.0,OUT027,Tier 3,Medium,Supermarket Type3,0.0,12.6,87.6856,4.0
Low Fat,FDU08,Fruits and Vegetables,2018.0,OUT027,Tier 3,Medium,Supermarket Type3,0.027183,12.6,99.7042,4.0
Low Fat,NCP29,Health and Hygiene,2018.0,OUT027,Tier 3,Medium,Supermarket Type3,0.0,12.6,64.2168,4.0
Low Fat,NCS29,Health and Hygiene,2018.0,OUT027,Tier 3,Medium,Supermarket Type3,0.069209,12.6,264.0884,4.0
Low Fat,NCE43,Household,2018.0,OUT027,Tier 3,Medium,Supermarket Type3,0.102941,12.6,171.2448,4.0
Low Fat,NCJ30,Household,2018.0,OUT027,Tier 3,Medium,Supermarket Type3,0.08025,12.6,168.679,4.0
Low Fat,NCY06,Household,2018.0,OUT027,Tier 3,Medium,Supermarket Type3,0.060889,12.6,130.1968,4.0
Low Fat,FDS51,Meat,2018.0,OUT027,Tier 3,Medium,Supermarket Type3,0.032025,12.6,62.7194,4.0
Low Fat,NCJ31,Others,2018.0,OUT027,Tier 3,Medium,Supermarket Type3,0.181769,12.6,240.6196,4.0
Low Fat,FDA57,Snack Foods,2018.0,OUT027,Tier 3,Medium,Supermarket Type3,0.039452,12.6,39.548,4.0
Low Fat,FDU34,Snack Foods,2018.0,OUT027,Tier 3,Medium,Supermarket Type3,0.074831,12.6,125.9046,4.0
Low Fat,DRG36,Soft Drinks,2018.0,OUT027,Tier 3,Medium,Supermarket Type3,0.094916,12.6,172.3106,4.0
Low Fat,DRM37,Soft Drinks,2018.0,OUT027,Tier 3,Medium,Supermarket Type3,0.095931,12.6,198.5768,4.0
Low Fat,FDF12,Baking Goods,2018.0,OUT027,Tier 3,Medium,Supermarket Type3,0.082029,12.6,148.6076,4.0
Low Fat,FDG60,Baking Goods,2018.0,OUT027,Tier 3,Medium,Supermarket Type3,0.060406,12.6,234.5616,4.0
Low Fat,FDL36,Baking Goods,2018.0,OUT027,Tier 3,Medium,Supermarket Type3,0.075707,12.6,88.183,4.0
Low Fat,FDP24,Baking Goods,2018.0,OUT027,Tier 3,Medium,Supermarket Type3,0.082602,12.6,120.9756,4.0
Low Fat,FDQ12,Baking Goods,2018.0,OUT027,Tier 3,Medium,Supermarket Type3,0.035239,12.6,231.601,4.0
Low Fat,FDR60,Baking Goods,2018.0,OUT027,Tier 3,Medium,Supermarket Type3,0.129784,12.6,78.2328,4.0
Low Fat,FDU36,Baking Goods,2018.0,OUT027,Tier 3,Medium,Supermarket Type3,0.0,12.6,100.1384,4.0
Low Fat,FDY36,Baking Goods,2018.0,OUT027,Tier 3,Medium,Supermarket Type3,0.009365,12.6,74.238,4.0
Low Fat,FDR47,Breads,2018.0,OUT027,Tier 3,Medium,Supermarket Type3,0.087045,12.6,196.7794,4.0
Low Fat,FDT59,Breads,2018.0,OUT027,Tier 3,Medium,Supermarket Type3,0.015834,12.6,228.5668,4.0
Low Fat,FDW11,Breads,2018.0,OUT027,Tier 3,Medium,Supermarket Type3,0.048546,12.6,60.1194,4.0
Low Fat,FDQ37,Breakfast,2018.0,OUT027,Tier 3,Medium,Supermarket Type3,0.088828,12.6,192.2478,4.0
Low Fat,FDA49,Canned,2018.0,OUT027,Tier 3,Medium,Supermarket Type3,0.064607,12.6,87.4198,4.0
Low Fat,FDE02,Canned,2018.0,OUT027,Tier 3,Medium,Supermarket Type3,0.120663,12.6,95.6778,4.0
Low Fat,FDI26,Canned,2018.0,OUT027,Tier 3,Medium,Supermarket Type3,0.034718,12.6,179.4344,4.0
Low Fat,FDL26,Canned,2018.0,OUT027,Tier 3,Medium,Supermarket Type3,0.072838,12.6,155.2972,4.0
Low Fat,FDO25,Canned,2018.0,OUT027,Tier 3,Medium,Supermarket Type3,0.126832,12.6,209.027,4.0
Low Fat,FDQ13,Canned,2018.0,OUT027,Tier 3,Medium,Supermarket Type3,0.01059,12.6,84.6908,4.0
Low Fat,FDT49,Canned,2018.0,OUT027,Tier 3,Medium,Supermarket Type3,0.150672,12.6,104.728,4.0
Low Fat,FDW25,Canned,2018.0,OUT027,Tier 3,Medium,Supermarket Type3,0.037218,12.6,86.8224,4.0
Low Fat,FDW37,Canned,2018.0,OUT027,Tier 3,Medium,Supermarket Type3,0.12345,12.6,89.7488,4.0
Low Fat,FDX01,Canned,2018.0,OUT027,Tier 3,Medium,Supermarket Type3,0.024047,12.6,115.515,4.0
Low Fat,FDX37,Canned,2018.0,OUT027,Tier 3,Medium,Supermarket Type3,0.062724,12.6,100.57,4.0
Low Fat,DRF03,Dairy,2018.0,OUT027,Tier 3,Medium,Supermarket Type3,0.045089,12.6,39.7138,4.0
Low Fat,DRH39,Dairy,2018.0,OUT027,Tier 3,Medium,Supermarket Type3,0.092241,12.6,75.867,4.0
Low Fat,DRJ39,Dairy,2018.0,OUT027,Tier 3,Medium,Supermarket Type3,0.03615,12.6,219.5482,4.0
Low Fat,FDA15,Dairy,2018.0,OUT027,Tier 3,Medium,Supermarket Type3,0.015945,12.6,249.5092,4.0
Low Fat,FDM39,Dairy,2018.0,OUT027,Tier 3,Medium,Supermarket Type3,0.053212,12.6,177.6002,4.0
Low Fat,FDV38,Dairy,2018.0,OUT027,Tier 3,Medium,Supermarket Type3,0.101281,12.6,55.0956,4.0
Low Fat,FDX26,Dairy,2018.0,OUT027,Tier 3,Medium,Supermarket Type3,0.087383,12.6,180.4292,4.0
Low Fat,FDX50,Dairy,2018.0,OUT027,Tier 3,Medium,Supermarket Type3,0.074266,12.6,109.5228,4.0
Low Fat,FDY27,Dairy,2018.0,OUT027,Tier 3,Medium,Supermarket Type3,0.031744,12.6,179.1344,4.0
Low Fat,FDZ15,Dairy,2018.0,OUT027,Tier 3,Medium,Supermarket Type3,0.02077,12.6,117.5782,4.0
Low Fat,FDC28,Frozen Foods,2018.0,OUT027,Tier 3,Medium,Supermarket Type3,0.054721,12.6,107.8254,4.0
Low Fat,FDC41,Frozen Foods,2018.0,OUT027,Tier 3,Medium,Supermarket Type3,0.116347,12.6,76.867,4.0
Low Fat,FDD53,Frozen Foods,2018.0,OUT027,Tier 3,Medium,Supermarket Type3,0.044008,12.6,43.7454,4.0
Low Fat,FDE16,Frozen Foods,2018.0,OUT027,Tier 3,Medium,Supermarket Type3,0.026216,12.6,207.5954,4.0
Low Fat,FDE29,Frozen Foods,2018.0,OUT027,Tier 3,Medium,Supermarket Type3,0.142436,12.6,62.3878,4.0
Low Fat,FDF05,Frozen Foods,2018.0,OUT027,Tier 3,Medium,Supermarket Type3,0.026741,12.6,261.291,4.0
Low Fat,FDF41,Frozen Foods,2018.0,OUT027,Tier 3,Medium,Supermarket Type3,0.130545,12.6,248.046,4.0
Low Fat,FDG40,Frozen Foods,2018.0,OUT027,Tier 3,Medium,Supermarket Type3,0.039631,12.6,31.9558,4.0
Low Fat,FDJ28,Frozen Foods,2018.0,OUT027,Tier 3,Medium,Supermarket Type3,0.0,12.6,190.9162,4.0
Low Fat,FDJ53,Frozen Foods,2018.0,OUT027,Tier 3,Medium,Supermarket Type3,0.070913,12.6,121.5098,4.0
Low Fat,FDK04,Frozen Foods,2018.0,OUT027,Tier 3,Medium,Supermarket Type3,0.052059,12.6,55.5588,4.0
Low Fat,FDK16,Frozen Foods,2018.0,OUT027,Tier 3,Medium,Supermarket Type3,0.114771,12.6,93.9094,4.0
Low Fat,FDK40,Frozen Foods,2018.0,OUT027,Tier 3,Medium,Supermarket Type3,0.021744,12.6,263.191,4.0
Low Fat,FDL40,Frozen Foods,2018.0,OUT027,Tier 3,Medium,Supermarket Type3,0.011557,12.6,94.741,4.0
Low Fat,FDO28,Frozen Foods,2018.0,OUT027,Tier 3,Medium,Supermarket Type3,0.071948,12.6,121.6098,4.0
Low Fat,FDP04,Frozen Foods,2018.0,OUT027,Tier 3,Medium,Supermarket Type3,0.013746,12.6,62.0168,4.0
Low Fat,FDQ52,Frozen Foods,2018.0,OUT027,Tier 3,Medium,Supermarket Type3,0.118807,12.6,248.8434,4.0
Low Fat,FDS40,Frozen Foods,2018.0,OUT027,Tier 3,Medium,Supermarket Type3,0.013952,12.6,36.719,4.0
Low Fat,FDS52,Frozen Foods,2018.0,OUT027,Tier 3,Medium,Supermarket Type3,0.005448,12.6,102.1016,4.0
Low Fat,FDA43,Fruits and Vegetables,2018.0,OUT027,Tier 3,Medium,Supermarket Type3,0.064363,12.6,193.7794,4.0
Low Fat,FDA44,Fruits and Vegetables,2018.0,OUT027,Tier 3,Medium,Supermarket Type3,0.052965,12.6,57.793,4.0
Low Fat,FDB21,Fruits and Vegetables,2018.0,OUT027,Tier 3,Medium,Supermarket Type3,0.0,12.6,242.9854,4.0
Low Fat,FDC45,Fruits and Vegetables,2018.0,OUT027,Tier 3,Medium,Supermarket Type3,0.135076,12.6,170.3106,4.0
Low Fat,FDD09,Fruits and Vegetables,2018.0,OUT027,Tier 3,Medium,Supermarket Type3,0.021392,12.6,182.0976,4.0
Low Fat,FDE21,Fruits and Vegetables,2018.0,OUT027,Tier 3,Medium,Supermarket Type3,0.0,12.6,115.3492,4.0
Low Fat,FDF20,Fruits and Vegetables,2018.0,OUT027,Tier 3,Medium,Supermarket Type3,0.033059,12.6,196.4768,4.0
Low Fat,FDH57,Fruits and Vegetables,2018.0,OUT027,Tier 3,Medium,Supermarket Type3,0.035574,12.6,131.4284,4.0
Low Fat,FDI32,Fruits and Vegetables,2018.0,OUT027,Tier 3,Medium,Supermarket Type3,0.173529,12.6,113.2834,4.0
Low Fat,FDI44,Fruits and Vegetables,2018.0,OUT027,Tier 3,Medium,Supermarket Type3,0.099747,12.6,75.2328,4.0
Low Fat,FDI56,Fruits and Vegetables,2018.0,OUT027,Tier 3,Medium,Supermarket Type3,0.092933,12.6,91.0146,4.0
Low Fat,FDK44,Fruits and Vegetables,2018.0,OUT027,Tier 3,Medium,Supermarket Type3,0.121636,12.6,175.4738,4.0
Low Fat,FDL56,Fruits and Vegetables,2018.0,OUT027,Tier 3,Medium,Supermarket Type3,0.125172,12.6,88.9198,4.0
Low Fat,FDN44,Fruits and Vegetables,2018.0,OUT027,Tier 3,Medium,Supermarket Type3,0.022685,12.6,161.592,4.0
Low Fat,FDS55,Fruits and Vegetables,2018.0,OUT027,Tier 3,Medium,Supermarket Type3,0.080771,12.6,146.4734,4.0
Low Fat,FDU55,Fruits and Vegetables,2018.0,OUT027,Tier 3,Medium,Supermarket Type3,0.035737,12.6,260.6278,4.0
Low Fat,FDV08,Fruits and Vegetables,2018.0,OUT027,Tier 3,Medium,Supermarket Type3,0.028456,12.6,43.5454,4.0
Low Fat,FDW56,Fruits and Vegetables,2018.0,OUT027,Tier 3,Medium,Supermarket Type3,0.070557,12.6,191.2162,4.0
Low Fat,FDX20,Fruits and Vegetables,2018.0,OUT027,Tier 3,Medium,Supermarket Type3,0.042354,12.6,227.272,4.0
Low Fat,FDX44,Fruits and Vegetables,2018.0,OUT027,Tier 3,Medium,Supermarket Type3,0.042758,12.6,88.4172,4.0
Low Fat,FDZ19,Fruits and Vegetables,2018.0,OUT027,Tier 3,Medium,Supermarket Type3,0.093002,12.6,177.7712,4.0
Low Fat,FDZ55,Fruits and Vegetables,2018.0,OUT027,Tier 3,Medium,Supermarket Type3,0.025286,12.6,158.792,4.0
Low Fat,DRH11,Hard Drinks,2018.0,OUT027,Tier 3,Medium,Supermarket Type3,0.075192,12.6,56.0614,4.0
Low Fat,DRI59,Hard Drinks,2018.0,OUT027,Tier 3,Medium,Supermarket Type3,0.040637,12.6,224.6088,4.0
Low Fat,DRK35,Hard Drinks,2018.0,OUT027,Tier 3,Medium,Supermarket Type3,0.071499,12.6,37.7506,4.0
Low Fat,NCD42,Health and Hygiene,2018.0,OUT027,Tier 3,Medium,Supermarket Type3,0.0,12.6,37.3506,4.0
Low Fat,NCK53,Health and Hygiene,2018.0,OUT027,Tier 3,Medium,Supermarket Type3,0.0,12.6,100.8042,4.0
Low Fat,NCL05,Health and Hygiene,2018.0,OUT027,Tier 3,Medium,Supermarket Type3,0.047666,12.6,42.177,4.0
Low Fat,NCM29,Health and Hygiene,2018.0,OUT027,Tier 3,Medium,Supermarket Type3,0.017557,12.6,129.9626,4.0
Low Fat,NCP05,Health and Hygiene,2018.0,OUT027,Tier 3,Medium,Supermarket Type3,0.025164,12.6,152.6024,4.0
Low Fat,NCP53,Health and Hygiene,2018.0,OUT027,Tier 3,Medium,Supermarket Type3,0.032731,12.6,235.6906,4.0
Low Fat,NCQ05,Health and Hygiene,2018.0,OUT027,Tier 3,Medium,Supermarket Type3,0.0,12.6,152.0708,4.0
Low Fat,NCR05,Health and Hygiene,2018.0,OUT027,Tier 3,Medium,Supermarket Type3,0.054366,12.6,199.6084,4.0
Low Fat,NCR17,Health and Hygiene,2018.0,OUT027,Tier 3,Medium,Supermarket Type3,0.024265,12.6,114.0492,4.0
Low Fat,NCR29,Health and Hygiene,2018.0,OUT027,Tier 3,Medium,Supermarket Type3,0.054376,12.6,56.293,4.0
Low Fat,NCR41,Health and Hygiene,2018.0,OUT027,Tier 3,Medium,Supermarket Type3,0.017937,12.6,93.7094,4.0
Low Fat,NCS17,Health and Hygiene,2018.0,OUT027,Tier 3,Medium,Supermarket Type3,0.080112,12.6,94.6436,4.0
Low Fat,NCS41,Health and Hygiene,2018.0,OUT027,Tier 3,Medium,Supermarket Type3,0.053185,12.6,182.9608,4.0
Low Fat,NCT17,Health and Hygiene,2018.0,OUT027,Tier 3,Medium,Supermarket Type3,0.041663,12.6,188.6214,4.0
Low Fat,NCW41,Health and Hygiene,2018.0,OUT027,Tier 3,Medium,Supermarket Type3,0.015376,12.6,156.9604,4.0
Low Fat,NCX05,Health and Hygiene,2018.0,OUT027,Tier 3,Medium,Supermarket Type3,0.096592,12.6,117.4492,4.0
Low Fat,NCB31,Household,2018.0,OUT027,Tier 3,Medium,Supermarket Type3,0.1181,12.6,262.891,4.0
Low Fat,NCB43,Household,2018.0,OUT027,Tier 3,Medium,Supermarket Type3,0.099428,12.6,187.8898,4.0
Low Fat,NCC07,Household,2018.0,OUT027,Tier 3,Medium,Supermarket Type3,0.023835,12.6,103.3964,4.0
Low Fat,NCD18,Household,2018.0,OUT027,Tier 3,Medium,Supermarket Type3,0.072317,12.6,230.2668,4.0
Low Fat,NCD31,Household,2018.0,OUT027,Tier 3,Medium,Supermarket Type3,0.01536,12.6,163.7526,4.0
Low Fat,NCD54,Household,2018.0,OUT027,Tier 3,Medium,Supermarket Type3,0.028868,12.6,146.3786,4.0
Low Fat,NCE31,Household,2018.0,OUT027,Tier 3,Medium,Supermarket Type3,0.183948,12.6,33.6216,4.0
Low Fat,NCF18,Household,2018.0,OUT027,Tier 3,Medium,Supermarket Type3,0.088552,12.6,191.5504,4.0
Low Fat,NCG06,Household,2018.0,OUT027,Tier 3,Medium,Supermarket Type3,0.029303,12.6,256.1646,4.0
Low Fat,NCH18,Household,2018.0,OUT027,Tier 3,Medium,Supermarket Type3,0.044445,12.6,245.2802,4.0
Low Fat,NCH30,Household,2018.0,OUT027,Tier 3,Medium,Supermarket Type3,0.066829,12.6,114.186,4.0
Low Fat,NCH42,Household,2018.0,OUT027,Tier 3,Medium,Supermarket Type3,0.03636,12.6,231.601,4.0
Low Fat,NCI54,Household,2018.0,OUT027,Tier 3,Medium,Supermarket Type3,0.033436,12.6,107.3912,4.0
Low Fat,NCI55,Household,2018.0,OUT027,Tier 3,Medium,Supermarket Type3,0.012592,12.6,123.3414,4.0
Low Fat,NCJ43,Household,2018.0,OUT027,Tier 3,Medium,Supermarket Type3,0.026938,12.6,174.1396,4.0
Low Fat,NCK42,Household,2018.0,OUT027,Tier 3,Medium,Supermarket Type3,0.013056,12.6,215.9192,4.0
Low Fat,NCM06,Household,2018.0,OUT027,Tier 3,Medium,Supermarket Type3,0.075361,12.6,155.6656,4.0
Low Fat,NCM18,Household,2018.0,OUT027,Tier 3,Medium,Supermarket Type3,0.082441,12.6,61.3194,4.0
Low Fat,NCO42,Household,2018.0,OUT027,Tier 3,Medium,Supermarket Type3,0.024536,12.6,144.6102,4.0
Low Fat,NCQ06,Household,2018.0,OUT027,Tier 3,Medium,Supermarket Type3,0.041622,12.6,253.6014,4.0
Low Fat,NCS38,Household,2018.0,OUT027,Tier 3,Medium,Supermarket Type3,0.0,12.6,115.2176,4.0
Low Fat,NCS54,Household,2018.0,OUT027,Tier 3,Medium,Supermarket Type3,0.009945,12.6,177.837,4.0
Low Fat,NCV06,Household,2018.0,OUT027,Tier 3,Medium,Supermarket Type3,0.066358,12.6,195.2478,4.0
Low Fat,NCW18,Household,2018.0,OUT027,Tier 3,Medium,Supermarket Type3,0.059038,12.6,237.7248,4.0
Low Fat,NCW42,Household,2018.0,OUT027,Tier 3,Medium,Supermarket Type3,0.058186,12.6,220.8456,4.0
Low Fat,NCX30,Household,2018.0,OUT027,Tier 3,Medium,Supermarket Type3,0.026492,12.6,247.2776,4.0
Low Fat,NCY18,Household,2018.0,OUT027,Tier 3,Medium,Supermarket Type3,0.031001,12.6,177.0054,4.0
Low Fat,NCY54,Household,2018.0,OUT027,Tier 3,Medium,Supermarket Type3,0.176834,12.6,172.1422,4.0
Low Fat,FDJ07,Meat,2018.0,OUT027,Tier 3,Medium,Supermarket Type3,0.014354,12.6,115.515,4.0
Low Fat,FDN27,Meat,2018.0,OUT027,Tier 3,Medium,Supermarket Type3,0.039371,12.6,116.9808,4.0
Low Fat,FDP39,Meat,2018.0,OUT027,Tier 3,Medium,Supermarket Type3,0.069089,12.6,52.3324,4.0
Low Fat,NCN43,Others,2018.0,OUT027,Tier 3,Medium,Supermarket Type3,0.006727,12.6,125.173,4.0
Low Fat,NCP50,Others,2018.0,OUT027,Tier 3,Medium,Supermarket Type3,0.02046,12.6,81.7618,4.0
Low Fat,FDF33,Seafood,2018.0,OUT027,Tier 3,Medium,Supermarket Type3,0.0,12.6,109.4596,4.0
Low Fat,FDA46,Snack Foods,2018.0,OUT027,Tier 3,Medium,Supermarket Type3,0.117066,12.6,196.1136,4.0
Low Fat,FDB22,Snack Foods,2018.0,OUT027,Tier 3,Medium,Supermarket Type3,0.110901,12.6,155.0998,4.0
Low Fat,FDF46,Snack Foods,2018.0,OUT027,Tier 3,Medium,Supermarket Type3,0.093218,12.6,116.7834,4.0
Low Fat,FDH33,Snack Foods,2018.0,OUT027,Tier 3,Medium,Supermarket Type3,0.0,12.6,44.1428,4.0
Low Fat,FDI22,Snack Foods,2018.0,OUT027,Tier 3,Medium,Supermarket Type3,0.095747,12.6,208.6612,4.0
Low Fat,FDI33,Snack Foods,2018.0,OUT027,Tier 3,Medium,Supermarket Type3,0.028281,12.6,90.2146,4.0
Low Fat,FDJ22,Snack Foods,2018.0,OUT027,Tier 3,Medium,Supermarket Type3,0.052555,12.6,190.3504,4.0
Low Fat,FDJ46,Snack Foods,2018.0,OUT027,Tier 3,Medium,Supermarket Type3,0.044606,12.6,174.2054,4.0
Low Fat,FDK09,Snack Foods,2018.0,OUT027,Tier 3,Medium,Supermarket Type3,0.091319,12.6,230.7352,4.0
Low Fat,FDK22,Snack Foods,2018.0,OUT027,Tier 3,Medium,Supermarket Type3,0.02596,12.6,214.885,4.0
Low Fat,FDL22,Snack Foods,2018.0,OUT027,Tier 3,Medium,Supermarket Type3,0.036214,12.6,92.5488,4.0
Low Fat,FDL34,Snack Foods,2018.0,OUT027,Tier 3,Medium,Supermarket Type3,0.040748,12.6,140.2496,4.0
Low Fat,FDL45,Snack Foods,2018.0,OUT027,Tier 3,Medium,Supermarket Type3,0.037505,12.6,126.2704,4.0
Low Fat,FDM46,Snack Foods,2018.0,OUT027,Tier 3,Medium,Supermarket Type3,0.159193,12.6,92.712,4.0
Low Fat,FDN10,Snack Foods,2018.0,OUT027,Tier 3,Medium,Supermarket Type3,0.0459,12.6,118.9124,4.0
Low Fat,FDQ09,Snack Foods,2018.0,OUT027,Tier 3,Medium,Supermarket Type3,0.057851,12.6,113.2834,4.0
Low Fat,FDQ10,Snack Foods,2018.0,OUT027,Tier 3,Medium,Supermarket Type3,0.033019,12.6,170.4422,4.0
Low Fat,FDQ33,Snack Foods,2018.0,OUT027,Tier 3,Medium,Supermarket Type3,0.0,12.6,151.6708,4.0
Low Fat,FDQ57,Snack Foods,2018.0,OUT027,Tier 3,Medium,Supermarket Type3,0.027812,12.6,147.476,4.0
Low Fat,FDR09,Snack Foods,2018.0,OUT027,Tier 3,Medium,Supermarket Type3,0.077348,12.6,259.7962,4.0
Low Fat,FDR46,Snack Foods,2018.0,OUT027,Tier 3,Medium,Supermarket Type3,0.138743,12.6,147.476,4.0
Low Fat,FDS57,Snack Foods,2018.0,OUT027,Tier 3,Medium,Supermarket Type3,0.102941,12.6,142.047,4.0
Low Fat,FDT58,Snack Foods,2018.0,OUT027,Tier 3,Medium,Supermarket Type3,0.085538,12.6,169.2816,4.0
Low Fat,FDX58,Snack Foods,2018.0,OUT027,Tier 3,Medium,Supermarket Type3,0.043552,12.6,184.495,4.0
Low Fat,FDY21,Snack Foods,2018.0,OUT027,Tier 3,Medium,Supermarket Type3,0.172641,12.6,195.111,4.0
Low Fat,FDY46,Snack Foods,2018.0,OUT027,Tier 3,Medium,Supermarket Type3,0.047658,12.6,188.3898,4.0
Low Fat,FDZ33,Snack Foods,2018.0,OUT027,Tier 3,Medium,Supermarket Type3,0.106877,12.6,146.7076,4.0
Low Fat,DRB01,Soft Drinks,2018.0,OUT027,Tier 3,Medium,Supermarket Type3,0.081841,12.6,190.053,4.0
Low Fat,DRB25,Soft Drinks,2018.0,OUT027,Tier 3,Medium,Supermarket Type3,0.069123,12.6,106.0938,4.0
Low Fat,DRD24,Soft Drinks,2018.0,OUT027,Tier 3,Medium,Supermarket Type3,0.030646,12.6,141.7154,4.0
Low Fat,DRE48,Soft Drinks,2018.0,OUT027,Tier 3,Medium,Supermarket Type3,0.017242,12.6,197.0768,4.0
Low Fat,DRF25,Soft Drinks,2018.0,OUT027,Tier 3,Medium,Supermarket Type3,0.038737,12.6,37.319,4.0
Low Fat,DRG49,Soft Drinks,2018.0,OUT027,Tier 3,Medium,Supermarket Type3,0.067129,12.6,242.8486,4.0
Low Fat,DRJ01,Soft Drinks,2018.0,OUT027,Tier 3,Medium,Supermarket Type3,0.114475,12.6,160.9236,4.0
Low Fat,DRK37,Soft Drinks,2018.0,OUT027,Tier 3,Medium,Supermarket Type3,0.043792,12.6,189.053,4.0
Low Fat,DRK49,Soft Drinks,2018.0,OUT027,Tier 3,Medium,Supermarket Type3,0.03577,12.6,40.9138,4.0
Low Fat,FDA22,Starchy Foods,2018.0,OUT027,Tier 3,Medium,Supermarket Type3,0.0,12.6,167.5158,4.0
Low Fat,FDD11,Starchy Foods,2018.0,OUT027,Tier 3,Medium,Supermarket Type3,0.030468,12.6,254.704,4.0
Low Fat,FDG59,Starchy Foods,2018.0,OUT027,Tier 3,Medium,Supermarket Type3,0.043025,12.6,37.6164,4.0
Regular,FDA47,Baking Goods,2018.0,OUT027,Tier 3,Medium,Supermarket Type3,0.116109,12.6,164.121,4.0
Regular,FDB37,Baking Goods,2018.0,OUT027,Tier 3,Medium,Supermarket Type3,0.02283,12.6,241.0538,4.0
Regular,FDH60,Baking Goods,2018.0,OUT027,Tier 3,Medium,Supermarket Type3,0.080346,12.6,195.711,4.0
Regular,FDR24,Baking Goods,2018.0,OUT027,Tier 3,Medium,Supermarket Type3,0.062547,12.6,88.383,4.0
Regular,FDV48,Baking Goods,2018.0,OUT027,Tier 3,Medium,Supermarket Type3,0.051367,12.6,77.0644,4.0
Regular,FDZ59,Baking Goods,2018.0,OUT027,Tier 3,Medium,Supermarket Type3,0.103518,12.6,164.95,4.0
Regular,FDQ59,Breads,2018.0,OUT027,Tier 3,Medium,Supermarket Type3,0.0,12.6,84.5908,4.0
Regular,FDS11,Breads,2018.0,OUT027,Tier 3,Medium,Supermarket Type3,0.055289,12.6,222.5088,4.0
Regular,FDY35,Breads,2018.0,OUT027,Tier 3,Medium,Supermarket Type3,0.01595,12.6,47.7402,4.0
Regular,FDM01,Breakfast,2018.0,OUT027,Tier 3,Medium,Supermarket Type3,0.094109,12.6,102.9332,4.0
Regular,FDP49,Breakfast,2018.0,OUT027,Tier 3,Medium,Supermarket Type3,0.068754,12.6,54.5614,4.0
Regular,FDR37,Breakfast,2018.0,OUT027,Tier 3,Medium,Supermarket Type3,0.065929,12.6,183.0292,4.0
Regular,FDA01,Canned,2018.0,OUT027,Tier 3,Medium,Supermarket Type3,0.054115,12.6,58.4904,4.0
Regular,FDB26,Canned,2018.0,OUT027,Tier 3,Medium,Supermarket Type3,0.031116,12.6,55.264,4.0
Regular,FDC14,Canned,2018.0,OUT027,Tier 3,Medium,Supermarket Type3,0.041049,12.6,41.2454,4.0
Regular,FDG14,Canned,2018.0,OUT027,Tier 3,Medium,Supermarket Type3,0.050256,12.6,150.9024,4.0
Regular,FDH26,Canned,2018.0,OUT027,Tier 3,Medium,Supermarket Type3,0.034532,12.6,142.2496,4.0
Regular,FDL38,Canned,2018.0,OUT027,Tier 3,Medium,Supermarket Type3,0.014662,12.6,89.1172,4.0
Regular,FDS25,Canned,2018.0,OUT027,Tier 3,Medium,Supermarket Type3,0.139331,12.6,109.5228,4.0
Regular,FDU37,Canned,2018.0,OUT027,Tier 3,Medium,Supermarket Type3,0.104002,12.6,79.796,4.0
Regular,FDZ37,Canned,2018.0,OUT027,Tier 3,Medium,Supermarket Type3,0.019673,12.6,86.4198,4.0
Regular,FDZ49,Canned,2018.0,OUT027,Tier 3,Medium,Supermarket Type3,0.132501,12.6,220.3798,4.0
Regular,FDA26,Dairy,2018.0,OUT027,Tier 3,Medium,Supermarket Type3,0.073562,12.6,217.6482,4.0
Regular,FDA51,Dairy,2018.0,OUT027,Tier 3,Medium,Supermarket Type3,0.163882,12.6,113.2518,4.0
Regular,FDB40,Dairy,2018.0,OUT027,Tier 3,Medium,Supermarket Type3,0.007503,12.6,146.7102,4.0
Regular,FDD52,Dairy,2018.0,OUT027,Tier 3,Medium,Supermarket Type3,0.182407,12.6,109.157,4.0
Regular,FDE52,Dairy,2018.0,OUT027,Tier 3,Medium,Supermarket Type3,0.029742,12.6,88.9514,4.0
Regular,FDJ15,Dairy,2018.0,OUT027,Tier 3,Medium,Supermarket Type3,0.02321,12.6,183.3608,4.0
Regular,FDK03,Dairy,2018.0,OUT027,Tier 3,Medium,Supermarket Type3,0.073562,12.6,254.9356,4.0
Regular,FDS02,Dairy,2018.0,OUT027,Tier 3,Medium,Supermarket Type3,0.0,12.6,196.4794,4.0
Regular,FDT14,Dairy,2018.0,OUT027,Tier 3,Medium,Supermarket Type3,0.127109,12.6,120.744,4.0
Regular,FDU26,Dairy,2018.0,OUT027,Tier 3,Medium,Supermarket Type3,0.042413,12.6,119.0782,4.0
Regular,FDV26,Dairy,2018.0,OUT027,Tier 3,Medium,Supermarket Type3,0.075792,12.6,193.3794,4.0
Regular,FDY02,Dairy,2018.0,OUT027,Tier 3,Medium,Supermarket Type3,0.087221,12.6,263.991,4.0
Regular,FDY15,Dairy,2018.0,OUT027,Tier 3,Medium,Supermarket Type3,0.170001,12.6,155.963,4.0
Regular,FDY26,Dairy,2018.0,OUT027,Tier 3,Medium,Supermarket Type3,0.030363,12.6,210.5244,4.0
Regular,FDZ14,Dairy,2018.0,OUT027,Tier 3,Medium,Supermarket Type3,0.047358,12.6,123.1756,4.0
Regular,FDA04,Frozen Foods,2018.0,OUT027,Tier 3,Medium,Supermarket Type3,0.066407,12.6,259.7962,4.0
Regular,FDG17,Frozen Foods,2018.0,OUT027,Tier 3,Medium,Supermarket Type3,0.035667,12.6,246.2486,4.0
Regular,FDH52,Frozen Foods,2018.0,OUT027,Tier 3,Medium,Supermarket Type3,0.04369,12.6,60.2194,4.0
Regular,FDI04,Frozen Foods,2018.0,OUT027,Tier 3,Medium,Supermarket Type3,0.072559,12.6,199.3426,4.0
Regular,FDP52,Frozen Foods,2018.0,OUT027,Tier 3,Medium,Supermarket Type3,0.070349,12.6,228.601,4.0
Regular,FDR52,Frozen Foods,2018.0,OUT027,Tier 3,Medium,Supermarket Type3,0.075676,12.6,190.4846,4.0
Regular,FDS16,Frozen Foods,2018.0,OUT027,Tier 3,Medium,Supermarket Type3,0.0,12.6,145.276,4.0
Regular,FDU28,Frozen Foods,2018.0,OUT027,Tier 3,Medium,Supermarket Type3,0.093464,12.6,189.1214,4.0
Regular,FDV28,Frozen Foods,2018.0,OUT027,Tier 3,Medium,Supermarket Type3,0.158955,12.6,34.9558,4.0
Regular,FDW52,Frozen Foods,2018.0,OUT027,Tier 3,Medium,Supermarket Type3,0.037341,12.6,163.1526,4.0
Regular,FDZ16,Frozen Foods,2018.0,OUT027,Tier 3,Medium,Supermarket Type3,0.159082,12.6,193.5478,4.0
Regular,FDA07,Fruits and Vegetables,2018.0,OUT027,Tier 3,Medium,Supermarket Type3,0.030795,12.6,122.9072,4.0
Regular,FDF21,Fruits and Vegetables,2018.0,OUT027,Tier 3,Medium,Supermarket Type3,0.058543,12.6,188.353,4.0
Regular,FDF56,Fruits and Vegetables,2018.0,OUT027,Tier 3,Medium,Supermarket Type3,0.118884,12.6,180.3976,4.0
Regular,FDG09,Fruits and Vegetables,2018.0,OUT027,Tier 3,Medium,Supermarket Type3,0.047704,12.6,187.2556,4.0
Regular,FDN56,Fruits and Vegetables,2018.0,OUT027,Tier 3,Medium,Supermarket Type3,0.106539,12.6,145.4786,4.0
Regular,FDQ32,Fruits and Vegetables,2018.0,OUT027,Tier 3,Medium,Supermarket Type3,0.046383,12.6,122.8388,4.0
Regular,FDQ55,Fruits and Vegetables,2018.0,OUT027,Tier 3,Medium,Supermarket Type3,0.012975,12.6,115.9834,4.0
Regular,FDR44,Fruits and Vegetables,2018.0,OUT027,Tier 3,Medium,Supermarket Type3,0.102422,12.6,131.4968,4.0
Regular,FDT55,Fruits and Vegetables,2018.0,OUT027,Tier 3,Medium,Supermarket Type3,0.043444,12.6,158.1946,4.0
Regular,FDT56,Fruits and Vegetables,2018.0,OUT027,Tier 3,Medium,Supermarket Type3,0.115033,12.6,58.0246,4.0
Regular,FDU20,Fruits and Vegetables,2018.0,OUT027,Tier 3,Medium,Supermarket Type3,0.021354,12.6,122.1098,4.0
Regular,FDW07,Fruits and Vegetables,2018.0,OUT027,Tier 3,Medium,Supermarket Type3,0.141998,12.6,90.5514,4.0
Regular,FDW31,Fruits and Vegetables,2018.0,OUT027,Tier 3,Medium,Supermarket Type3,0.042949,12.6,199.5742,4.0
Regular,FDX56,Fruits and Vegetables,2018.0,OUT027,Tier 3,Medium,Supermarket Type3,0.073701,12.6,207.1638,4.0
Regular,FDY08,Fruits and Vegetables,2018.0,OUT027,Tier 3,Medium,Supermarket Type3,0.170247,12.6,141.5838,4.0
Regular,FDY44,Fruits and Vegetables,2018.0,OUT027,Tier 3,Medium,Supermarket Type3,0.024286,12.6,194.711,4.0
Regular,FDM15,Meat,2018.0,OUT027,Tier 3,Medium,Supermarket Type3,0.057144,12.6,151.8366,4.0
Regular,FDM27,Meat,2018.0,OUT027,Tier 3,Medium,Supermarket Type3,0.157702,12.6,158.7946,4.0
Regular,FDO15,Meat,2018.0,OUT027,Tier 3,Medium,Supermarket Type3,0.008525,12.6,72.5038,4.0
Regular,FDU27,Meat,2018.0,OUT027,Tier 3,Medium,Supermarket Type3,0.170646,12.6,46.3376,4.0
Regular,FDW27,Meat,2018.0,OUT027,Tier 3,Medium,Supermarket Type3,0.150123,12.6,154.5314,4.0
Regular,FDX03,Meat,2018.0,OUT027,Tier 3,Medium,Supermarket Type3,0.0608,12.6,44.4744,4.0
Regular,FDY03,Meat,2018.0,OUT027,Tier 3,Medium,Supermarket Type3,0.075753,12.6,111.1202,4.0
Regular,FDG22,Snack Foods,2018.0,OUT027,Tier 3,Medium,Supermarket Type3,0.041181,12.6,37.919,4.0
Regular,FDG46,Snack Foods,2018.0,OUT027,Tier 3,Medium,Supermarket Type3,0.03275,12.6,112.1518,4.0
Regular,FDJ21,Snack Foods,2018.0,OUT027,Tier 3,Medium,Supermarket Type3,0.038342,12.6,146.2102,4.0
Regular,FDK58,Snack Foods,2018.0,OUT027,Tier 3,Medium,Supermarket Type3,0.044765,12.6,102.4016,4.0
Regular,FDN34,Snack Foods,2018.0,OUT027,Tier 3,Medium,Supermarket Type3,0.045543,12.6,170.7132,4.0
Regular,FDP21,Snack Foods,2018.0,OUT027,Tier 3,Medium,Supermarket Type3,0.025616,12.6,188.1872,4.0
Regular,FDR22,Snack Foods,2018.0,OUT027,Tier 3,Medium,Supermarket Type3,0.018473,12.6,109.9544,4.0
Regular,FDS09,Snack Foods,2018.0,OUT027,Tier 3,Medium,Supermarket Type3,0.080696,12.6,51.3008,4.0
Regular,FDS34,Snack Foods,2018.0,OUT027,Tier 3,Medium,Supermarket Type3,0.076387,12.6,112.1518,4.0
Regular,FDU09,Snack Foods,2018.0,OUT027,Tier 3,Medium,Supermarket Type3,0.066275,12.6,54.1956,4.0
Regular,FDU33,Snack Foods,2018.0,OUT027,Tier 3,Medium,Supermarket Type3,0.134057,12.6,45.3402,4.0
Regular,FDU57,Snack Foods,2018.0,OUT027,Tier 3,Medium,Supermarket Type3,0.089121,12.6,149.8708,4.0
Regular,FDU58,Snack Foods,2018.0,OUT027,Tier 3,Medium,Supermarket Type3,0.028871,12.6,188.7898,4.0
Regular,FDX46,Snack Foods,2018.0,OUT027,Tier 3,Medium,Supermarket Type3,0.057835,12.6,57.5562,4.0
Regular,FDX57,Snack Foods,2018.0,OUT027,Tier 3,Medium,Supermarket Type3,0.047037,12.6,96.4068,4.0
Regular,FDY33,Snack Foods,2018.0,OUT027,Tier 3,Medium,Supermarket Type3,0.09673,12.6,159.0262,4.0
Regular,DRY23,Soft Drinks,2018.0,OUT027,Tier 3,Medium,Supermarket Type3,0.108568,12.6,42.9112,4.0
Low Fat,FDA11,Baking Goods,2018.0,OUT027,Tier 3,Medium,Supermarket Type3,0.043029,12.6,94.7436,4.0
Low Fat,FDK38,Canned,2018.0,OUT027,Tier 3,Medium,Supermarket Type3,0.053032,12.6,149.1734,4.0
Low Fat,FDO38,Canned,2018.0,OUT027,Tier 3,Medium,Supermarket Type3,0.072486,12.6,78.9986,4.0
Low Fat,FDG32,Fruits and Vegetables,2018.0,OUT027,Tier 3,Medium,Supermarket Type3,0.175143,12.6,222.3772,4.0
Low Fat,NCT53,Health and Hygiene,2018.0,OUT027,Tier 3,Medium,Supermarket Type3,0.0,12.6,164.5526,4.0
Low Fat,FDN09,Snack Foods,2018.0,OUT027,Tier 3,Medium,Supermarket Type3,0.034706,12.6,241.6828,4.0
Low Fat,DRE13,Soft Drinks,2018.0,OUT027,Tier 3,Medium,Supermarket Type3,0.027571,12.6,86.6198,4.0
Regular,FDT50,Dairy,2018.0,OUT027,Tier 3,Medium,Supermarket Type3,0.107715,12.6,97.8752,4.0
Regular,FDM58,Snack Foods,2018.0,OUT027,Tier 3,Medium,Supermarket Type3,0.0,12.6,112.2544,4.0
